[532.810915969492,384.811381339569,112.744069706507].
[532.810915969492,384.916339691519,112.744069706507].
[532.810915969492,384.984064447851,112.744069706507].
[532.810915969492,385.002172848471,112.744069706507].
[532.810915969492,385.002172848471,112.744069706507].
[532.810915969492,385.002172848471,112.744069706507].
[532.810915969492,385.002172848471,112.744069706507].
[532.810915969492,385.002172848471,112.744069706507].
[532.810915969492,385.002172848471,112.744069706507].
[532.810915969492,385.002172848471,112.744069706507].
[532.810915969492,385.002172848471,112.744069706507].
[532.810915969492,385.002172848471,112.744069706507].
[532.810915969492,385.002172848471,112.744069706507].
[532.810915969492,385.002172848471,112.744069706507].
[532.810915969492,385.002172848471,112.744069706507].
[532.810915969492,385.002172848471,112.744069706507].
[532.810915969492,385.002172848471,112.744069706507].
[532.810915969492,385.002172848471,112.744069706507].
[532.810915969492,385.002172848471,112.744069706507].
[532.810915969492,385.002172848471,112.744069706507].
[532.810915969492,385.002172848471,112.744069706507].
[532.810915969492,385.002172848471,112.744069706507].
[532.810915969492,385.002172848471,112.744069706507].
[532.855765737115,385.063702951084,112.698901264329].
[533.05676845048,385.339461739461,112.496470350693].
[533.388165899473,385.794111119441,112.162718197534].
[533.589168612838,386.069869907818,111.960287283898].
[533.634018380462,386.131400010431,111.91511884172].
[533.634018380462,386.131400010431,111.91511884172].
[533.634018380462,386.131400010431,111.91511884172].
[533.634018380462,386.131400010431,111.91511884172].
[533.634018380462,386.131400010431,111.91511884172].
[533.634018380462,386.131400010431,111.91511884172].
[533.634018380462,386.131400010431,111.91511884172].
[533.634018380462,386.131400010431,111.91511884172].
[533.611593351602,386.100634760131,111.937703208887].
[533.511091344861,385.962754474118,112.038919320382].
[533.3453915486,385.735428313757,112.205796476342].
[533.244889541859,385.597548027743,112.307012587837].
[533.222464513,385.566782777443,112.329596955005].
[533.222464513,385.566782777443,112.329596955005].
[533.200188075607,385.536127670872,112.352181030016].
[533.100277703348,385.398686026795,112.454314853876].
[532.93534284017,385.171927285473,112.62530862067].
[532.834957720982,385.034134319938,112.733314125852].
[532.81234826599,385.00323277422,112.760016970458].
[532.81227395972,385.003177786213,112.760935992178].
[532.81227395972,385.003177786213,112.760935992178].
[532.81234826599,385.00323277422,112.761858878627].
[532.812681283589,385.003479213367,112.765994968742].
[532.813230336788,385.003885522831,112.772814228493].
[532.813563354387,385.004131961979,112.776950318608].
[532.813637660657,385.004186949985,112.777873205057].
[532.813637660657,385.004186949985,112.777873205057].
[532.813637660657,385.004186949985,112.777873205057].
[532.813637660657,385.004186949985,112.777873205057].
[532.813637660657,385.004186949985,112.777873205057].
[532.813637660657,385.004186949985,112.777873205057].
[532.813637660657,385.004186949985,112.777873205057].
[532.813637660657,385.004186949985,112.777873205057].
[532.791209733082,384.973420302515,112.800405677303].
[532.690694735198,384.835533754819,112.901389211893].
[532.524973520161,384.608197270688,113.067882913362].
[532.424458522277,384.470310722992,113.168866447952].
[532.402030594702,384.439544075522,113.191398920197].
[532.402030594702,384.439544075522,113.191398920197].
[532.426449129052,384.390708252301,113.254680924908].
[532.535885407563,384.171841277132,113.538291193771].
[532.716315327729,383.810990639718,114.005885476634].
[532.82575160624,383.592123664549,114.289495745496].
[532.850170140591,383.543287841328,114.352777750207].
[532.850170140591,383.543287841328,114.352777750207].
[532.850170140591,383.543287841328,114.352777750207].
[532.850170140591,383.543287841328,114.352777750207].
[532.850170140591,383.543287841328,114.352777750207].
[532.850170140591,383.543287841328,114.352777750207].
[532.850170140591,383.543287841328,114.352777750207].
[532.850170140591,383.543287841328,114.352777750207].
[532.896986825608,383.525229701275,114.393501860641].
[533.106804651161,383.444298732372,114.576014661273].
[533.452735763122,383.310866122481,114.876927397849].
[533.662553588675,383.229935153578,115.05944019848].
[533.709370273692,383.211877013525,115.100164308914].
[533.709370273692,383.211877013525,115.100164308914].
[533.709370273692,383.211877013525,115.100164308914].
[533.709465316781,383.211949741506,115.101353332036].
[533.709986714048,383.212348720236,115.10787619885].
[533.711116741734,383.213213429429,115.122013250492].
[533.712247934138,383.214079029877,115.136164873169].
[533.759581220262,383.196452330118,115.183717283527].
[533.96946674357,383.115735095021,115.368714772485].
[534.315352110206,382.982534459019,115.671755436843].
[534.525142189816,382.90174418939,115.855558890916].
[534.571952683877,382.883717443589,115.896570985059].
[534.618733254159,382.865702221452,115.937556862072].
[534.828389224696,382.784963597298,116.121242819116].
[535.17405348285,382.651848110288,116.424089763625].
[535.383709453387,382.571109486133,116.607775720669].
[535.430490023669,382.553094263996,116.648761597682].
[535.408204338314,382.522458378992,116.671212334279].
[535.308209272941,382.385065194776,116.77182955511].
[535.143012258136,382.158279589223,116.937719307293].
[535.042266140737,382.020294310516,117.038336528124].
[535.019453619867,381.989243092892,117.060787264722].
[535.019336066974,381.989150419658,117.060787264722].
[534.972548564547,381.989150419658,117.042266663349].
[534.762861526291,381.989150419658,116.959263086601].
[534.417146046129,381.976417559566,116.822413324072].
[534.231959517393,381.90154134499,116.781843030694].
[534.294975680703,381.727631946488,116.953495211621].
[534.476127834552,381.538957093266,117.267037122907].
[534.631266029977,381.507859093109,117.413881657318].
[534.857462480988,381.765494184768,117.262131205689].
[535.189105614135,382.219628830587,116.941976351372].
[535.390057137641,382.495075416915,116.747792616374].
[535.434869485353,382.556535857834,116.704464368485].
[535.434869485353,382.556535857834,116.704464368485].
[535.434869485353,382.556535857834,116.704464368485].
[535.434749918381,382.556441896296,116.702943585307].
[535.434214056387,382.556020789899,116.696127907961].
[535.433330569321,382.555326502823,116.684890755746].
[535.432794707328,382.554905396425,116.6780750784].
[535.432675140356,382.554811434887,116.676554295222].
[535.432794707328,382.554905396425,116.6780750784].
[535.433330569321,382.555326502823,116.684890755746].
[535.434214056387,382.556020789899,116.696127907961].
[535.434749918381,382.556441896296,116.702943585307].
[535.434869485353,382.556535857834,116.704464368485].
[535.434869485353,382.556535857834,116.704464368485].
[535.481642732912,382.538552652651,116.745739127519].
[535.691265885281,382.457957518533,116.930719763965].
[536.036876035423,382.325078606596,117.235701273941].
[536.246499187792,382.244483472477,117.420681910387].
[536.315671816609,382.23923925105,117.461956669421].
[536.416058878776,382.296331415316,117.461956669421].
[536.628305015797,382.390460480932,117.480820956725].
[536.938147636521,382.447552645198,117.565364826954].
[537.305880852441,382.460291628954,117.704754104108].
[537.537728910717,382.491002412876,117.766914078982].
[537.684820984289,382.628638597521,117.685460707118].
[537.850280420905,382.855562302764,117.520064848622].
[537.950636642151,382.993198487409,117.419747189454].
[537.97302914187,383.023909271331,117.397363294099].
[537.973174401964,383.024025804261,117.39926010974].
[537.973825412541,383.024548068617,117.40776104767].
[537.974898747527,383.025409136971,117.421776724856].
[537.975549758104,383.025931401328,117.430277662786].
[537.975695018199,383.026047934257,117.432174478428].
[537.975695018199,383.026047934257,117.432174478428].
[537.975695018199,383.026047934257,117.432174478428].
[537.930907499346,382.964625160596,117.476889234975].
[537.730183765619,382.689347387209,117.677286870673].
[537.399246276288,382.235491066875,118.007686715247].
[537.292103874155,381.924462847037,118.292984330453].
[537.666718786298,381.702817688258,118.718194397232].
[538.358196495263,381.438655633871,119.345525108612].
[538.777598926258,381.278433248752,119.726020418843].
[538.871180257853,381.242682802301,119.810920398351].
[538.917853276514,381.22491546127,119.852403557364].
[539.127027234126,381.145139784736,120.038318177713].
[539.472072803971,381.013192711835,120.347175999081].
[539.728688245218,380.914726827515,120.585176004995].
[539.985744450505,380.816769772375,120.830425199793].
[540.331252215391,380.685504727493,121.148386188242].
[540.540510821747,380.605978206675,121.337224627228].
[540.587163453472,380.588233441349,121.378838849856].
[540.587163453472,380.588233441349,121.378838849856].
[540.51813636944,380.575444270697,121.378838849856].
[540.208778441376,380.51812718437,121.381344159734].
[539.698733445118,380.392945553432,121.3930154569].
[539.413853228623,380.180408578633,121.457564820082].
[539.454527637,379.861522146423,121.669490485185].
[539.635394820962,379.593127108645,121.999476679918].
[539.745096313371,379.483057151082,122.197342201771].
[539.769574024941,379.465343243495,122.241393058822].
[539.769574024941,379.465343243495,122.241393058822].
[539.769574024941,379.465343243495,122.241393058822].
[539.769574024941,379.465343243495,122.241393058822].
[539.769574024941,379.465343243495,122.241393058822].
[539.769574024941,379.465343243495,122.241393058822].
[539.722896385906,379.470385396286,122.199634909463].
[539.444610192616,379.492982757341,121.992963809517].
[538.790059750661,379.530239507175,121.596909742325].
[538.07034390522,379.55283686823,121.265498338193].
[537.691636891535,379.527186727081,121.158501270551].
[537.522233392213,379.389633408787,121.238747860378].
[537.35684691237,379.16284632706,121.403241850248].
[537.256534941642,379.025293008765,121.503012498442].
[537.256534941642,379.025293008765,121.503012498442].
[537.35684691237,379.16284632706,121.403241850248].
[537.522233392213,379.389633408787,121.238747860378].
[537.622545362941,379.496494433141,121.161239052893].
[537.622545362941,379.389633408787,121.238747860378].
[537.522233392213,379.16284632706,121.403241850248].
[537.35684691237,379.025293008765,121.503012498442].
[537.256534941642,378.994600714825,121.525274339152].
[537.234152315549,378.994600714825,121.525274339152].
[537.234152315549,378.994600714825,121.525274339152].
[537.234152315549,378.994600714825,121.525274339152].
[537.234152315549,378.994600714825,121.525274339152].
[537.234152315549,378.994600714825,121.525274339152].
[537.234314097241,378.994600714825,121.52736316786].
[537.281600846608,378.976894809688,121.576406767897].
[537.491471296276,378.897542448151,121.76968416051].
[537.836243321496,378.76656573111,122.072259046524].
[538.045080138862,378.686555499323,122.252190795337].
[538.091641832991,378.66776494951,122.291872914582].
[538.114017114554,378.697789090097,122.271894153306].
[538.214470084528,378.835296970372,122.182355557259].
[538.380581728833,379.0626688425,122.034731369407].
[538.482320507617,379.201413571075,121.94519277336].
[538.528459931886,379.246264117813,121.925214012085].
[538.629426660246,379.305069236533,121.927499241422].
[538.841135523838,379.400639176523,121.957618399757].
[539.150889811284,379.458350856612,122.063588732012].
[539.519450775565,379.471195035102,122.220706167605].
[539.729528131647,379.471195035102,122.312076041423].
[539.776402725753,379.471195035102,122.331953512413].
[539.776402725753,379.471195035102,122.331953512413].
[539.776402725753,379.471195035102,122.331953512413].
[539.776402725753,379.471195035102,122.331953512413].
[539.776402725753,379.471195035102,122.331953512413].
[539.776402725753,379.471195035102,122.331953512413].
[539.776402725753,379.471195035102,122.331953512413].
[539.776402725753,379.471195035102,122.331953512413].
[539.776402725753,379.471195035102,122.331953512413].
[539.776402725753,379.471195035102,122.331953512413].
[539.79877315487,379.501868151515,122.309760498606].
[539.899030462539,379.639335522094,122.210298311188].
[540.064326818237,379.865980899994,122.046312887162].
[540.186954635256,380.034121496998,121.924657606339].
[540.309582731624,380.202262477028,121.803002048384].
[540.474879680171,380.428908667812,121.639016036209].
[540.575137347423,380.56637653143,121.539553492061].
[540.619499697916,380.627401189884,121.490070611838].
[540.718060292004,380.763426871081,121.367766272522].
[540.88055923993,380.987695305033,121.166120506792].
[540.979119834019,381.12372098623,121.043816167475].
[541.001111675162,381.154072418259,121.016526380657].
[541.001111675162,381.154072418259,121.016526380657].
[541.001111675162,381.154072418259,121.016526380657].
[541.001111675162,381.154072418259,121.016526380657].
[541.001111675162,381.154233029392,121.016526380657].
[540.954814167397,381.172834186781,120.97952224458].
[540.747323132865,381.254159594377,120.813681212368].
[540.405048815158,381.387005688731,120.537862209148].
[540.196753606088,381.46730494279,120.36129485533].
[540.080048628077,381.472386110933,120.286872786942].
[539.769642154438,381.415019683737,120.187708319141].
[539.259014822859,381.320438434996,120.039505100511].
[538.949412523758,381.263072007801,119.951066954316].
[538.858113042539,381.219716781432,119.953569021638].
[538.758539454534,381.082778564464,120.055399320328].
[538.594370361991,380.857005613379,120.229461186786].
[538.494796773986,380.720067396412,120.34521109661].
[538.519301747201,380.671650611599,120.419324552206].
[538.728699005835,380.591599853247,120.610245396138].
[539.073936720171,380.459618465218,120.921428641679].
[539.283333978804,380.379567706867,121.110170820889].
[539.330056822658,380.361705968336,121.152284893563].
[539.330056822658,380.361705968336,121.152284893563].
[539.330056822658,380.361705968336,121.152284893563].
[539.330056822658,380.361705968336,121.152284893563].
[539.283333978804,380.379567706867,121.110170820889].
[539.073936720171,380.459618465218,120.921428641679].
[538.728699005835,380.591599853247,120.610245396138].
[538.519301747201,380.671650611599,120.421503216929].
[538.472578903348,380.68951235013,120.379389144255].
[538.472578903348,380.68951235013,120.379389144255].
[538.519301747201,380.671650611599,120.421503216929].
[538.728699005835,380.591599853247,120.610245396138].
[539.073936720171,380.459618465218,120.921428641679].
[539.283333978804,380.379567706867,121.110170820889].
[539.330056822658,380.361705968336,121.152284893563].
[539.376748052888,380.343856315419,121.194370471001].
[539.586003629091,380.263859721034,121.382984943426].
[539.93100774859,380.131967634288,121.693957636074].
[540.140263324793,380.051971039902,121.882572108498].
[540.186954555023,380.034121386986,121.924657685936].
[540.186954555023,380.034121386986,121.924657685936].
[540.186954555023,380.034121386986,121.924657685936].
[540.186954555023,380.034121386986,121.924657685936].
[540.186954555023,380.034121386986,121.924657685936].
[540.186954555023,380.034121386986,121.924657685936].
[540.209325064373,380.06479461341,121.902464592532].
[540.309582731624,380.202262477028,121.803002048384].
[540.474879680171,380.428908667812,121.639016036209].
[540.575137347423,380.56637653143,121.539553492061].
[540.597507856772,380.597049757855,121.517360398657].
[540.597507856772,380.597049757855,121.517360398657].
[540.597507856772,380.597049757855,121.517360398657].
[540.597507856772,380.597049757855,121.517360398657].
[540.597507856772,380.597049757855,121.517360398657].
[540.597507856772,380.597049757855,121.517360398657].
[540.597507856772,380.597049757855,121.517360398657].
[540.597507856772,380.597049757855,121.517360398657].
[540.597507856772,380.597049757855,121.517360398657].
[540.597507856772,380.597049757855,121.517360398657].
[540.597507856772,380.597049757855,121.517360398657].
[540.597507856772,380.597049757855,121.517360398657].
[540.597507856772,380.597049757855,121.517360398657].
[540.550824113528,380.597049757855,121.497467914623].
[540.341602091666,380.614909823386,121.386115306742].
[539.996653293923,380.694953083871,121.13963208313].
[539.765053275726,380.796238470971,120.908638767424].
[539.618078310889,380.738767201738,120.88874628339].
[539.452726040586,380.529904137093,121.030587670819].
[539.352434818993,380.392389607374,121.130084213958].
[539.330056822658,380.361705968336,121.152284893563].
[539.330056822658,380.361705968336,121.152284893563].
[539.330056822658,380.361705968336,121.152284893563].
[539.330056822658,380.361705968336,121.152284893563].
[539.330056822658,380.361705968336,121.152284893563].
[539.330056822658,380.361705968336,121.152284893563].
[539.330056822658,380.361705968336,121.152284893563].
[539.330056822658,380.361705968336,121.152284893563].
[539.330056822658,380.361705968336,121.152284893563].
[539.352434818993,380.374529541843,121.152284893563].
[539.452726040586,380.432000811076,121.152284893563].
[539.618078310889,380.544614980645,121.130084213958].
[539.718369532481,380.682129510363,121.030587670819].
[539.740747528817,380.82692211001,120.866545603785].
[539.694032176961,380.924837528712,120.724927396585].
[539.484668495133,381.022795050389,120.513950515531].
[539.139486139591,381.154853430065,120.202711176799].
[538.930122457763,381.23495088621,120.013934975349].
[538.883407105908,381.252823044428,119.971813311288].
[538.883407105908,381.252823044428,119.971813311288].
[538.883407105908,381.252823044428,119.971813311288].
[538.883407105908,381.252823044428,119.971813311288].
[538.883407105908,381.252823044428,119.971813311288].
[538.905792674583,381.283517213314,119.949604960589].
[539.006117833049,381.421078934537,119.850074037993].
[539.193911704816,381.6785741494,119.663766858411].
[539.394562381818,381.953698085559,119.464704655999].
[539.582356766897,382.211194004255,119.278396967169].
[539.705068014794,382.379450608402,119.156657177241].
[539.82777954242,382.547707596103,119.034917109799].
[540.015574762186,382.805204659287,118.84860859289].
[540.216226879476,383.080330570309,118.649544961593].
[540.40402261256,383.337828337334,118.463235935429].
[540.504348851242,383.506086149243,118.341495271642].
[540.549120550994,383.705039064413,118.197545581102].
[540.671833120143,384.069407446049,117.933911767373].
[540.937570676366,384.451722973325,117.648068892959].
[541.20330846618,384.71316186822,117.426794448778].
[541.324106482375,384.982261899797,117.176063539895].
[541.33791076804,385.374980443713,116.787820616668].
[541.323761961891,385.809630690964,116.289609704958].
[541.315180277163,386.04046942784,116.000899847673].
[541.313265444476,386.089132047878,115.93647997098].
[541.313265444476,386.089132047878,115.93647997098].
[541.266546797272,386.089132047878,115.91646451086].
[541.058935455618,386.0763961,115.846776902123].
[540.697480143308,386.019317541593,115.788584613309].
[540.392844422933,385.894495216713,115.848985470067].
[540.153063877371,385.699758479273,115.928571193619].
[539.94612190624,385.460062563539,115.964905886173].
[539.756431047158,385.322404384506,115.974804000988].
[539.656036503749,385.260973111755,115.999236517178].
[539.6336354532,385.123315427119,116.098837343133].
[539.657975637561,384.878407723541,116.305268104988].
[539.76706077578,384.660310214759,116.594071329647].
[539.946911763479,384.496971784459,116.928237297102].
[540.055996901698,384.416531960313,117.117439695805].
[540.08050091678,384.398583409469,117.16184569051].
[540.105568156364,384.380789490271,117.214007091789].
[540.215831656429,384.270347541845,117.442164169665].
[540.396363805951,384.001301222564,117.864312081478].
[540.50558058235,383.694746333143,118.220200573207].
[540.529913583584,383.539386361839,118.361960887461].
[540.529913583584,383.508691226601,118.384142340445].
[540.529913583584,383.508691226601,118.384142340445].
[540.529913583584,383.508691226601,118.384142340445].
[540.529913583584,383.508691226601,118.384142340445].
[540.529913583584,383.508691226601,118.384142340445].
[540.529913583584,383.508691226601,118.384142340445].
[540.529913583584,383.508691226601,118.384142340445].
[540.529913583584,383.508691226601,118.384142340445].
[540.529913583584,383.508691226601,118.384142340445].
[540.529913583584,383.508691226601,118.384142340445].
[540.576609364583,383.490941252118,118.426455785762].
[540.785885335919,383.411391385479,118.616091491168].
[541.131107477922,383.280235828271,118.931243712207].
[541.341209857556,383.200685961632,119.132064816528].
[541.389268155497,383.182935987149,119.192819866956].
[541.390094563797,383.182935987149,119.20400526587].
[541.390278960413,383.182935987149,119.206501065721].
[541.390278960413,383.182935987149,119.20400526587].
[541.390094563797,383.213621092844,119.173169193796].
[541.387346569012,383.368902199684,119.021815156417].
[541.377372098921,383.705926203911,118.642270442564].
[541.362346980282,384.112243408875,118.120939287434].
[541.353550630516,384.449332039814,117.736410282659].
[541.351629044031,384.604658479928,117.59215540464].
[541.351453494644,384.635210720693,117.567595660525].
[541.350666736876,384.634569928115,117.556937176636].
[541.349369592609,384.633513439761,117.539364307535].
[541.348582834842,384.632872647183,117.528705823645].
[541.348407285455,384.632729667033,117.526327594428].
[541.348407285455,384.632729667033,117.526327594428].
[541.348407285455,384.632729667033,117.526327594428].
[541.348407285455,384.632729667033,117.526327594428].
[541.348407285455,384.632729667033,117.526327594428].
[541.348407285455,384.632729667033,117.526327594428].
[541.348407285455,384.632729667033,117.526327594428].
[541.348407285455,384.632729667033,117.526327594428].
[541.348407285455,384.632729667033,117.526327594428].
[541.348407285455,384.632729667033,117.526327594428].
[541.348407285455,384.632729667033,117.526327594428].
[541.348407285455,384.632729667033,117.526327594428].
[541.348407285455,384.632729667033,117.526327594428].
[541.348407285455,384.632729667033,117.526327594428].
[541.348407285455,384.632729667033,117.526327594428].
[541.348407285455,384.632729667033,117.526327594428].
[541.348407285455,384.632729667033,117.526327594428].
[541.348407285455,384.632729667033,117.528705823645].
[541.348407285455,384.632729667033,117.539364307535].
[541.348582834842,384.632872647183,117.556937176636].
[541.349369592609,384.633513439761,117.567595660525].
[541.350666736876,384.634569928115,117.569973889743].
[541.351453494644,384.635210720693,117.569973889743].
[541.351629044031,384.635353700844,117.569973889743].
[541.351629044031,384.635353700844,117.569973889743].
[541.351629044031,384.635353700844,117.569973889743].
[541.351629044031,384.635353700844,117.569973889743].
[541.351629044031,384.635353700844,117.569973889743].
[541.351629044031,384.635353700844,117.569973889743].
[541.351629044031,384.635353700844,117.569973889743].
[541.351629044031,384.635353700844,117.569973889743].
[541.351629044031,384.635353700844,117.569973889743].
[541.351629044031,384.635353700844,117.569973889743].
[541.351629044031,384.635353700844,117.569973889743].
[541.351629044031,384.635353700844,117.569973889743].
[541.351629044031,384.635353700844,117.569973889743].
[541.351629044031,384.635353700844,117.569973889743].
[541.351629044031,384.635353700844,117.569973889743].
[541.304916548266,384.653290114959,117.527616325192].
[541.09556566655,384.73367554606,117.337782891102].
[540.750404414825,384.86620871617,117.024800470427].
[540.541053533109,384.94659414727,116.834967036336].
[540.494341037345,384.964530561385,116.792609471786].
[540.494341037345,384.964530561385,116.792609471786].
[540.494341037345,384.964530561385,116.792609471786].
[540.494341037345,384.964530561385,116.792609471786].
[540.494341037345,384.964530561385,116.792609471786].
[540.494341037345,384.995103249629,116.76817660715].
[540.469843372829,385.150089951899,116.616444138969].
[540.36005245752,385.456526611486,116.246637792032].
[540.179037840119,385.726320943134,115.825082925267].
[540.06924692481,385.83742698244,115.611379521144].
[540.044749260294,385.85539640196,115.569147555356].
[540.044749260294,385.85539640196,115.569147555356].
[540.022348209745,385.824680710427,115.59137158342].
[539.921953666337,385.687022531395,115.690972767091].
[539.756431047158,385.460062563539,115.855187357197].
[539.656036503749,385.322404384506,115.954788540868].
[539.680369105293,385.273729707828,116.019236932559].
[539.889814803096,385.193243120391,116.208473401533].
[540.23513238012,385.060543171678,116.520471593122].
[540.397998765075,384.998015569385,116.669538028349].
[540.235978419875,385.060543171678,116.531732790778].
[539.891801264195,385.193243120391,116.234914157926].
[539.683047266902,385.273729707829,116.054884556727].
[539.636467954054,385.291810931991,116.01471452298].
[539.683212329873,385.274410114014,116.057100995458].
[539.892706088081,385.194873052923,116.247063985894].
[540.237937840346,385.062797269667,116.55804357014].
[540.446856900611,384.982479216633,116.740289610071].
[540.493121377789,384.964530561385,116.776232081661].
[540.49360127643,384.964530561385,116.782676082549].
[540.494175974373,384.964397992471,116.790393033055].
[540.494341037345,384.963936428729,116.792609471786].
[540.540877983723,384.963551002238,116.790393033055].
[540.794214289489,385.007246804368,116.778237680286].
[541.338733394859,385.201812005242,116.751902140485].
[541.878121681935,385.521967369417,116.725550538061].
[542.125313626224,385.716071006549,116.713375949654].
[542.170085808042,385.759381382188,116.711153986122].
[542.170085808042,385.759381382188,116.711153986122].
[542.170085808042,385.759381382188,116.711153986122].
[542.170263620078,385.759525291301,116.711153986122].
[542.2156552095,385.821416548658,116.666735929688].
[542.416828612596,386.096966781007,116.467668011642].
[542.769524557703,386.58085936476,116.117251353064].
[543.092277121445,387.023752192889,115.798981721573].
[543.402615091395,387.449374722522,115.499774658838].
[543.668358603777,387.813751270998,115.243525489034].
[543.791074095239,387.982013693747,115.114390936205].
[543.813642670759,388.012854547642,115.085873232949].
[543.814458889662,388.013506513251,115.094723717636].
[543.815987507182,388.014727516649,115.116059618193].
[543.81762342726,388.016034229379,115.138893209739].
[543.819157009077,388.017259198074,115.160298400188].
[543.866621805943,387.999936950783,115.214276229041].
[544.075853521542,387.919515745244,115.407465485099].
[544.420516750345,387.786682725051,115.721771776119].
[544.6761786405,387.688150772178,115.954915708324].
[544.931729043209,387.589661786506,116.187957972573].
[545.276155666451,387.456919953967,116.502048497563].
[545.485060973468,387.376407962706,116.692554030895].
[545.531674048079,387.358443309202,116.735061561056].
[545.531674048079,387.358443309202,116.735061561056].
[545.57825513457,387.353017801482,116.777539920519].
[545.787017080784,387.328702362828,116.967914719851].
[546.199892936621,387.288612981913,117.298887205441].
[546.71648236145,387.264297543259,117.565887703936].
[547.270585159639,387.258872035538,117.734700483492].
[547.578412638253,387.258872035538,117.811326182654].
[547.647098232855,387.240923417985,117.850575183861].
[547.693598993693,387.160483294869,117.969966473343].
[547.902000945306,387.02785995287,118.223795057669].
[548.245597675785,386.947419829754,118.471703289786].
[548.522811043557,386.929471212201,118.604106253234].
[548.924133134221,386.931934827299,118.756526996935].
[549.709651212805,386.94819288332,119.118253119946].
[550.785287068747,386.989777193447,119.690356669141].
[552.224511537402,387.054286347087,120.397652216147].
[554.159322176393,387.146997445316,121.252993058253].
[556.339621036217,387.262459328964,122.155556451605].
[558.269495492335,387.324109886276,122.992597204931].
[559.632848835371,387.31565161336,123.650407358539].
[560.394871697886,387.277107297846,124.114613514401].
[560.714468467415,387.314786206814,124.285063741529].
[560.960478210929,387.583519700004,124.154001163738].
[561.290943110884,388.036066169788,123.868401420372].
[561.492834656632,388.311999436881,123.695176419615].
[561.538764919278,388.374447915075,123.656524697454].
[561.539076313467,388.374758347166,123.656524697454].
[561.539076313467,388.374758347166,123.656524697454].
[561.675681361499,388.400034645998,123.69712991637].
[562.287902712214,388.513315158212,123.879109882185].
[563.297285075516,388.700083148255,124.179144122666].
[563.909506426232,388.813363660469,124.361124088482].
[564.046111474263,388.838639959301,124.401729307398].
[564.046111474263,388.838639959301,124.401729307398].
[564.045790438708,388.838310180347,124.401729307398].
[564.044351657167,388.77614859201,124.445708848776].
[564.041979507438,388.501746713134,124.642811478691].
[564.088001183508,388.016186075038,125.046202055748].
[564.300383162096,387.583594660958,125.594773436249].
[564.651071145858,387.257623759334,126.218226982705].
[564.863774160002,387.095065203173,126.569695733291].
[564.911234617612,387.057790474518,126.648119011896].
[564.911234617612,387.057436424611,126.648119011896].
[564.911234617612,387.057436424611,126.648119011896].
[564.911566270393,387.057790474518,126.654164245985].
[564.913052635034,387.05973274503,126.681257105526].
[564.915503236034,387.063942209701,126.725925679335].
[564.916989600676,387.068155974388,126.753018538876].
[564.917321253456,387.070103394342,126.759063772964].
[564.917654291682,387.070458923256,126.765134260394].
[564.919146865458,387.070458923256,126.792340297558].
[564.921607703591,387.070458923256,126.837195469722].
[564.945336264487,387.070458923256,126.864401506887].
[565.0912609117,387.070458923256,126.890881706984].
[565.507343508992,387.065305656613,127.024678272567].
[566.15216029213,387.042210317828,127.36518135268].
[566.719465915175,387.004132541517,127.769404808478].
[566.993355577535,387.011500544013,127.979509089394].
[567.138846609766,387.142874501038,128.021835668787].
[567.43914633538,387.393244947601,128.040653639587].
[568.148735961551,387.643047350452,128.124989933645].
[569.177378913835,387.861063358131,128.277748289271].
[569.790503259889,387.977894618817,128.42353442817].
[569.931758626289,388.009032714903,128.543666065238].
[570.025064011092,388.037867029331,128.605115910078].
[570.47568601211,388.151949678587,128.660263911429].
[571.347084811349,388.338731959756,128.845970261494].
[572.180679638451,388.416471241172,129.237182222132].
[572.885490959412,388.282425881172,129.80398430181].
[573.606565613867,388.019745684592,130.473741625027].
[574.016173187757,387.860422091666,130.85483735464].
[574.107568991318,387.824872192862,130.939871305821].
[574.063587054168,387.764524400358,130.983526790851].
[573.866111329944,387.493619320471,131.179177100973].
[573.539502356666,387.045711575143,131.501749928889].
[573.339711511908,386.771963123741,131.704929928337].
[573.271933414098,386.679224338606,131.775985418202].
[573.150029987087,386.5298814575,131.823826979465].
[572.841116399909,386.230769638614,131.903202974517].
[572.350864013239,385.908796184843,132.03602305968].
[571.79142051297,385.632930849023,132.127537049838].
[571.375069372849,385.412796247672,132.164398747833].
[571.125203876367,385.195500253748,132.202961177997].
[570.935882129744,384.9542028796,132.258926435293].
[570.812181600113,384.865201003771,132.228074673552].
[570.684391029647,385.050637222226,131.948329339241].
[570.46449414544,385.406508682466,131.442928496115].
[570.085008538775,385.622355634019,131.002295915852].
[569.370820385427,385.619029632507,130.622447603805].
[568.344913904425,385.383171465372,130.234506783691].
[567.084087121931,384.972266597043,129.809160315498].
[565.600560082684,384.657138288543,129.432582719393].
[564.21387234606,384.439410964884,129.158520006258].
[563.122581610844,384.157222991517,128.962472056654].
[562.210244531249,383.802877258678,128.775504167639].
[561.117439661526,383.520260680366,128.535164781584].
[559.703110145828,383.345876016848,128.076578438814].
[558.039135710839,383.201563654433,127.404706125344].
[556.269490190174,382.992548010374,126.759827556602].
[554.413616946659,382.725079785086,126.180492161681].
[552.686825726534,382.502993640403,125.633092476203].
[551.177749781516,382.308655931741,125.119996071745].
[549.868282394626,382.047987792171,124.768560334866].
[548.602069317892,381.661751228372,124.579885191572].
[547.594943220566,381.181826318488,124.366245954047].
[546.660850775757,380.825863032119,124.067198023812].
[545.482384955503,380.59390062026,123.847976989013].
[544.325216506554,380.469326237819,123.606416358765].
[543.140685592142,380.453720931224,123.14904517233].
[542.039780005845,380.508126969821,122.526863568853].
[541.134745116397,380.567554797707,121.927429500931].
[540.69408885868,380.595004739465,121.623661202146].
[540.599946656482,380.600013550721,121.550018281689].
[540.551862805658,380.599852057546,121.491471123823].
[540.341791575622,380.599128295351,121.301735507049].
[539.905167045742,380.572279229684,121.005125779175].
[539.285932105323,380.456574222802,120.826761879852].
[538.56325134199,380.266840705783,120.786963514431].
[538.153238423432,380.151859461097,120.786963514431].
[538.061752175252,380.126203677556,120.786963514431].
[538.061752175252,380.126203677556,120.786963514431].
[538.061752175252,380.126203677556,120.786963514431].
[538.061752175252,380.126203677556,120.784811846002].
[538.106355453882,380.187452672402,120.732903943268].
[538.306253480218,380.461951623174,120.525381801101].
[538.635829608211,380.914523882096,120.193556592985].
[538.835727634548,381.189022832868,119.985689375683].
[538.880330913177,381.250271827714,119.933539415368].
[538.880330913177,381.250271827714,119.931333736592].
[538.811358552944,381.250271827714,119.913605089502].
[538.502090481883,381.250410840157,119.832133052844].
[537.967377505673,381.255982819588,119.650082221477].
[537.54787142154,381.309903867107,119.345192811286].
[537.298087786298,381.484746298552,118.908288058053].
[537.188687222025,381.734013532203,118.553585251455].
[537.16431133059,381.876613713258,118.411855840319].
[537.16431133059,381.907327850275,118.389605414953].
[537.16431133059,381.907327850275,118.389605414953].
[537.16431133059,381.907327850275,118.389605414953].
[537.16431133059,381.907327850275,118.389605414953].
[537.16431133059,381.907327850275,118.389605414953].
[537.16431133059,381.907327850275,118.389605414953].
[537.16431133059,381.907327850275,118.389605414953].
[537.16431133059,381.907327850275,118.389605414953].
[537.16431133059,381.907327850275,118.389605414953].
[537.16431133059,381.907327850275,118.389605414953].
[537.16431133059,381.907327850275,118.389605414953].
[537.16431133059,381.907327850275,118.389605414953].
[537.16431133059,381.907327850275,118.389605414953].
[537.16431133059,381.907327850275,118.389605414953].
[537.16431133059,381.907327850275,118.389605414953].
[537.16431133059,381.907327850275,118.389605414953].
[537.16431133059,381.907327850275,118.389605414953].
[537.141912251063,381.876613713258,118.411855840319].
[537.041526541162,381.738962501089,118.511575328493].
[536.876018485973,381.512014019646,118.67598496975].
[536.775632776071,381.374362807476,118.775704457924].
[536.730977491118,381.313050616854,118.822034798517].
[536.631232098514,381.175919654432,118.929953491402].
[536.466779748073,380.949828919816,119.107881335869].
[536.367034355468,380.812697957394,119.215800028755].
[536.344778150042,380.782099903788,119.239879943981].
[536.344778150042,380.782099903788,119.239879943981].
[536.344778150042,380.782099903788,119.238050356523].
[536.367034355468,380.812697957394,119.209456912329].
[536.466923949584,380.949945675241,119.104539308078].
[536.632022566363,381.176559671369,118.945648718323].
[536.732833472026,381.314553346175,118.85242045098].
[536.75573594379,381.345674661293,118.8320266489].
[536.755880145301,381.345791416718,118.8320266489].
[536.755880145301,381.345791416718,118.8320266489].
[536.755880145301,381.345791416718,118.8320266489].
[536.755880145301,381.345791416718,118.8320266489].
[536.756024963639,381.345908671568,118.833891115937].
[536.756673994402,381.346434171348,118.842247077481].
[536.757744065227,381.347300574013,118.856023729016].
[536.711563736232,381.365713412798,118.822017732983].
[536.50183392477,381.445996159364,118.634029077748].
[536.15580915844,381.578166710731,118.321014196749].
[535.94593452864,381.658332202446,118.131161074477].
[535.899105168882,381.676219541451,118.088799116899].
[535.899105168882,381.676219541451,118.088799116899].
[535.899105168882,381.676219541451,118.088799116899].
[535.899105168882,381.676219541451,118.088799116899].
[535.899105168882,381.676219541451,118.088799116899].
[535.94593452864,381.658332202446,118.131161074477].
[536.15580915844,381.578166710731,118.321014196749].
[536.50183392477,381.445996159364,118.634029077748].
[536.71170855457,381.365830667648,118.823882200021].
[536.758537914328,381.347943328643,118.866244157598].
[536.758537914328,381.347943328643,118.866244157598].
[536.711842462992,381.36593764956,118.825591747169].
[536.502567969101,381.446582600938,118.643400283663].
[536.157532659609,381.57954364765,118.343017342442].
[535.948258165718,381.660188599028,118.160825878937].
[535.901562714382,381.678182919944,118.120173468507].
[535.901562714382,381.647455908398,118.142350304282].
[535.901562714382,381.50974699659,118.241739986789].
[535.901562714382,381.313323414161,118.383429034651].
[535.90142880596,381.312843954498,118.383429034651].
[535.900962578473,381.508370059671,118.241739986789].
[535.900439349121,381.645599511817,118.142350304282].
[535.900228534142,381.676219541451,118.120173468507].
[535.899705304791,381.676219541451,118.120173468507].
[535.899372985725,381.676326523362,118.120173468507].
[535.899839213212,381.676805983025,118.120173468507].
[535.900828670051,381.67759647837,118.120173468507].
[535.90142880596,381.678075938033,118.120173468507].
[535.901562714382,381.678182919944,118.120173468507].
[535.901562714382,381.678182919944,118.120173468507].
[535.901562714382,381.678182919944,118.120173468507].
[535.901562714382,381.678182919944,118.120173468507].
[535.901562714382,381.678182919944,118.120173468507].
[535.879151781939,381.647455908398,118.140667894794].
[535.778712950956,381.50974699659,118.232517541085].
[535.612984917914,381.282597285281,118.383952006633].
[535.511952729243,381.144412869643,118.475801652925].
[535.488563515358,381.112901884819,118.496296079212].
[535.48797015767,381.11242638099,118.496296079212].
[535.487837761673,381.112320281744,118.496296079212].
[535.487837761673,381.112320281744,118.496296079212].
[535.487837761673,381.112320281744,118.496296079212].
[535.487837761673,381.112320281744,118.496296079212].
[535.487837761673,381.112320281744,118.496296079212].
[535.487837761673,381.112320281744,118.496296079212].
[535.487837761673,381.112320281744,118.494620860546].
[535.487837761673,381.112320281744,118.487113051362].
[535.487837761673,381.112320281744,118.474734766664].
[535.487837761673,381.112320281744,118.468902176145].
[535.487837761673,381.112320281744,118.474734766664].
[535.487837761673,381.112320281744,118.487113051362].
[535.487837761673,381.112320281744,118.494620860546].
[535.487837761673,381.112320281744,118.496296079212].
[535.487837761673,381.112320281744,118.496296079212].
[535.487837761673,381.112320281744,118.496296079212].
[535.487837761673,381.112320281744,118.496296079212].
[535.487837761673,381.112320281744,118.496296079212].
[535.487837761673,381.112320281744,118.496296079212].
[535.487837761673,381.112320281744,118.496296079212].
[535.487837761673,381.112320281744,118.496296079212].
[535.487837761673,381.112320281744,118.496296079212].
[535.487837761673,381.112320281744,118.496296079212].
[535.534674702867,381.094443452492,118.538650400897].
[535.744583310302,381.01432506222,118.728469301477].
[536.090664096283,380.882232168006,119.041427760443].
[536.297873546899,380.803143997991,119.228805832198].
[536.347409644911,380.784236948483,119.273600982709].
