[544.845332024152,434.115720397132,66.1994467783281].
[545.114626934035,434.11575870498,66.3996372844041].
[545.28839044894,434.11576125887,66.5288109327346].
[545.334851735941,434.115745838936,66.5633496789799].
[545.28839044894,434.134968407285,66.5288109327346].
[545.080165406795,434.221040789999,66.3740190111837].
[544.736860350719,434.362911835397,66.1188102775903].
[544.528635308575,434.448956070716,65.9640183560394].
[544.482212872046,434.468165585937,65.9300480828101].
[544.482386987781,434.468212425033,65.9325958021128].
[544.482674056096,434.468289649646,65.936796281119].
[544.482848171831,434.468336488742,65.9393440004217].
[544.482887022303,434.468346939957,65.9399124734377].
[544.482887022303,434.468346939957,65.9399124734377].
[544.482887022303,434.468346939957,65.9399124734377].
[544.482887022303,434.468346939957,65.9399124734377].
[544.482887022303,434.468346939957,65.9399124734377].
[544.527828869322,434.530279808112,65.8920956727561].
[544.729279920884,434.807852881241,65.6772703890656].
[545.061517597992,435.265519616381,65.321595356048].
[545.263196527863,435.543151563534,65.1034142161851].
[545.308262556201,435.605116514838,65.0527161281088].
[545.308174041857,435.605093646512,65.0503550625492].
[545.308070344868,435.605057640815,65.0488220745387].
[545.308174041857,435.605043133716,65.0503550625492].
[545.308298223177,435.605007128019,65.0521908774113].
[545.308333890152,435.604975044869,65.0527181544958].
[545.308333890152,435.604965830046,65.0527181544958].
[545.308298223176,435.604965830046,65.0521908774113].
[545.308138374882,435.604965830046,65.0498277854647].
[545.307874829598,435.604965830046,65.0459317055076].
[545.307714981303,435.604965830046,65.0435686135609].
[545.307679314327,435.604965830046,65.0430413364764].
[545.307679314327,435.604965830046,65.0430413364764].
[545.307679314327,435.604965830046,65.0430413364764].
[545.307679314327,435.573988226821,65.0669069683327].
[545.307679314327,435.435156241025,65.17386530978].
[545.309130477246,435.187049177378,65.3848904495311].
[545.315634138237,434.962115807537,65.6472766681651].
[545.32635686245,434.758211856476,65.9512582300607].
[545.332860523441,434.533316306261,66.2136133054615].
[545.33431168636,434.285271596637,66.4245870987016].
[545.33431168636,434.146477430467,66.5315142969157].
[545.33431168636,434.115508265942,66.5553729797774].
[545.33431168636,434.115508265942,66.5553729797774].
[545.287840825546,434.134713038384,66.5206982065053].
[545.07957287655,434.220782857135,66.3652966541152].
[544.736197079035,434.362687998077,66.1090828091897].
[544.527929130039,434.448757816828,65.9536812567996].
[544.481458269225,434.46796258927,65.9190064835275].
[544.481458269225,434.46796258927,65.9190064835275].
[544.481458269225,434.46796258927,65.9190064835275].
[544.481458269225,434.46796258927,65.9190064835275].
[544.527929130039,434.448757816828,65.9536812567996].
[544.736197079035,434.362687998077,66.1090828091898].
[545.07957287655,434.220782857135,66.3652966541152].
[545.287840825546,434.134713038384,66.5206982065053].
[545.33431168636,434.115508265942,66.5553729797774].
[545.33431168636,434.115508265942,66.5553729797774].
[545.33431168636,434.115508265942,66.5553729797774].
[545.33431168636,434.115508265942,66.5553729797774].
[545.358261901627,434.09631168859,66.590032956576].
[545.465599319625,434.010278597687,66.7453681957722].
[545.642568803821,433.83747328039,67.0253244464914].
[545.749906221819,433.612683822712,67.2875557581469].
[545.751356634836,433.333757335789,67.5223082271247].
[545.650519517002,433.056250850219,67.7360955586835].
[545.484267215954,432.796529847709,67.9361811889799].
[545.383430098121,432.657779728913,68.0430724480794].
[545.36093029587,432.626820392685,68.0669231118408].
[545.36093029587,432.626820392685,68.0669231118408].
[545.36093029587,432.626820392685,68.0669231118408].
[545.36093029587,432.626820392685,68.0669231118408].
[545.36093029587,432.626820392685,68.0669231118408].
[545.36093029587,432.626820392685,68.0669231118408].
[545.36093029587,432.626820392685,68.0669231118408].
[545.36093029587,432.626820392685,68.0669231118408].
[545.407355089853,432.60764607692,68.1013490712493].
[545.615430509534,432.521708572842,68.2558430127741].
[546.004937713691,432.360846313829,68.5456235046111].
[546.4210945151,432.188996132769,68.8559503460308].
[546.810503216408,432.028196909926,69.1460455420065].
[547.018509539944,431.942297384947,69.3007602369691].
[547.042424655911,431.892182523878,69.359029507885].
[546.941612374107,431.75349582898,69.4656670630308].
[546.77540102075,431.524842547925,69.641482668455].
[546.674588738946,431.386157322521,69.7481202236008].
[546.652094478363,431.355212465967,69.7719142783583].
[546.629601201551,431.324268962765,69.7957072924982].
[546.528793328707,431.18558980267,69.9023401839194].
[546.362589244496,430.956946521619,70.0781481001618].
[546.261781371653,430.818267361523,70.184780991583].
[546.239288094841,430.787323858322,70.2085740057229].
[546.285712951828,430.768186211031,70.2434380022022].
[546.493776089774,430.682417226332,70.399708089182].
[546.836818074546,430.541008076892,70.6574119672633].
[547.044889925862,430.455239092193,70.8138129980121].
[547.091320894959,430.436101444902,70.848768846754].
[547.091323627832,430.436101890286,70.8488099161273].
[547.091329763608,430.436103886359,70.848902124026].
[547.091339879791,430.436107177328,70.84905414915].
[547.091346015566,430.436109173401,70.8491463570488].
[547.091347384643,430.436109618786,70.849166931412].
[547.091347384643,430.436109618786,70.849166931412].
[547.091347384643,430.436109618786,70.849166931412].
[547.091347384643,430.436109618786,70.849166931412].
[547.068856021916,430.405173649106,70.8729088287676].
[546.968056727406,430.266528251913,70.9793126306555].
[546.801866786476,430.037940636476,71.1547428421114].
[546.701067491966,429.899295239283,71.2611466439993].
[546.678576129239,429.868359269604,71.2848885413549].
[546.747490189273,429.880171469841,71.2962690080565].
[547.056341578919,429.93311007854,71.3472727212879].
[547.565551434514,430.020391088743,71.4313636281773].
[547.87440282416,430.073329697442,71.4823673414087].
[547.943316884194,430.116071934947,71.4700108973962].
[547.919386504219,430.273821759793,71.328501085705].
[547.812137981835,430.588104800578,70.9956733410115].
[547.635315061729,430.868083752686,70.6297264769653].
[547.528066539345,430.984753050222,70.4485551864394].
[547.50413615937,431.003884065096,70.4134268280592].
[547.50413615937,431.003884065096,70.4134268280592].
[547.50413615937,431.003884065096,70.4134268280592].
[547.50413615937,431.003884065096,70.4134268280592].
[547.50413615937,431.003884065096,70.4134268280592].
[547.50413615937,430.972946782396,70.4371697330964].
[547.50413615937,430.834295500652,70.5435780510998].
[547.528066539345,430.60569818323,70.7304011617144].
[547.635315061729,430.467046901486,70.8878355415263].
[547.834626311459,430.447915886611,70.9957062000271].
[548.042660534932,430.500827908088,71.0467322618356].
[548.232758444075,430.588065083373,71.0581177151787].
[548.333544145163,430.640977104849,71.0581177151787].
[548.356032474788,430.652783372675,71.0581177151787].
[548.356032474788,430.652783372675,71.0581177151787].
[548.356032474788,430.652783372675,71.0581177151787].
[548.378521758698,430.68371472245,71.034379797196].
[548.479311736597,430.822339414668,70.9279938296207].
[548.645486317032,431.050892893372,70.7525930219752].
[548.746276294932,431.189517585589,70.6462070543998].
[548.837646032626,431.23224455415,70.6338550245187].
[549.146346809514,431.285108849943,70.6848830347791].
[549.65530834665,431.372267338875,70.7690140006969].
[549.964009123538,431.425131634667,70.8200420109573].
[550.032889577323,431.436927253454,70.8314278990588].
[550.032889577323,431.436927253454,70.8314278990588].
[550.032889577323,431.436927253454,70.8317903554591].
[550.010425286383,431.406009083226,70.857125386291].
[549.909747319204,431.267443457643,70.966067196331].
[549.743757413225,431.038987363356,71.1428906697925].
[549.689461696197,430.881313805454,71.2847572373991].
[549.874898859906,430.764759823796,71.4668840669339].
[550.217757187291,430.623570239956,71.7294258060782].
[550.4258543457,430.537934428525,71.8909036499241].
[550.472373874878,430.518826496206,71.928291781958].
[550.472404505969,430.518826496206,71.9287709807955].
[550.472404505969,430.518826496206,71.9287709807955].
[550.518774471571,430.499719886438,71.9641333192811].
[550.772939348973,430.395008775439,72.1579627584258].
[551.323291923001,430.168312838277,72.5776687848677].
[551.873631276919,429.941690698643,72.9980855642082].
[552.127936045918,429.837067963155,73.1952522436109].
[552.174635519292,429.817986736327,73.236192157226].
[552.174848025802,429.817986736327,73.2403447073222].
[552.174895442413,429.817986736327,73.2445074849242].
[552.152465074812,429.787100533534,73.2737465020607].
[552.029462067936,429.617776348903,73.4066498421407].
[551.762987568525,429.251064082798,73.6878380425512].
[551.496377277761,428.884306390959,73.9682635765086].
[551.373211655272,428.714927807183,74.0977578605305].
[551.350734581717,428.684025980035,74.121380751595].
[551.350734581717,428.684025980035,74.121380751595].
[551.350734581717,428.684025980035,74.121380751595].
[551.350734581717,428.684025980035,74.121380751595].
[551.328258402764,428.653125382801,74.1450027024522].
[551.227527157209,428.514638513911,74.2508689414286].
[551.061449410038,428.286312267459,74.4254128614781].
[550.960718164484,428.147825398569,74.5312791004546].
[550.915766701128,428.086025433942,74.5785220620175].
[550.815039464667,427.947544076816,74.6843840875282].
[550.648968327374,427.719226917726,74.858921060747].
[550.548241090912,427.580745560599,74.9647830862577].
[550.43442696667,427.526153478956,74.9884040969635].
[549.978662485328,427.419970100452,74.964455009105].
[549.095749619184,427.244903305718,74.857122643805].
[548.343454981115,427.138719927215,74.6801614901003].
[548.044111086717,427.115027212964,74.5728291248003].
[547.997698885582,427.115027212964,74.5488800369418].
[547.997698885582,427.115027212964,74.5488800369418].
[548.044111086717,427.095971685673,74.5844823305052].
[548.252116141275,427.01057073728,74.7440407404473].
[548.595058499138,426.869768377128,75.0071080848379].
[548.803063553696,426.784367428736,75.16666649478].
[548.849475754832,426.765311901445,75.2022687883434].
[548.849475754832,426.765311901445,75.2022687883434].
[548.849475754832,426.765311901445,75.2022687883434].
[548.849475754832,426.765311901445,75.2022687883434].
[548.849475754832,426.765311901445,75.2022687883434].
[548.849475754832,426.765311901445,75.2022687883434].
[548.849475754832,426.765311901445,75.2022687883434].
[548.849475754832,426.765311901445,75.2022687883434].
[548.849475754832,426.765311901445,75.2022687883434].
[548.849475754832,426.765311901445,75.2022687883434].
[548.895866709301,426.746265097429,75.2378547838209].
[549.057385588438,426.679950048062,75.3617541553317].
[549.192261119887,426.624573998066,75.4652157052623].
[549.103776542908,426.679950048062,75.3737210202374].
[549.150167497377,426.746265097429,75.3034534163811].
[549.469035403427,426.777162005361,75.3562912570208].
[549.777664456026,426.830270486565,75.4099230246753].
[549.990113329216,426.91783156918,75.421889889581].
[550.090832548208,426.970940050384,75.421889889581].
[550.113306043672,426.9827901543,75.421889889581].
[550.135780433579,427.013688291926,75.3989417959648].
[550.236503661186,427.152164137618,75.2960955756201].
[550.402611218634,427.38048834444,75.1265308245267].
[550.503527291702,427.519036500177,75.0236846041819].
[550.526319630021,427.550053856911,75.0007365105657].
[550.526512475481,427.550126166956,75.0007365105657].
[550.52655550512,427.550142301508,75.0007365105657].
[550.52655550512,427.550142301508,75.0007365105657].
[550.52655550512,427.550142301508,75.0007365105657].
[550.52655550512,427.550142301508,75.0007365105657].
[550.52655550512,427.550142301508,75.0007365105657].
[550.52655550512,427.550142301508,75.0007365105657].
[550.52655550512,427.550142301508,75.0007365105657].
[550.549032000539,427.581041895569,74.9771382029278].
[550.649764664401,427.719524268551,74.8713779255082].
[550.815844749965,427.947843102502,74.6970087065314].
[550.916577413827,428.086325475484,74.5912484291119].
[550.939053909247,428.117225069545,74.5676501214739].
[550.961485847544,428.148109305559,74.5440508900401].
[551.062018820238,428.286522848549,74.4375690729692].
[551.227769670725,428.51472820103,74.2599778665791].
[551.328302643419,428.65314174402,74.1489125439487].
[551.373211655272,428.714927807183,74.0984752600162].
[551.47394691016,428.853420188165,73.9918874078367].
[551.640031267603,429.081755522521,73.8173365405419].
[551.740766522491,429.220247903504,73.7114660878481].
[551.763243596047,429.251149730652,73.6878431967835].
[551.763243596047,429.251149730652,73.6878431967835].
[551.763243596047,429.251149730652,73.6878431967835].
[551.763243596047,429.251149730652,73.6878431967835].
[551.763243596047,429.251149730652,73.6878431967835].
[551.716873754753,429.251149730652,73.6758556261852].
[551.486577246896,429.239324522559,73.6221310620549].
[551.04319370551,429.186327616693,73.5335542304141].
[550.669262930349,429.098950490712,73.4798296662837].
[550.522138906287,429.045953584846,73.4678420956854].
[550.523555495073,428.984151160464,73.5270745082054].
[550.630658388317,428.760168816457,73.7925357640059].
[550.807241206564,428.390884361631,74.2302073829911].
[550.914344099809,428.166902017624,74.4963633188541].
[550.915809730766,428.086041568494,74.582307379055].
[550.815275339765,427.947632521412,74.6932006864262].
[550.649522150885,427.719434581431,74.8706832454458].
[550.548987759884,427.581025534349,74.9771382029278].
[550.52655550512,427.550142301508,75.0007365105657].
[550.52655550512,427.550142301508,75.0007365105657].
[550.52655550512,427.550142301508,75.0007365105657].
[550.52655550512,427.550142301508,75.0007365105657].
[550.52655550512,427.550142301508,75.0007365105657].
[550.52655550512,427.550142301508,75.0007365105657].
[550.52655550512,427.550142301508,75.0007365105657].
[550.52655550512,427.550142301508,75.0007365105657].
[550.526512475481,427.550126166956,75.0000645335712].
[550.526362659659,427.550069991463,74.9977249186139].
[550.526237556707,427.550023082399,74.9957712348561].
[550.526362659659,427.550069991463,74.9977249186139].
[550.526512475481,427.550126166956,75.0000645335712].
[550.52655550512,427.550142301508,75.0007365105657].
[550.52655550512,427.550142301508,75.0007365105657].
[550.52655550512,427.550142301508,75.0007365105657].
[550.52655550512,427.550142301508,75.0007365105657].
[550.52655550512,427.550142301508,75.0007365105657].
[550.504121856473,427.5192598666,75.0243338944621].
[550.40353925158,427.380838446001,75.130090031959].
[550.237587680431,427.152574920815,75.3044524253571].
[550.136778913324,427.014067546888,75.410208562854].
[550.136778913324,427.014067546888,75.410208562854].
[550.237587680431,427.152574920815,75.3044524253571].
[550.40353925158,427.380838446001,75.130090031959].
[550.504121856473,427.5192598666,75.0243338944621].
[550.526598702498,427.550158498956,75.0014111070889].
[550.526792299717,427.550231090883,75.0044344389535].
[550.527111487569,427.550350774736,75.009419070507].
[550.527305084788,427.550423366663,75.0124424023716].
[550.527348282166,427.550439564111,75.0131169988947].
[550.527348282166,427.550439564111,75.0131169988947].
[550.527348282166,427.550439564111,75.0131169988947].
[550.527348282166,427.550439564111,75.0131169988947].
[550.527305084788,427.550423366663,75.0124424023716].
[550.527111487569,427.550350774736,75.009419070507].
[550.526792299717,427.550231090883,75.0044344389535].
[550.526598702498,427.550158498956,75.0014111070889].
[550.52655550512,427.550142301508,75.0007365105657].
[550.52655550512,427.550142301508,75.0007365105657].
[550.52655550512,427.550142301508,75.0007365105657].
[550.52655550512,427.550142301508,75.0007365105657].
[550.52655550512,427.550142301508,75.0007365105657].
[550.52655550512,427.550142301508,75.0007365105657].
[550.52655550512,427.550142301508,75.0007365105657].
[550.52655550512,427.550142301508,75.0007365105657].
[550.52655550512,427.550142301508,75.0007365105657].
[550.504079889529,427.519243916993,75.0243338944621].
[550.403351168787,427.380766964821,75.130090031959].
[550.237277584329,427.152457068273,75.3044524253571].
[550.136548863587,427.013980116101,75.410208562854].
[550.114073247996,426.983081731586,75.4338059467503].
[550.114073247996,426.983081731586,75.4338059467503].
[550.114073247996,426.983081731586,75.4338059467503].
[550.11411521494,426.983097681193,75.4344577685484].
[550.114303297733,426.983169162373,75.4373790311768].
[550.114613393835,426.983287014915,75.4421953790096].
[550.114801476629,426.983358496095,75.445116641638].
[550.114843443573,426.983374445702,75.4457684634361].
[550.137320289598,426.983374445702,75.4457684634361].
[550.261960042151,426.964336162207,75.4816219361645].
[550.535179814347,426.879012495151,75.6423060530251].
[550.81255325855,426.738337550382,75.9072293743569].
[550.942167200563,426.653013883326,76.0679134912175].
[550.942167200563,426.653013883326,76.0679134912175].
[550.835030104575,426.769236182738,75.8836547651855].
[550.658390895539,427.048389190426,75.5130773755931].
[550.551253799552,427.362024585342,75.1781991490551].
[550.527348282166,427.519540931755,75.036691608066].
[550.527348282166,427.550439564111,75.0131169988947].
[550.527348282166,427.550439564111,75.0131169988947].
[550.527348282166,427.550439564111,75.0131169988947].
[550.527348282166,427.550439564111,75.0131169988947].
[550.573726302949,427.531413569177,75.0489766521002].
[550.781578171795,427.446144975629,75.2096884679376].
[551.1243197537,427.305560831724,75.4746574571614].
[551.354878232202,427.251184668081,75.6250872691429].
[551.502362735322,427.370608938609,75.6148661780465].
[551.737491579593,427.610719891302,75.5388918747461].
[552.146809763766,427.802279830804,75.4938173084284].
[552.678161839121,427.920802791547,75.4880446814473].
[553.055913730007,427.985908253652,75.4954793870182].
[553.45588103378,428.081820096253,75.4890803057148].
[554.065087959971,428.307754637718,75.4411981659077].
[554.56197175056,428.619895042476,75.337080529356].
[554.832186476327,428.90853917423,75.1828078605439].
[555.043159526977,429.198490567936,74.9746346807146].
[555.244571290813,429.475301380754,74.7638620643485].
[555.433080406175,429.734379403075,74.5665917624712].
[555.509940239855,429.922745832585,74.4015383311813].
[555.42553222113,430.177527078182,74.1106223085634].
[555.249318613655,430.546672888023,73.6697530502469].
[555.142439658062,430.770571139596,73.4023523281532].
[555.118591739585,430.820529592327,73.3426871622087].
[555.072250091495,430.820529592327,73.3300496990076].
[554.842080531252,430.808713455547,73.2734125183023].
[554.398907975125,430.755757204487,73.1790752405794].
[554.025049199458,430.668426451094,73.1181430188942].
[553.808849559452,430.603559716356,73.098424230271].
[553.477400998965,430.538626751711,73.0941291892911].
[552.945969177934,430.420306248335,73.1042475147996].
[552.536617824156,430.228816018488,73.1538897446214].
[552.301651410299,429.988641352703,73.2357359448535].
[552.200892582835,429.850135979307,73.2853781746753].
[552.178410249526,429.788344647009,73.3207590006729].
[552.202357425323,429.630858797729,73.4658409095576].
[552.309681221355,429.317207391003,73.8074757746724].
[552.486628246726,429.037935372845,74.1835749471595].
[552.593952042758,428.921620225523,74.369929251691].
[552.664258729816,428.883505890854,74.4422286710783].
[552.872027644741,428.798117834912,74.604202031514].
[553.214580674169,428.657336730817,74.8712509561512].
[553.422349589094,428.571948674875,75.0332243165869].
[553.468709100355,428.552896024278,75.0693654584407].
[553.468709100355,428.552896024278,75.0693654584407].
[553.468709100355,428.552896024278,75.0693654584407].
[553.446236204015,428.522008800605,75.092884381206].
[553.345519670109,428.383581867857,75.1982888803094].
[553.179466178347,428.155354439398,75.3720715200086].
[553.101222540781,428.047814730323,75.4539570963466].
[553.179466178347,428.155354439398,75.3720715200086].
[553.345519670109,428.383581867857,75.1982888803094].
[553.446236204015,428.522008800605,75.092884381206].
[553.468709100355,428.552896024278,75.0693654584407].
[553.468709100355,428.552896024278,75.0693654584407].
[553.468709100355,428.552896024278,75.0693654584407].
[553.468709100355,428.552896024278,75.0693654584407].
[553.468709100355,428.552896024278,75.0693654584407].
[553.468709100355,428.552896024278,75.0693654584407].
[553.468709100355,428.552896024278,75.0693654584407].
[553.468709100355,428.552896024278,75.0693654584407].
[553.468709100355,428.552896024278,75.0693654584407].
[553.468709100355,428.583784395435,75.04584566193].
[553.444827785566,428.741256301024,74.9042898590948].
[553.33779915809,429.054822807113,74.5684994100736].
[553.161282230974,429.333941255827,74.1950837176721].
[553.054000153129,429.450160225795,74.005474368569].
[553.029700969327,429.469200055973,73.9625866793428].
[553.029447518959,429.469200055973,73.9584984799187].
[552.98302214669,429.488272795459,73.9215620976114].
[552.775211513577,429.573750883555,73.7601129161513].
[552.432589702486,429.714680425578,73.4939282165408].
[552.224779069373,429.800158513674,73.3324790350806].
[552.178410249526,429.81923125316,73.2964548533656].
[552.178410249526,429.81923125316,73.2964548533656].
[552.178410249526,429.81923125316,73.2964548533656].
[552.178410249526,429.81923125316,73.2964548533656].
[552.178410249526,429.81923125316,73.2964548533656].
[552.155928766729,429.788327696144,73.3200101633232].
[552.055173750989,429.649827562431,73.4255777385088].
[551.889056813408,429.421479445983,73.5996292452135].
[551.788301797668,429.28297931227,73.7051968203991].
[551.765820314871,429.252075755254,73.7287521303568].
[551.743385653851,429.221190129793,73.7523065492298].
[551.642840478762,429.082770359734,73.8578701308511].
[551.477069509927,428.854554740553,74.0326408889706].
[551.376524334838,428.716134970494,74.1414574404665].
[551.354089673819,428.685249345033,74.1703750999648].
[551.354089673819,428.685249345033,74.1736280698394].
[551.400475632209,428.66619533919,74.2105059341987].
[551.608363074946,428.580801209459,74.3725280859602].
[551.951111523697,428.440010091377,74.6396574538941].
[552.158998966434,428.354615961645,74.8016796056557].
[552.205384924824,428.335561955802,74.8378316343259].
[552.205384924824,428.366456853898,74.8143064659768].
[552.205384924824,428.504918181025,74.7088739761091].
[552.181480794249,428.733202316228,74.5224183271202].
[552.051868085697,428.859822751101,74.3603961753586].
[551.774482561877,428.837650451803,74.2435704277434].
[551.501232194209,428.750157434681,74.1869807658496].
[551.376571501634,428.697090237287,74.1743539055285].
[551.354089673819,428.685249345033,74.1743539055285].
[551.354089673819,428.685249345033,74.1743539055285].
[551.354089673819,428.685249345033,74.1743539055285].
[551.354089673819,428.685249345033,74.1743539055285].
[551.354089673819,428.685249345033,74.1743539055285].
[551.354089673819,428.685249345033,74.1743539055285].
[551.354089673819,428.685249345033,74.1743539055285].
[551.354089673819,428.685249345033,74.1736280698394].
[551.376524334838,428.716134970494,74.1468206810918].
[551.477069509927,428.854554740553,74.0358938588452].
[551.642840478762,429.082770359734,73.8585959665402].
[551.743385653851,429.221190129793,73.7523065492298].
[551.765820314871,429.252075755254,73.7280062106764].
[551.765820314871,429.252075755254,73.7246632305974].
[551.76577333185,429.252058870434,73.7191515882335].
[551.765562768558,429.251983197921,73.7158086081545].
[551.765215608381,429.25185843504,73.7150626884741].
[551.76500504509,429.251782762527,73.7150626884741].
[551.787438368805,429.282669267458,73.6914844495716].
[551.888188113803,429.421168651542,73.5858141139844].
[552.054296361399,429.649515532061,73.4115931840197].
[552.155046106396,429.788014916145,73.3059228484325].
[552.177526413133,429.818918305896,73.28234460953].
[552.177526413133,429.818918305896,73.28234460953].
[552.177526413133,429.818918305896,73.28234460953].
[552.177526413133,429.818918305896,73.28234460953].
[552.177526413133,429.818918305896,73.28234460953].
[552.155046106396,429.788014916145,73.3059228484325].
[552.054296361399,429.649515532061,73.4115931840197].
[551.888188113803,429.421168651542,73.5858141139844].
[551.765004719491,429.251783764327,73.7150617809627].
[551.641983771813,429.08246115276,73.8443062882686].
[551.476220278524,428.85424643748,74.0192435197429].
[551.375679637583,428.715827215664,74.1281500814433].
[551.353291959584,428.684958475023,74.1570697533165].
[551.375979816543,428.715936175619,74.1375044650902].
[551.477076063174,428.854555773164,74.0360199467968].
[551.643401579249,429.082971767507,73.8675082255523].
[551.744204112564,429.221484268562,73.7653007000966].
[551.766685940379,429.252386844888,73.7424951185732].
[551.766685940379,429.252386844888,73.7424951185732].
[551.766685940379,429.252386844888,73.7424951185732].
[551.766685940379,429.252386844888,73.7424951185732].
[551.789168603807,429.264180295913,73.7424951185732].
[551.889928910762,429.317055292111,73.7424951185732].
[552.102318712158,429.404289259884,73.7533065022465].
[552.410476842388,429.457294692755,73.8017597622902].
[552.775060296266,429.469179640333,73.881645682759].
[553.005238525279,429.50007665399,73.9083928773624].
[553.152351906767,429.638497057476,73.8219244247921].
[553.318590329035,429.866830132246,73.6615370895671].
[553.419922416251,430.005513072414,73.5642572533236].
[553.465338571544,430.067472172717,73.5190233968344].
[553.566201435234,430.205990027807,73.4135791528412].
[553.754787136892,430.465199103874,73.2162023195171].
[553.97876796822,430.773058415767,72.9817803732929].
[554.290596643467,431.20166367105,72.6554154584643].
[554.658224514307,431.706964337532,72.2706502066454].
[554.947583998021,432.104685923874,71.9678019096349].
[555.070824543153,432.274078765201,71.8388163697914].
[555.139639630886,432.3049805525,71.8279395401783].
[555.347288450257,432.3049805525,71.8846489718657].
[555.712122217101,432.31677710106,71.978147018138].
[556.020513766614,432.369645563812,72.0348564498254].
[556.232943162988,432.4568109229,72.0475100343997].
[556.31120715162,432.478784128253,72.0710350744055].
[556.232943162988,432.352117739405,72.1764669890784].
[556.066846480934,432.123830949295,72.3502948294103].
[555.966103750792,431.985368011887,72.4557267440833].
[555.966103750792,431.985368011887,72.4557267440832].
[556.066846480935,432.123830949295,72.3502948294103].
[556.232943162988,432.352117739405,72.1764669890784].
[556.33368589313,432.490580676813,72.0710350744055].
[556.356164634641,432.521475934212,72.0475100343997].
[556.356164634641,432.521475934212,72.0475100343997].
[556.356164634641,432.521475934212,72.0475100343997].
[556.356164634641,432.521475934212,72.0475100343997].
[556.356164634641,432.521475934212,72.0475100343997].
[556.356164634641,432.521475934212,72.0475100343997].
[556.356164634641,432.521475934212,72.0475100343997].
[556.356164634641,432.521475934212,72.0475100343997].
[556.356164634641,432.521475934212,72.0475100343997].
[556.356164634641,432.521475934212,72.0475100343997].
[556.356164634641,432.521475934212,72.0475100343997].
[556.378644211362,432.552372339541,72.0239841203077].
[556.501871096635,432.69084042162,71.9185482882517].
[556.768724166764,432.950033247179,71.744713989247].
[557.128152454151,433.226974556292,71.6410634479281].
[557.71121016892,433.5097262556,71.62553865182].
[558.61914771184,433.753750158205,71.6387302652294].
[559.411083536791,434.0204437964,71.5996966716563].
[559.906534490224,434.402839345292,71.3906870096821].
[560.28360919013,434.882830915766,71.0431448873907].
[560.485055753872,435.159675789088,70.8323499346793].
[560.530004557902,435.221448230009,70.7853152231224].
[560.530004557902,435.221448230009,70.7853152231224].
[560.530004557902,435.221448230009,70.7853152231224].
[560.530004557902,435.221448230009,70.7853152231224].
[560.57495670098,435.283225259732,70.7382770175639].
[560.7764182293,435.560090698639,70.5274664058242].
[561.10857213627,436.016564636888,70.1798984661596].
[561.310033664591,436.293430075796,69.9690878544199].
[561.354985807669,436.355207105519,69.9220496488614].
[561.40140988835,436.336128843768,69.9618495825926].
[561.655685848745,436.231500434751,70.1766678663957].
[562.205849191149,436.0048152221,70.634097525601].
[562.75541240859,435.777992461642,71.0817800102687].
[563.008969695182,435.67319933359,71.2849256601319].
[563.055082060429,435.654039543903,71.3194204148928].
[563.054610137856,435.653886190174,71.3106694641562].
[563.053727177154,435.653599267438,71.296241585538].
[563.007954539271,435.59158178873,71.3344568179726].
[562.806157276642,435.314724559976,71.5429920467273].
[562.474431200176,434.858583057,71.8900278089321].
[562.273409398048,434.581977818226,72.1005156387261].
[562.273514289965,434.582011903408,72.1005156387261].
[562.474901293134,434.858735816186,71.8900278089322].
[562.806932328901,435.314976417295,71.5429920467273].
[563.008424632229,435.591734547916,71.3344568179726].
[563.053832069071,435.65363335262,71.296241585538].
[563.054610137856,435.653886190174,71.3106694641562].
[563.055082060429,435.654039543903,71.3194204148928].
[563.055187360589,435.654073761745,71.3213730159321].
[563.055187360589,435.654073761745,71.3213730159321].
[563.055187360589,435.654073761745,71.3213730159321].
[563.077656940319,435.684947691982,71.3108931194634].
[563.200828994218,435.835058167146,71.2639254820015].
[563.513749485284,436.115816379806,71.1864889390835].
[563.987478412139,436.340954303986,71.1395213016215].
[564.451925921934,436.424457244366,71.1290414051529].
[564.68138863492,436.436200363827,71.1290414051529].
[564.773738854749,436.436200363827,71.1549857155339].
[564.980631496623,436.436200363827,71.2817405912762].
[565.412797231822,436.440551070334,71.5204150932503].
[566.073891376979,436.460049584132,71.7400525832274].
[566.999536290881,436.492197198578,71.9291410311116].
[567.748339653237,436.511695712377,72.1311594606265].
[568.068503974304,436.539498916122,72.2473330610094].
[568.283782576823,436.644605716671,72.2732548950679].
[568.802906145363,436.817897534432,72.2991536367015].
[569.616356410219,436.923004334981,72.4152237440167].
[570.286277068056,436.946456832221,72.6065909988397].
[570.584817102644,436.927349073678,72.7590235322613].
[570.736611266842,436.810888968479,72.9713082298666].
[570.910942599629,436.531552277801,73.344957285825].
[570.994239170052,436.187325083571,73.7044005147501].
[570.917259985569,435.891925479988,73.9506892890641].
[570.751444188507,435.602517486554,74.1705812775329].
[570.650871823724,435.326235514704,74.380500124098].
[570.605991169907,435.017770304929,74.6208456511542].
[570.50542239901,434.655984341822,74.9351978642105].
[570.294590009087,434.244511514397,75.3399403868325].
[569.969662601907,433.956015697852,75.6307268455333].
[569.490764583196,433.747043035835,75.7394803081985].
[569.020933678823,433.490726699112,75.7952562957751].
[568.684390165825,433.146769216009,75.889350578873].
[568.410398573187,432.821343491094,75.9845709152943].
[568.012620981262,432.66389013516,76.0289561453936].
[567.528700906772,432.640314495169,76.0012109394526].
[567.050864113974,432.673040900862,75.8043309620947].
[566.412655103334,432.726997622041,75.3509506316602].
[565.567656238625,432.755220009477,74.7945879544952].
[564.496976034443,432.737877946962,74.354740077143].
[563.194319227633,432.677300786576,74.1044569595015].
[561.878629976729,432.586922172238,73.9345086226111].
[560.696769893278,432.481058468715,73.7161447409276].
[559.648715750945,432.35453583466,73.4868148653182].
[558.765291809682,432.167815611105,73.3723292730954].
[558.2463725823,431.956864507915,73.3557916792004].
[558.077727173285,431.844187339676,73.3666625242049].
[557.986592687779,431.808850406539,73.3732560249972].
[557.609380636018,431.744070625108,73.3747272338849].
[556.747785618134,431.542093356943,73.3943109974688].
[555.729740011324,431.125036190735,73.4820793366787].
[555.020008193653,430.603611972397,73.6278791464138].
[554.749040836081,430.283759732987,73.7430251261919].
[554.68125007188,430.033453804633,73.9308311819498].
[554.559376431189,429.51956653238,74.4152030706308].
[554.298806589715,428.735267131661,75.16722772519].
[553.99733218995,428.000466103366,75.8041542336061].
[553.632587865729,427.555617676613,76.0747424374178].
[553.025232643826,427.258366739809,76.1079661836367].
[552.20449326728,427.032321726754,76.0450676101281].
[551.278149381657,426.878663065623,75.9395902000387].
[550.414569656356,426.728342572427,75.8726881167243].
[549.893429543959,426.54598957997,75.8559850501111].
[549.677168834452,426.446924990224,75.8197724347162].
[549.400190270432,426.455380640212,75.660287067728].
[548.826878241596,426.508405424689,75.3973401508091].
[548.152792843156,426.509657226377,75.2495123984394].
[547.609054826435,426.347399103247,75.2898007498651].
[547.195037441728,425.980487532228,75.4818353006379].
[546.905706871149,425.613579539103,75.7086737335414].
[546.782481686897,425.444149576419,75.8262271305362].
[546.782481686897,425.444149576419,75.8262271305362].
[546.883226720613,425.58267018328,75.72033134816].
[547.049327200619,425.811052054242,75.5457387192789].
[547.103630323231,425.968621999264,75.4042365768997].
[546.871508183334,426.103961401332,75.1854087253212].
[546.320112726025,426.330130356842,74.7626615839918].
[545.768655403137,426.556324688102,74.3398670111936].
[545.513979921211,426.66078635346,74.1446109014021].
[545.467516731205,426.679844419706,74.1089882271641].
[545.467516731205,426.679844419706,74.1089882271641].
[545.467516731205,426.679844419706,74.1089882271641].
[545.467516731205,426.679844419706,74.1089882271641].
[545.421032247669,426.698911220038,74.0733492274763].
[545.16619745416,426.803438231119,73.8779709757343].
[544.614296499183,427.029814529431,73.4548362764536].
[544.062333593532,427.256216238398,73.0316540804622].
[543.807424611596,427.36077367976,72.8362189494971].
[543.760918819889,427.379849220184,72.8005636131341].
[543.760918819889,427.379849220184,72.8005636131341].
[543.760918819889,427.379849220184,72.8005636131341].
[543.760918819889,427.379849220184,72.8005636131341].
[543.760918819889,427.379849220184,72.8005636131341].
[543.760918819889,427.379849220184,72.8005636131341].
[543.760918819889,427.379849220184,72.8005636131341].
[543.760918819889,427.379849220184,72.8005636131341].
[543.760918819889,427.379849220184,72.8005636131341].
[543.760918819889,427.379849220184,72.8005636131341].
[543.760918819889,427.379849220184,72.8005636131341].
[543.760918819889,427.379849220184,72.8005636131341].
[543.760918819889,427.379849220184,72.8005636131341].
[543.760918819889,427.379849220184,72.8005636131341].
[543.760918819889,427.379849220184,72.8005636131341].
[543.760918819889,427.379849220184,72.8005636131341].
[543.760918819889,427.379849220184,72.8005636131341].
[543.760918819889,427.379849220184,72.8005636131341].
[543.760918819889,427.379849220184,72.8005636131341].
[543.760918819889,427.379849220184,72.8005636131341].
[543.760918819889,427.379849220184,72.8005636131341].
[543.760918819889,427.379849220184,72.8005636131341].
[543.760918819889,427.379849220184,72.8005636131341].
[543.760918819889,427.379849220184,72.8005636131341].
[543.760918819889,427.379849220184,72.8005636131341].
[543.760918819889,427.379849220184,72.8005636131341].
[543.760918819889,427.379849220184,72.8005636131341].
[543.760918819889,427.379849220184,72.8005636131341].
[543.760918819889,427.379849220184,72.8005636131341].
[543.760918819889,427.379849220184,72.8005636131341].
[543.760918819889,427.379849220184,72.8005636131341].
[543.760918819889,427.379849220184,72.8005636131341].
[543.760918819889,427.379849220184,72.8005636131341].
[543.760918819889,427.379849220184,72.8005636131341].
[543.760918819889,427.379849220184,72.8005636131341].
[543.760918819889,427.379849220184,72.8005636131341].
[543.760918819889,427.379849220184,72.8005636131341].
[543.760918819889,427.379849220184,72.8005636131341].
[543.760918819889,427.379849220184,72.8005636131341].
[543.760918819889,427.379849220184,72.8005636131341].
[543.760918819889,427.379849220184,72.8005636131341].
[543.760918819889,427.379849220184,72.8005636131341].
[543.760918819889,427.379849220184,72.8005636131341].
[543.760918819889,427.379849220184,72.8005636131341].
[543.760918819889,427.379849220184,72.8005636131341].
[543.760918819889,427.379849220184,72.8005636131341].
[543.760918819889,427.379849220184,72.8005636131341].
[543.760918819889,427.379849220184,72.8005636131341].
[543.760918819889,427.379849220184,72.8005636131341].
[543.760918819889,427.379849220184,72.8005636131341].
[543.760918819889,427.379849220184,72.8005636131341].
[543.760918819889,427.379849220184,72.8005636131341].
[543.760918819889,427.379849220184,72.8005636131341].
[543.760918819889,427.379849220184,72.8005636131341].
[543.760918819889,427.379849220184,72.8005636131341].
[543.760918819889,427.379849220184,72.8005636131341].
[543.760918819889,427.379849220184,72.8005636131341].
[543.760918819889,427.379849220184,72.8005636131341].
[543.760918819889,427.379849220184,72.8005636131341].
[543.760918819889,427.379849220184,72.8005636131341].
[543.760918819889,427.379849220184,72.8005636131341].
[543.760918819889,427.379849220184,72.8005636131341].
[543.760918819889,427.379849220184,72.8005636131341].
[543.760918819889,427.379849220184,72.8005636131341].
[543.760918819889,427.379849220184,72.8005636131341].
[543.760918819889,427.379849220184,72.8005636131341].
[543.760918819889,427.379849220184,72.8005636131341].
[543.760918819889,427.379849220184,72.8005636131341].
[543.760918819889,427.379849220184,72.8005636131341].
[543.760918819889,427.379849220184,72.8005636131341].
[543.760918819889,427.379849220184,72.8005636131341].
[543.760918819889,427.379849220184,72.8005636131341].
[543.760918819889,427.379849220184,72.8005636131341].
[543.760918819889,427.379849220184,72.8005636131341].
[543.760918819889,427.379849220184,72.8005636131341].
[543.760918819889,427.379849220184,72.8005636131341].
[543.760918819889,427.379849220184,72.8005636131341].
[543.760918819889,427.379849220184,72.8005636131341].
[543.760918819889,427.379849220184,72.8005636131341].
[543.760918819889,427.379849220184,72.8005636131341].
[543.760918819889,427.379849220184,72.8005636131341].
[543.760918819889,427.379849220184,72.8005636131341].
[543.760918819889,427.379849220184,72.8005636131341].
[543.760918819889,427.379849220184,72.8005636131341].
[543.760918819889,427.379849220184,72.8005636131341].
[543.760918819889,427.379849220184,72.8005636131341].
[543.760918819889,427.379849220184,72.8005636131341].
[543.760918819889,427.379849220184,72.8005636131341].
[543.760918819889,427.379849220184,72.8005636131341].
[543.760918819889,427.379849220184,72.8005636131341].
[543.760918819889,427.379849220184,72.8005636131341].
[543.760918819889,427.379849220184,72.8005636131341].
[543.760918819889,427.379849220184,72.8005636131341].
[543.760918819889,427.379849220184,72.8005636131341].
[543.714391705356,427.398933506711,72.7648919288604].
[543.50587164468,427.484463345052,72.6050225313307].
[543.162080185275,427.625478208806,72.3414424550895].
[542.953560124599,427.711008047147,72.1815730575598].
[542.907033010067,427.730092333674,72.1459013732862].
[542.907033010067,427.730092333674,72.1459013732862].
[542.907033010067,427.730092333674,72.1459013732862].
[542.907033010067,427.730092333674,72.1459013732862].
[542.907033010067,427.730092333674,72.1459013732862].
[542.907033010067,427.730092333674,72.1459013732862].
[542.9535601246,427.711008047147,72.1815730575598].
[543.162080185276,427.625478208806,72.3414424550895].
[543.50587164468,427.484463345052,72.6050225313307].
[543.714391705356,427.398933506711,72.7648919288604].
[543.760918819889,427.379849220184,72.800563613134].
[543.760918819889,427.379849220184,72.800563613134].
