[557.545410924888,444.649248983741,40.2244843806684].
[557.545410924888,444.649248983741,40.2244843806684].
[557.566390312219,444.680374040195,40.1669955578308].
[557.681413532035,444.851022694217,39.851802868845].
[557.930547450161,445.220638219395,39.1691129763338].
[558.179741671673,445.590343210783,38.4862578373078].
[558.336899712942,445.823503161048,38.0556050899503].
[558.546411362188,446.13433501746,37.4814902268339].
[558.857214315534,446.595442833256,36.6298115938802].
[559.045725835868,446.87511886097,36.1132423907716].
[559.108850980134,446.968771437564,35.9402635435815].
[559.224330132508,447.140096513944,35.6238214841683].
[559.474451670825,447.511177274198,34.9384252627608].
[559.745738171143,447.913658409815,34.1950316970281].
[559.976998105016,448.235586739585,33.5613210381763].
[560.24869906074,448.564977770174,32.8167917598958].
[560.535372539618,448.875337699602,31.9570534514972].
[560.854936777042,449.12928018964,30.7488387703956].
[561.332344230102,449.347884940656,28.8921666968047].
[561.807435324237,449.616152825908,27.257297412879].
[562.033742940493,449.864738782413,26.5626459330275].
[562.097471353508,450.001097688883,26.3879031746816].
[562.19276975318,450.126924833683,26.1265957854512].
[562.407671731889,450.339812698354,25.4626650075354].
[562.761928759415,450.558851521981,24.1566412655478].
[563.21014330457,450.704904753589,22.375889633302].
[563.469101932424,450.762715643839,21.3311732805449].
[563.548266294395,450.804922998319,21.0393965585592].
[563.644097722351,450.94676305156,20.776460365414].
[563.802097036022,451.180617764374,20.3429518709387].
[563.897928463977,451.322457817614,20.0800156777935].
[563.919311345844,451.354106611409,20.0213466829082].
[563.919311345844,451.354106611409,20.0213466829082].
[563.919311345844,451.354106611409,20.0213466829082].
[563.919311345844,451.354106611409,20.0213466829082].
[563.919311345844,451.354106611409,20.0213466829082].
[563.919311345844,451.354106611409,20.0213466829082].
[563.919311345844,451.354106611409,20.0213466829082].
[563.919311345844,451.354106611409,20.0213466829082].
[563.919311345844,451.354106611409,20.0213466829082].
[563.919311345844,451.354106611409,20.0213466829082].
[563.940715610794,451.385787054295,19.9626190184765].
[564.036642871078,451.527768948922,19.6994198866666].
[564.194800185549,451.761857518647,19.2654778796217].
[564.290727445833,451.903839413274,19.0022787478117].
[564.312131710782,451.93551985616,18.94355108338].
[564.312131710782,451.93551985616,18.94355108338].
[564.312131710782,451.93551985616,18.94355108338].
[564.312131710782,451.93551985616,18.94355108338].
[564.290727445833,451.903839413274,19.0022787478117].
[564.194800185549,451.761857518647,19.2654778796217].
[564.036642871078,451.527768948922,19.6994198866666].
[563.940715610794,451.385787054295,19.9626190184765].
[563.940715610794,451.385787054295,19.9626190184765].
[564.036642871078,451.527768948922,19.6994198866666].
[564.194800185549,451.761857518647,19.2654778796217].
[564.290727445833,451.903839413274,19.0022787478117].
[564.312131710782,451.93551985616,18.94355108338].
[564.312131710782,451.93551985616,18.94355108338].
[564.312131710782,451.93551985616,18.94355108338].
[564.312131710782,451.93551985616,18.94355108338].
[564.312131710782,451.93551985616,18.94355108338].
[564.275482161994,451.93551985616,19.1187899093431].
[564.089902682573,451.924746413097,19.9626359277238].
[563.702207102586,451.865759054237,21.5779968363207].
[563.28487597777,451.738180866016,23.1146866226891].
[562.995208963256,451.610804176447,24.240868830028].
[562.884576885712,451.615084160077,24.985181779669].
[562.890985078834,451.886843136691,25.3007752786962].
[562.936678633606,452.352546080016,25.3581580356245].
[562.964393175527,452.635009193462,25.3581580356245].
[562.970577125704,452.698035233201,25.3581580356245].
[562.970577125704,452.698035233201,25.3581580356245].
[562.970577125704,452.698035233201,25.3581580356245].
[562.970577125704,452.698035233201,25.3581580356245].
[562.970577125704,452.698035233201,25.3581580356245].
[562.970577125704,452.698035233201,25.3581580356245].
[562.970577125704,452.698035233201,25.3581580356245].
[562.991849717994,452.729595289055,25.2998657571059].
[563.087186862358,452.871037646434,25.0386178895842].
[563.244371240158,453.104236669622,24.6078929734762].
[563.339708384521,453.245679027001,24.3466451059546].
[563.360980976811,453.277239082855,24.288352827436].
[563.360980976811,453.277239082855,24.288352827436].
[563.360980976811,453.277239082855,24.288352827436].
[563.360980976811,453.277239082855,24.288352827436].
[563.360980976811,453.297768597068,24.288352827436].
[563.382274747128,453.400837457938,24.2300025157719].
[563.477706804823,453.602107461644,23.9684945617359].
[563.635047668253,453.775851814453,23.5373408354595].
[563.730479725948,453.845957600164,23.2758328814235].
[563.751773496265,453.857019561562,23.2174825697593].
[563.751773496265,453.857019561562,23.2174825697593].
[563.751773496265,453.857019561562,23.2174825697593].
[563.751773496265,453.857019561562,23.2174825697593].
[563.751773496265,453.857019561562,23.2174825697593].
[563.751773496265,453.857019561562,23.2174825697593].
[563.751773496265,453.857019561562,23.2174825697593].
[563.751773496265,453.857019561562,23.2174825697593].
[563.751773496265,453.857019561562,23.2174825697593].
[563.751773496265,453.857019561562,23.2174825697593].
[563.751773496265,453.857019561562,23.2174825697593].
[563.751773496265,453.857019561562,23.2174825697593].
[563.751773496265,453.857019561562,23.2174825697593].
[563.751773496265,453.857019561562,23.2174825697593].
[563.751773496265,453.857019561562,23.2174825697593].
[563.751773496265,453.857019561562,23.2174825697593].
[563.788376196253,453.857019561562,23.0427051788105].
[563.973809650135,453.847551268912,22.2007518561299].
[564.377019618335,453.80511732523,20.47045263921].
[564.864411099708,453.75575736826,18.4650410813626].
[565.290885192412,453.816859961886,16.6680695107296].
[565.573875077058,454.009840023227,15.5564536757864].
[565.76954713387,454.184970576425,14.9447870937992].
[565.865859164569,454.255792947443,14.6805322533314].
[565.908860946419,454.29883807676,14.5625466920248].
[566.005269531442,454.441532379916,14.2980269319276].
[566.164220416248,454.676795512736,13.8619075769347].
[566.282162240882,454.830877820615,13.5383062799102].
[566.400179188514,454.913754719633,13.2144988651715].
[566.596606256193,454.99790132539,12.6002360547908].
[566.860353621277,455.048938821692,11.5390278506472].
[567.157622436311,455.060326826415,10.1668665656736].
[567.324864516779,455.060326826415,9.37044343983576].
[567.362181268977,455.060326826415,9.19273742022165].
[567.362181268977,455.060326826415,9.19273742022165].
[567.362181268977,455.060326826415,9.19273742022165].
[567.362181268977,455.060326826415,9.19273742022165].
[567.362181268977,455.060326826415,9.19273742022165].
[567.362181268977,455.060326826415,9.19273742022165].
[567.362181268977,455.060326826415,9.19273742022165].
[567.362181268977,455.060326826415,9.19273742022165].
[567.362181268977,455.060326826415,9.19273742022165].
[567.362181268977,455.060326826415,9.19273742022165].
[567.362181268977,455.060326826415,9.19273742022165].
[567.362181268977,455.060326826415,9.19273742022165].
[567.362181268977,455.060326826415,9.19273742022165].
[567.362181268977,455.060326826415,9.19273742022165].
[567.362181268977,455.060326826415,9.19273742022165].
[567.362181268977,455.060326826415,9.19273742022165].
[567.362181268977,455.060326826415,9.19273742022165].
[567.362181268977,455.060326826415,9.19273742022165].
[567.362181268977,455.060326826415,9.19273742022165].
[567.324864516779,455.080810159917,9.37044343983576].
[567.157622436311,455.172610091794,10.1668665656736].
[566.881886860888,455.303479258627,11.47994631372].
[566.693111540809,455.292091253903,12.3354509764851].
[566.559289503995,455.110184590768,12.7779420744049].
[566.400179188514,454.934238053134,13.2144988651715].
[566.303673903898,454.830877820615,13.4792839434773].
[566.260629001271,454.676795512736,13.5973878168375].
[566.164220416248,454.441532379916,13.8619075769347].
[566.005269531442,454.29883807676,14.2980269319276].
[565.908860946419,454.266998674045,14.5625466920248].
[565.887349283403,454.266998674045,14.6215690284578].
[565.887349283403,454.266998674045,14.6215690284578].
[565.887349283403,454.266998674045,14.6215690284578].
[565.865859164569,454.235191158863,14.6805322533314].
[565.769547133869,454.092639765719,14.9447870937992].
[565.610755440232,453.857612251674,15.3804696701639].
[565.514443409532,453.715060858529,15.6447245106318].
[565.492953290698,453.683253343348,15.7036877355054].
[565.492953290698,453.683253343348,15.7036877355054].
[565.492953290698,453.683253343348,15.7036877355054].
[565.492953290698,453.683253343348,15.7036877355054].
[565.492953290698,453.683253343348,15.7036877355054].
[565.492953290698,453.683253343348,15.7036877355054].
[565.492953290698,453.683253343348,15.7036877355054].
[565.492953290698,453.683253343348,15.7036877355054].
[565.456072927525,453.703855131927,15.8796717411278].
[565.29078660698,453.796185942634,16.66837733568].
[565.018275534541,453.948413714187,17.9687330257385].
[564.852989213996,454.040744524893,18.7574386202908].
[564.816108850823,454.061346313473,18.9334226259132].
[564.816108850823,454.040744524893,18.9334226259132].
[564.794717317421,453.937316374488,18.9920780258364].
[564.698847115977,453.735353776897,19.2549532905884].
[564.54078387563,453.561024100608,19.6883613311261].
[564.444913674186,453.490687485991,19.9512365958782].
[564.444913674186,453.490687485991,19.9512365958782].
[564.54078387563,453.540422312028,19.6883613311261].
[564.714258872149,453.622421177611,19.1378734870371].
[564.879199772785,453.672156003649,18.3502829463519].
[565.014469637127,453.683253343348,17.4265183099363].
[565.08354033632,453.683253343348,16.9018030340031].
[565.098952092492,453.683253343348,16.7847232304518].
[565.120420699493,453.683253343348,16.7258190283807].
[565.216636320846,453.683253343348,16.4618287097617].
[565.375269062344,453.683253343348,16.0265822561955].
[565.471484683697,453.683253343348,15.7625919375765].
[565.492953290698,453.683253343348,15.7036877355054].
[565.492953290698,453.683253343348,15.7036877355054].
[565.492953290698,453.683253343348,15.7036877355054].
[565.492953290698,453.683253343348,15.7036877355054].
[565.492953290698,453.683253343348,15.7036877355054].
[565.492953290698,453.683253343348,15.7036877355054].
[565.492953290698,453.683253343348,15.7036877355054].
[565.492953290698,453.683253343348,15.7036877355054].
[565.492953290698,453.683253343348,15.7036877355054].
[565.514443409532,453.715060858529,15.6447245106318].
[565.610755440232,453.857612251674,15.3804696701639].
[565.76954713387,454.092639765719,14.9447870937992].
[565.865859164569,454.235191158863,14.6805322533314].
[565.887349283403,454.266998674045,14.6215690284578].
[565.887349283403,454.266998674045,14.6215690284578].
[565.887349283403,454.266998674045,14.6215690284578].
[565.887349283403,454.266998674045,14.6215690284578].
[565.887349283403,454.24636069268,14.6215690284578].
[565.887349283403,454.153867677166,14.6215690284578].
[565.865859164569,453.990202941278,14.6805322533314].
[565.769547133869,453.847651548134,14.9447870937992].
[565.610755440232,453.744481254795,15.3804696701639].
[565.514443409532,453.694422877165,15.6447245106318].
[565.492953290698,453.683253343348,15.7036877355054].
[565.492953290698,453.683253343348,15.7036877355054].
[565.492953290698,453.683253343348,15.7036877355054].
[565.545699663557,453.641709023442,15.4082164255649].
[565.782092506296,453.423590435027,14.0840058852065].
[566.171838414362,452.973517402337,11.9007518004322].
[566.408231257101,452.551397121871,10.5765412600737].
[566.46097762996,452.366753079652,10.2810699501333].
[566.46097762996,452.334823215695,10.2810699501333].
[566.46097762996,452.334823215695,10.2810699501333].
[566.46097762996,452.334823215695,10.2810699501333].
[566.46097762996,452.334823215695,10.2810699501333].
[566.46097762996,452.334823215695,10.2810699501333].
[566.46097762996,452.334823215695,10.2810699501333].
[566.46097762996,452.334823215695,10.2810699501333].
[566.46097762996,452.334823215695,10.2810699501333].
[566.46097762996,452.334823215695,10.2810699501333].
[566.46097762996,452.334823215695,10.2810699501333].
[566.46097762996,452.334823215695,10.2810699501333].
[566.46097762996,452.334823215695,10.2810699501333].
[566.46097762996,452.334823215695,10.2810699501333].
[566.46097762996,452.334823215695,10.2810699501333].
[566.46097762996,452.334823215695,10.2810699501333].
[566.423768182693,452.355729755721,10.4587445510259].
[566.220001476971,452.449426367657,11.4317277790417].
[565.779211492744,452.603905964748,13.5364939144726].
[565.296141555739,452.654938521859,15.7560608662349].
[564.90094222438,452.484638033685,17.2528426680471].
[564.547147111488,452.169390939184,18.2987307346658].
[564.31835496957,451.999014852061,19.0011582194679].
[564.111230279756,452.049708598184,19.9041558403603].
[563.840424707759,452.203629590392,21.1990053561117].
[563.676172825521,452.29698739134,21.984371287129].
[563.581821835087,452.307007168239,22.392129113766].
[563.301991583812,452.247813087979,23.4923834493883].
[562.744383731925,452.119787364122,25.6440590235591].
[562.16711860427,451.991963295976,27.8906695380983].
[561.747517693224,451.933010706547,29.6611214835936].
[561.528588648612,451.94291216674,30.6658770373072].
[561.331569936924,452.035428857916,31.6092002778343].
[561.066261351894,452.187963094553,32.8794946170174].
[560.905343560788,452.28047978573,33.6499670805914].
[560.854731381886,452.321654933992,33.935419670782].
[560.77417930163,452.413672454754,34.5017080943945].
[560.599891562258,452.596656547863,35.5981170753807].
[560.425792057597,452.880405924595,36.5870499931002].
[560.345465395985,453.363165239955,37.2071841286332].
[560.330823573632,453.915683471604,37.6753631749817].
[560.330823573632,454.318205164705,37.9244822468456].
[560.330823573632,454.600764799567,37.9800682252467].
[560.330823573632,454.709602905207,37.9800682252467].
[560.330823573632,454.600764799567,37.9800682252467].
[560.330823573632,454.369781833535,37.9800682252467].
[560.366491436569,454.209410614181,37.8095233036237].
[560.562204727083,454.066910572316,36.8737255001334].
[560.986474504283,453.825763299796,34.8450910392449].
[561.411305857136,453.584296837825,32.813771419564].
[561.607691657104,453.472674698872,31.8747580303124].
[561.643552676133,453.452291943858,31.7032895380614].
[561.643552676133,453.452291943858,31.7032895380614].
[561.607691657104,453.472674698872,31.8747580303124].
[561.446973720072,453.564023869242,32.643226497941].
[561.181994638705,453.714633189492,33.9102168063826].
[561.036037048244,453.754221261429,34.5649649930994].
[561.066327313116,453.542626867326,34.2267745453126].
[561.175392341966,453.160161207259,33.3864890100698].
[561.241543625867,452.928184058142,32.876830070032].
[561.256303972438,452.876422959708,32.7631097891203].
[561.256303972438,452.876422959708,32.7631097891203].
[561.256303972438,452.876422959708,32.7631097891203].
[561.256303972438,452.876422959708,32.7631097891203].
[561.235224151685,452.845075624399,32.8208009336211].
[561.140750949412,452.704586614357,33.0793547053856].
[560.984990971313,452.4729593952,33.5056378085133].
[560.89051776904,452.332470385158,33.7641915802778].
[560.869437948288,452.301123049848,33.8218827247786].
[560.869437948288,452.301123049848,33.8218827247786].
[560.869437948288,452.301123049848,33.8218827247786].
[560.869437948288,452.301123049848,33.8218827247786].
[560.869437948288,452.301123049848,33.8218827247786].
[560.833726063203,452.321654933992,33.9928708044114].
[560.673676498138,452.413672454754,34.7591862120602].
[560.40979937585,452.565383698511,36.0226267247161].
[560.249749810785,452.657401219272,36.7889421323649].
[560.1930532983,452.66718644614,37.0173247534069].
[560.099006723032,452.619023269683,37.2745492423375].
[559.908504290778,452.539615616194,37.8684708503189].
[559.655600467572,452.491452439738,38.8868211396501].
[559.37270451649,452.480705782462,40.1990999778583].
[559.192957051952,452.449568326514,41.017326316385].
[559.063887753364,452.310019930513,41.443063295752].
[558.909528770985,452.079943521736,41.8649823752454].
[558.81590531557,451.940395125735,42.1208892328759].
[558.75983264462,451.929716608064,42.3466731690858].
[558.567161486913,452.041756754094,43.270441172059].
[558.150362622255,452.284129334492,45.2687966053717].
[557.734110685005,452.526183871301,47.2645297778073].
[557.542094494888,452.637843147328,48.1851575178051].
[557.50710015831,452.658192693296,48.3529389792391].
[557.50710015831,452.658192693296,48.3529389792391].
[557.50710015831,452.658192693296,48.3529389792391].
[557.50710015831,452.658192693296,48.3529389792391].
[557.50710015831,452.658192693296,48.3529389792391].
[557.50710015831,452.658192693296,48.3529389792391].
[557.50710015831,452.658192693296,48.3529389792391].
[557.486376231352,452.627232123246,48.4095143862546].
[557.372794328101,452.457546113488,48.7195879750561].
[557.126876494943,452.09015646212,49.3909328186916].
[556.881017450638,451.722854638528,50.0621171713487].
[556.767505949407,451.553273806068,50.3719985657422].
[556.746802243099,451.522343444717,50.4285187712724].
[556.746802243099,451.522343444717,50.4285187712724].
[556.746802243099,451.522343444717,50.4285187712724].
[556.746802243099,451.522343444717,50.4285187712724].
[556.746802243099,451.522343444717,50.4285187712724].
[556.746802243099,451.522343444717,50.4285187712724].
[556.746802243099,451.522343444717,50.4285187712724].
[556.746802243099,451.522343444717,50.4285187712724].
[556.71213874382,451.542729637701,50.5949418534854].
[556.556787717962,451.634094215984,51.3407983620916].
[556.300657177204,451.784728939587,52.5705078527208].
[556.145306151346,451.87609351787,53.316364361327].
[556.110642652067,451.896479710854,53.48278744354].
[556.110642652067,451.896479710854,53.48278744354].
[556.110642652067,451.896479710854,53.48278744354].
[556.110642652067,451.896479710854,53.48278744354].
[556.110642652067,451.896479710854,53.48278744354].
[556.110642652067,451.896479710854,53.48278744354].
[556.110642652067,451.896479710854,53.48278744354].
[556.110642652067,451.896479710854,53.48278744354].
[556.055623197041,451.886001768341,53.7043304682117].
[555.809043106797,451.839042887899,54.6972174204921].
[555.381981048548,451.730894786283,56.3901611586975].
[555.043435719185,451.546231542777,57.6337981688937].
[554.836791218258,451.308717487812,58.2687581476802].
[554.744825979139,451.171013124748,58.5195082055959].
[554.724305760606,451.140287128164,58.5754581061758].
[554.724305760606,451.140287128164,58.5754581061758].
[554.724305760606,451.140287128164,58.5754581061758].
[554.724305760606,451.140287128164,58.5754581061758].
[554.724305760606,451.140287128164,58.5754581061758].
[554.724305760606,451.140287128164,58.5754581061758].
[554.724305760606,451.140287128164,58.5754581061758].
[554.724305760606,451.140287128164,58.5754581061758].
[554.724305760606,451.140287128164,58.5754581061758].
[554.724305760606,451.140287128164,58.5754581061758].
[554.724305760606,451.140287128164,58.5754581061758].
[554.724305760606,451.140287128164,58.5754581061758].
[554.724305760606,451.140287128164,58.5754581061758].
[554.724305760606,451.140287128164,58.5754581061758].
[554.724305760606,451.140287128164,58.5754581061758].
[554.724305760606,451.140287128164,58.5754581061758].
[554.724305760606,451.140287128164,58.5754581061758].
[554.724305760606,451.140287128164,58.5754581061758].
[554.724305760606,451.140287128164,58.5754581061758].
[554.724305760606,451.140287128164,58.5754581061758].
[554.724305760606,451.140287128164,58.5754581061758].
[554.724305760606,451.140287128164,58.5754581061758].
[554.724305760606,451.140287128164,58.5754581061758].
[554.724305760606,451.140287128164,58.5754581061758].
[554.758642294173,451.119865354935,58.4103781414663].
[554.912527961375,451.028341317061,57.670541067896].
[555.166242534147,450.877443689037,56.450755947848].
[555.320128201349,450.785919651162,55.7109188742777].
[555.354464734917,450.765497877934,55.5458389095682].
[555.354464734917,450.765497877934,55.5458389095682].
[555.354464734917,450.765497877934,55.5458389095682].
[555.354464734917,450.765497877934,55.5458389095682].
[555.388984505262,450.744967123992,55.3798779962682].
[555.543691382729,450.652954668445,54.6360927850284].
[555.798759902333,450.501251775815,53.4097982864251].
[555.9534667798,450.409239320268,52.6660130751853].
[555.987986550146,450.388708566326,52.5000521618854].
[555.987986550146,450.388708566326,52.5000521618854].
[555.987986550146,450.388708566326,52.5000521618854].
[555.987986550146,450.388708566326,52.5000521618854].
[555.987986550146,450.388708566326,52.5000521618854].
[555.987986550146,450.388708566326,52.5000521618854].
[555.987986550146,450.388708566326,52.5000521618854].
[555.987986550146,450.388708566326,52.5000521618854].
[555.987986550146,450.388708566326,52.5000521618854].
[555.987986550146,450.388708566326,52.5000521618854].
[555.987986550146,450.388708566326,52.5000521618854].
[555.987986550146,450.388708566326,52.5000521618854].
[555.987986550146,450.388708566326,52.5000521618854].
[555.987986550146,450.388708566326,52.5000521618854].
[555.987986550146,450.388708566326,52.5000521618854].
[555.946720209613,450.327058598665,52.612707452379].
[555.761777302278,450.050762612414,53.1175934365001].
[555.456857997088,449.595227542874,53.9500096977988].
[555.271915089752,449.318931556623,54.4548956819199].
[555.23064874922,449.257281588962,54.5675509724135].
[555.23064874922,449.257281588962,54.5675509724135].
[555.23064874922,449.257281588962,54.5675509724135].
[555.23064874922,449.257281588962,54.5675509724135].
[555.23064874922,449.257281588962,54.5675509724135].
[555.23064874922,449.257281588962,54.5675509724135].
[555.23064874922,449.257281588962,54.5675509724135].
[555.23064874922,449.257281588962,54.5675509724135].
[555.23064874922,449.257281588962,54.5675509724135].
[555.23064874922,449.257281588962,54.5675509724135].
[555.23064874922,449.257281588962,54.5675509724135].
[555.23064874922,449.257281588962,54.5675509724135].
[555.23064874922,449.257281588962,54.5675509724135].
[555.23064874922,449.257281588962,54.5675509724135].
[555.23064874922,449.257281588962,54.5675509724135].
[555.23064874922,449.257281588962,54.5675509724135].
[555.23064874922,449.257281588962,54.5675509724135].
[555.23064874922,449.257281588962,54.5675509724135].
[555.23064874922,449.257281588962,54.5675509724135].
[555.23064874922,449.257281588962,54.5675509724135].
[555.23064874922,449.257281588962,54.5675509724135].
[555.23064874922,449.257281588962,54.5675509724135].
[555.23064874922,449.257281588962,54.5675509724135].
[555.23064874922,449.257281588962,54.5675509724135].
[555.23064874922,449.257281588962,54.5675509724135].
[555.23064874922,449.257281588962,54.5675509724135].
[555.23064874922,449.257281588962,54.5675509724135].
[555.23064874922,449.257281588962,54.5675509724135].
[555.23064874922,449.257281588962,54.5675509724135].
[555.23064874922,449.257281588962,54.5675509724135].
[555.23064874922,449.257281588962,54.5675509724135].
[555.23064874922,449.257281588962,54.5675509724135].
[555.23064874922,449.257281588962,54.5675509724135].
[555.23064874922,449.257281588962,54.5675509724135].
[555.23064874922,449.257281588962,54.5675509724135].
[555.265209045349,449.236496357013,54.4011660563062].
[555.420097546777,449.143343410162,53.6554805963191].
[555.675465513669,448.989760165261,52.4260531171864].
[555.830354015097,448.89660721841,51.6803676571992].
[555.830354015097,448.89660721841,51.6803676571992].
[555.675465513669,448.989760165261,52.4260531171864].
[555.420097546777,449.143343410163,53.6554805963191].
[555.265209045348,449.236496357013,54.4011660563062].
[555.23064874922,449.257281588962,54.5675509724135].
[555.23064874922,449.257281588962,54.5675509724135].
[555.23064874922,449.257281588962,54.5675509724135].
[555.23064874922,449.257281588962,54.5675509724135].
[555.23064874922,449.257281588962,54.5675509724135].
[555.23064874922,449.257281588962,54.5675509724135].
[555.23064874922,449.257281588962,54.5675509724135].
[555.265209045349,449.236496357013,54.4011660563062].
[555.420097546777,449.143343410162,53.6554805963191].
[555.675465513669,448.989760165261,52.4260531171864].
[555.830354015097,448.89660721841,51.6803676571992].
[555.864914311226,448.875821986461,51.5139827410919].
[555.864914311226,448.875821986461,51.5139827410919].
[555.864914311226,448.875821986461,51.5139827410919].
[555.864914311226,448.875821986461,51.5139827410919].
[555.864914311226,448.875821986461,51.5139827410919].
[555.864914311226,448.875821986461,51.5139827410919].
[555.864914311226,448.875821986461,51.5139827410919].
[555.864914311226,448.875821986461,51.5139827410919].
[555.899659846203,448.854925348278,51.3467060227237].
[556.055378530554,448.761273113328,50.5970237822909].
[556.312115237687,448.606866681516,49.3610067262233].
[556.467833922037,448.513214446565,48.6113244857905].
[556.502579457014,448.492317808382,48.4440477674223].
[556.502579457014,448.492317808382,48.4440477674223].
[556.502579457014,448.492317808382,48.4440477674223].
[556.502579457014,448.492317808382,48.4440477674223].
[556.502579457014,448.492317808382,48.4440477674223].
[556.502579457014,448.492317808382,48.4440477674223].
[556.502579457014,448.492317808382,48.4440477674223].
[556.481832125908,448.461393327286,48.5007577476722].
[556.388849038853,448.322799418353,48.7549142463376].
[556.23554584541,448.094296692706,49.1739474717738].
[556.142562758354,447.955702783773,49.4281039704392].
[556.121815427249,447.924778302677,49.4848139506892].
[556.121815427249,447.924778302677,49.4848139506892].
[556.121815427249,447.924778302677,49.4848139506892].
[556.101088388627,447.8938840681,49.5414684642211].
[556.008196246175,447.755425714659,49.7953763783028].
[555.855042995033,447.527146482234,50.2139997570482].
[555.762150852581,447.388688128793,50.4679076711298].
[555.74142381396,447.357793894216,50.5245621846618].
[555.74142381396,447.357793894216,50.5245621846618].
[555.74142381396,447.357793894216,50.5245621846618].
[555.74142381396,447.357793894216,50.5245621846618].
[555.74142381396,447.357793894216,50.5245621846618].
[555.74142381396,447.357793894216,50.5245621846618].
[555.74142381396,447.357793894216,50.5245621846618].
[555.74142381396,447.357793894216,50.5245621846618].
[555.74142381396,447.357793894216,50.5245621846618].
[555.74142381396,447.357793894216,50.5245621846618].
[555.74142381396,447.357793894216,50.5245621846618].
[555.74142381396,447.357793894216,50.5245621846618].
[555.74142381396,447.357793894216,50.5245621846618].
[555.720717038065,447.326929861804,50.581161312812].
[555.627915706856,447.188606865076,50.8348210068334].
[555.454225635275,446.929716923631,51.3095789638315].
[555.268713650999,446.653206088499,51.816650495626].
[555.095152849372,446.394508827559,52.2910551109599].
[555.002442196305,446.256320989155,52.544466948733].
[554.981755653438,446.225487114641,52.6010107726788].
[554.981755653438,446.225487114641,52.6010107726788].
[554.981755653438,446.225487114641,52.6010107726788].
[554.981755653438,446.225487114641,52.6010107726788].
[554.981755653438,446.225487114641,52.6010107726788].
[554.981755653438,446.225487114641,52.6010107726788].
[554.981755653438,446.225487114641,52.6010107726788].
[554.981755653438,446.225487114641,52.6010107726788].
[554.981755653438,446.225487114641,52.6010107726788].
[554.981755653438,446.225487114641,52.6010107726788].
[554.981755653438,446.225487114641,52.6010107726788].
[554.981755653438,446.225487114641,52.6010107726788].
[554.981755653438,446.225487114641,52.6010107726788].
[554.981755653438,446.225487114641,52.6010107726788].
[554.940443148286,446.163909662674,52.7139328318743].
[554.755293345476,445.887938669214,53.2200143903705].
[554.450032927317,445.432939422201,54.0544018205723].
[554.264883124507,445.156968428741,54.5604833790685].
[554.223570619354,445.095390976775,54.6734054382639].
[554.223570619354,445.095390976775,54.6734054382639].
[554.223570619354,445.095390976775,54.6734054382639].
[554.223570619354,445.095390976775,54.6734054382639].
[554.223570619354,445.095390976775,54.6734054382639].
[554.223570619354,445.095390976775,54.6734054382639].
[554.223570619354,445.095390976775,54.6734054382639].
[554.189257501817,445.116719851982,54.8392890231651].
[554.001346061073,445.233524734702,55.7477294585437].
[553.594841249728,445.486206245876,57.7129392740761].
[553.188866743955,445.738558121559,59.6755853764947].
[553.001590365484,445.854968252506,60.5809556622018].
[552.967459648575,445.876183748326,60.7459574481802].
[552.967459648575,445.876183748326,60.7459574481802].
[552.967459648575,445.876183748326,60.7459574481802].
[552.967459648575,445.876183748326,60.7459574481802].
[552.926513080424,445.815011505531,60.8577397741695].
[552.743003293474,445.540856533587,61.3587134028126].
[552.440446804349,445.088851399875,62.1846792804164].
[552.256937017399,444.814696427931,62.6856529090596].
[552.215990449248,444.753524185136,62.7974352350489].
[552.215990449248,444.753524185136,62.7974352350489].
[552.215990449248,444.753524185136,62.7974352350489].
[552.215990449248,444.753524185136,62.7974352350489].
[552.215990449248,444.753524185136,62.7974352350489].
[552.215990449248,444.753524185136,62.7974352350489].
[552.215990449248,444.753524185136,62.7974352350489].
[552.215990449248,444.753524185136,62.7974352350489].
[552.215990449248,444.753524185136,62.7974352350489].
[552.215990449248,444.753524185136,62.7974352350489].
[552.215990449248,444.753524185136,62.7974352350489].
[552.215990449248,444.753524185136,62.7974352350489].
[552.215990449248,444.753524185136,62.7974352350489].
[552.215990449248,444.753524185136,62.7974352350489].
[552.215990449248,444.753524185136,62.7974352350489].
[552.215990449248,444.753524185136,62.7974352350489].
[552.195546940475,444.722982546637,62.8532451127798].
[552.103925490649,444.586104419186,63.1033676318236].
[551.952867257469,444.360430538965,63.5157499492521].
[551.840822110598,444.193040370803,63.8216282608818].
[551.728845942005,444.025753252938,64.1273182648535].
[551.577934098796,443.800298072433,64.5393009441117].
[551.486401438976,443.663552593067,64.7891810703523].
[551.44557382783,443.60255806643,64.9006386489621].
[551.35412982901,443.465945042417,65.1502767345831].
[551.182980003188,443.21025526981,65.6175082142151].
[551.00018053779,442.937161484783,66.1165426963372].
[550.829156922747,442.68166026513,66.5834296261083].
[550.737801456169,442.545179504115,66.8328260226094].
[550.730687967311,442.493086120104,66.7806630162218].
[550.790162988621,442.396100531359,66.2974882441176].
[550.908655593511,442.236198328245,65.4450466759949].
[551.05971335813,442.1392127395,64.7116993416003].
[551.223978446083,442.117572329551,64.1914236525271].
[551.369972075922,442.12641080169,63.7206429637015].
[551.654805361951,442.196646087128,62.6199659360823].
[552.14893006604,442.39920130621,60.7381931419488].
[552.544596354967,442.665095054934,59.3345344493127].
[552.691086852621,442.811180779694,58.8622393514927].
[552.711632590998,442.841804781152,58.8060803972826].
[552.732198356128,442.87245863305,58.7498667026914].
[552.824367720935,443.009839666064,58.497934402039].
[552.9763293132,443.236342697385,58.0825682591769].
[553.047932912877,443.364683912942,57.8868496531156].
[552.94230200075,443.354824113742,58.2475305325953].
[552.637840574186,443.288028395423,59.4022062932551].
[552.294241488791,443.247514744325,60.8730540864037].
[552.121175889361,443.238474926867,61.6685773987925].
[552.087148576912,443.238474926867,61.8335396722109].
[552.087148576912,443.238474926867,61.8335396722109].
[552.053301795233,443.259974288769,61.9976267437901].
[551.901611043718,443.356327744021,62.7330139790705].
[551.651515275126,443.515187735202,63.9454625560787].
[551.49982452361,443.611541190455,64.6808497913591].
[551.479349929724,443.611541190455,64.7367793412864].
[551.5392799176,443.515187735202,64.2520509586239].
[551.638087763363,443.347344619996,63.4528689636162].
[551.698017751239,443.189161636584,62.9681405809538].
[551.711389939032,443.004615616027,62.8599830593018].
[551.711389939032,442.804974407208,62.8599830593018].
[551.711389939032,442.699321431892,62.8599830593018].
[551.711389939032,442.677751472491,62.8599830593018].
[551.711389939032,442.677751472491,62.8599830593018].
[551.711389939032,442.677751472491,62.8599830593018].
[551.711389939032,442.677751472491,62.8599830593018].
[551.711389939032,442.677751472491,62.8599830593018].
[551.711389939032,442.708304555916,62.8599830593018].
[551.711389939032,442.845233975968,62.8599830593018].
[551.731864532918,443.092491785292,62.8040535093746].
[551.789778514879,443.325774660596,62.7174817283359].
[551.789375686192,443.515187735202,63.0396023816158].
[551.63104068124,443.611541190455,64.001392106006].
[551.49982452361,443.633040552356,64.6808497913591].
[551.465977741932,443.633040552356,64.8449368629383].
[551.465977741932,443.633040552356,64.8449368629383].
[551.44557382783,443.60255806643,64.9006386489621].
[551.35412982901,443.465945042417,65.1502767345831].
[551.182980003188,443.231781281617,65.6175082142151].
[550.966653172883,443.033634376622,66.2793095937958].
[550.625075878301,442.831889668383,67.5310357381379].
[550.195031395866,442.593262755158,69.231270672148].
[549.874431147021,442.422635967199,70.4255107672438].
[549.749950346407,442.361547820165,70.8364224658411].
[549.729655891731,442.352720314596,70.8917910550592].
[549.696374821803,442.374202506446,71.0534759649477].
[549.547219414459,442.47047901087,71.7780974584334].
[549.30130372173,442.629212131581,72.9727963279498].
[549.152148314385,442.725488636004,73.6974178214355].
[549.118867244457,442.746970827854,73.8591027313239].
[549.118867244457,442.746970827854,73.8591027313239].
[549.118867244457,442.746970827854,73.8591027313239].
[549.118867244457,442.746970827854,73.8591027313239].
[549.118867244457,442.746970827854,73.8591027313239].
[549.118867244457,442.746970827854,73.8591027313239].
[549.118867244457,442.746970827854,73.8591027313239].
[549.118867244457,442.746970827854,73.8591027313239].
[549.118867244457,442.746970827854,73.8591027313239].
[549.118867244457,442.746970827854,73.8591027313239].
[549.118867244457,442.746970827854,73.8591027313239].
[549.118867244457,442.746970827854,73.8591027313239].
[549.098661774544,442.738154620548,73.9141944464061].
[548.975069954981,442.698643120623,74.3217115979194].
[548.677708209368,442.624738069081,75.4486058577149].
[548.2901270762,442.545959796921,77.0966587333577].
[547.884720137165,442.472403627001,78.8323036400193].
[547.46070671552,442.433136854767,80.5769005980018].
[547.138594490974,442.436908065501,81.9083553300414].
[546.704858372212,442.493076231663,83.7841761114861].
[546.076986997436,442.58568188195,86.5234471874445].
[545.696163758278,442.641850048112,88.1848990802772].
[545.611190607937,442.654382860022,88.5556191072039].
[545.611190607937,442.654382860022,88.5556191072039].
[545.611190607937,442.654382860022,88.5556191072039].
[545.59131514763,442.624488647308,88.6096780812497].
[545.482382941502,442.460646276303,88.9059611968655].
[545.24653106454,442.105907011387,89.5474512704963].
[545.010734100183,441.75125033923,90.1887919881349].
[544.850011429811,441.579001754992,90.6950653317192].
[544.546212267894,441.50256552958,91.8998693086513].
[543.932061427538,441.401836494301,94.3889730493337].
[543.318832539296,441.301258671626,96.8743401925794].
[543.03599402506,441.254869334012,98.0206618411603].
[542.984454909714,441.246416222779,98.2295457119747].
[542.984454909714,441.246416222779,98.2295457119747].
[542.984454909714,441.246416222779,98.2295457119747].
[542.96478725494,441.246416222779,98.2829744211722].
[542.813690695353,441.246416222779,98.8299959276606].
[542.366714330163,441.242415264063,100.656179259039].
[541.694766852582,441.224484211115,103.558030469558].
[541.058670200338,441.194920902714,106.268317728793].
[540.432781927842,441.160455311544,108.906514948612].
[539.764567317672,441.069585420899,111.588358169671].
[539.110026131845,440.881996245146,114.100671248688].
[538.447576574233,440.668661830803,116.758913848699].
[537.873569309657,440.4687022474,119.108627097137].
[537.459126816161,440.228585527106,120.59755198693].
[537.200941933241,439.96890680343,121.363303192126].
[537.095822709387,439.83038273466,121.647839619771].
[537.126264851176,439.80129253503,121.498572944623].
[537.398540240135,439.80439278583,120.394636447902].
[538.019671715739,439.82324637925,117.850218209423].
[538.799412224183,439.876488198908,114.571945097987].
[539.545982888097,439.979728899635,111.378275528886].
[540.315666788732,440.184516353162,108.283687208372].
[541.365035460406,440.570791236879,104.313792989998].
[543.075623648975,441.104246905125,97.6907492819358].
[545.613626871891,441.706076435443,87.7722303737899].
[549.217213510007,442.569965409434,75.3038378454829].
[553.674909711007,443.821606341893,64.6604800766797].
[558.286545315986,445.381550530406,59.464024636374].
[562.574235430248,447.261869315793,57.5270495637785].
[566.844848665859,449.226159436032,56.2396590272311].
[571.509469309461,451.420850421035,54.746855255664].
[576.35777616422,454.184597756521,52.7155577424632].
[581.311082051377,457.260714262497,50.3687846671734].
[585.424738873946,459.603867187595,48.5723818300593].
[587.316967979506,460.576608504596,47.7634966868394].
[587.677347951916,460.747264085981,47.4973656970684].
[587.674068328717,460.747607493713,47.3480722314666].
[587.670110601584,460.747900980289,47.2204815459448].
[586.630806858282,461.809360621738,46.0666181027541].
[581.941447625902,466.823137243065,41.028801849705].
[574.022279942509,476.045176282907,31.9458201314528].
[568.729526678117,484.023788551886,24.3251582747304].
[566.806712637166,489.514012813768,19.2746821381701].
[565.887320694373,494.27616032088,14.912224905086].
[564.86689400403,498.549916917418,10.9779682609497].
[563.759680967735,501.975116472696,7.82001528726558].
[562.789985478132,504.669426267406,5.32425079175004].
[562.318206202984,506.613902201448,3.53006575906243].
[562.197062063413,507.410549439794,2.79060840442647].
[562.096898664662,507.163426736148,2.93583648056851].
[561.932022500811,506.111136683119,3.65562949894976].
[561.82529447719,504.856489164783,4.47739331112323].
[558.186532174257,504.200438784583,4.31496507226673].
[541.454951329579,504.004236017401,1.734878838069].
[511.778346924149,503.621755861138,-2.84130981232985].
[488.680247896175,502.566780919838,-5.92419655029031].
[476.206820873281,500.86166709672,-6.73733151069133].
[467.957499506763,498.832327693951,-6.4144584008331].
[461.794887160193,496.551371750382,-5.2942341454984].
[458.178649397684,493.835966748647,-3.3249916037384].
[457.044784885253,490.538559118909,-0.495851069867127].
[457.72377447245,486.593531607529,3.33568700223354].
[459.222556446021,482.811127448076,7.32508805383631].
[462.348271393754,478.762905590942,11.842454999072].
[472.514290342889,468.666312537801,23.0426818806353].
[489.234119068635,452.453171158426,40.9008912051797].
[500.234843238122,442.262832823585,52.2154478029728].
[504.195054933033,439.740827894969,55.3389780665181].
[506.552916403176,439.64688743031,55.9110086367626].
[509.886448593604,439.75486246055,56.1658851490405].
[514.045997602169,440.248139949216,56.1373230648539].
[518.279328631365,441.370181288445,55.7677333511202].
[522.191065305043,442.828960972045,55.0972960094406].
[525.558794262064,443.901115501513,54.5790027217095].
[562.157519811896,439.624266393714,64.4078941916247].
[716.58481912648,418.681446009539,109.259111936242].
[NaN,NaN,NaN].
[NaN,NaN,NaN].
[NaN,NaN,NaN].
[NaN,NaN,NaN].
[NaN,NaN,NaN].
[NaN,NaN,NaN].
[NaN,NaN,NaN].
[NaN,NaN,NaN].
[NaN,NaN,NaN].
[NaN,NaN,NaN].
[NaN,NaN,NaN].
[NaN,NaN,NaN].
[NaN,NaN,NaN].
[NaN,NaN,NaN].
[NaN,NaN,NaN].
[NaN,NaN,NaN].
[NaN,NaN,NaN].
[NaN,NaN,NaN].
[NaN,NaN,NaN].
[NaN,NaN,NaN].
[NaN,NaN,NaN].
[NaN,NaN,NaN].
[NaN,NaN,NaN].
[NaN,NaN,NaN].
[NaN,NaN,NaN].
[NaN,NaN,NaN].
[NaN,NaN,NaN].
[NaN,NaN,NaN].
[NaN,NaN,NaN].
[NaN,NaN,NaN].
[NaN,NaN,NaN].
[NaN,NaN,NaN].
[NaN,NaN,NaN].
[NaN,NaN,NaN].
[NaN,NaN,NaN].
[NaN,NaN,NaN].
[NaN,NaN,NaN].
[NaN,NaN,NaN].
[NaN,NaN,NaN].
[NaN,NaN,NaN].
[NaN,NaN,NaN].
[NaN,NaN,NaN].
[NaN,NaN,NaN].
[NaN,NaN,NaN].
[NaN,NaN,NaN].
[NaN,NaN,NaN].
[NaN,NaN,NaN].
[NaN,NaN,NaN].
[NaN,NaN,NaN].
[NaN,NaN,NaN].
[NaN,NaN,NaN].
[NaN,NaN,NaN].
[NaN,NaN,NaN].
[NaN,NaN,NaN].
[NaN,NaN,NaN].
