[649.774637003507,399.003725542843,-394.026705514962].
[649.774637003507,399.003725542843,-394.026705514962].
[649.774637003507,399.003725542843,-394.026705514962].
[649.774637003507,399.003725542843,-394.026705514962].
[649.774637003507,399.044680731442,-394.026705514962].
[649.503638468208,400.20949153783,-364.914696867715].
[648.289107294485,404.93958580856,-234.417144899476].
[646.286683914438,412.507117385804,-19.1877520829283].
[645.072364088202,417.165692491165,111.479627374503].
[644.802312746629,418.280335220017,140.710763791232].
[644.803874405072,418.31009639744,140.737344789515].
[644.804821598798,418.31009639744,140.737344789515].
[644.826719586249,418.339857020345,140.716552556007].
[644.945374235726,418.502994947146,140.621141128432].
[645.202027836704,418.856273232617,140.438960226123].
[645.458809119937,419.209549905945,140.246118308348].
[645.578339033974,419.372685902138,140.078168960243].
[645.600806434579,419.40244597054,139.992740447193].
[645.622485730322,419.432205484454,139.971983100964].
[645.718640064677,419.566167420997,139.962156540374].
[645.877402660814,419.788702070092,139.927356424238].
[645.99603978958,419.956178806216,139.832017486137].
[646.115324000498,420.12191449319,139.682725023546].
[646.274839099073,420.342337839417,139.583424520972].
[646.371193146088,420.475674081169,139.55515379909].
[646.392641119316,420.505425418144,139.534362727759].
[646.392878573883,420.504843992315,139.45085547582].
[646.393942771417,420.502238222531,139.313175293292].
[646.395697336529,420.497942034462,139.229668041353].
[646.353455235051,420.513223390882,139.184559083055].
[646.159384295166,420.593377597944,139.065902009613].
[645.838392082456,420.72810604661,138.87026956871].
[645.64265875285,420.812490436749,138.751612495267].
[645.598352913967,420.83293703265,138.725136523468].
[645.620046942167,420.833508127534,138.725136523468].
[645.718272371114,420.844808311432,138.725136523468].
[645.901830995954,420.8954522221,138.730821811307].
[646.096997255822,420.996848677317,138.711340512699].
[646.300576862711,421.1277092761,138.594720234161].
[646.494858397712,421.283689612068,138.480119582325].
[646.697900002178,421.419592147853,138.601087246272].
[646.890862812443,421.52930135185,138.748265195696].
[647.070843509504,421.584987199521,138.791137188239].
[647.166904031771,421.597412391629,138.791137188239].
[647.188338031488,421.597412391629,138.791137188239].
[647.188588651509,421.597412391629,138.772435890075].
[647.189711852516,421.597412391629,138.688622486491].
[647.191563697909,421.596846287599,138.550437545233].
[647.192686898916,421.594309185354,138.46662414165].
[647.192937518937,421.590126210917,138.447922843486].
[647.192937518937,421.587589108672,138.447922843486].
[647.192937518937,421.587023004642,138.447922843486].
[647.192937518937,421.587023004642,138.447922843486].
[647.214621734663,421.587023004642,138.447922843486].
[647.311803647285,421.587023004642,138.447922843486].
[647.493976147448,421.61678030076,138.427132934234].
[647.689515958809,421.750143249538,138.333959025167].
[647.937874024134,421.934220111151,138.270187604052].
[648.325341605597,421.907132008689,138.579677255023].
[648.888929823883,421.606289301342,139.313986158559].
[649.469261101538,421.14977364666,140.125464180776].
[672.603512886137,418.193824279319,156.541759607291].
[774.13429546967,406.998202718763,227.099889302797].
[NaN,NaN,NaN].
[NaN,NaN,NaN].
[NaN,NaN,NaN].
[NaN,NaN,NaN].
[NaN,NaN,NaN].
[NaN,NaN,NaN].
[NaN,NaN,NaN].
[NaN,NaN,NaN].
[NaN,NaN,NaN].
[NaN,NaN,NaN].
[NaN,NaN,NaN].
[NaN,NaN,NaN].
[NaN,NaN,NaN].
[NaN,NaN,NaN].
[NaN,NaN,NaN].
[NaN,NaN,NaN].
[NaN,NaN,NaN].
[NaN,NaN,NaN].
[NaN,NaN,NaN].
[NaN,NaN,NaN].
[NaN,NaN,NaN].
[NaN,NaN,NaN].
[NaN,NaN,NaN].
[NaN,NaN,NaN].
[NaN,NaN,NaN].
[NaN,NaN,NaN].
[NaN,NaN,NaN].
[NaN,NaN,NaN].
[NaN,NaN,NaN].
[NaN,NaN,NaN].
[NaN,NaN,NaN].
[NaN,NaN,NaN].
[NaN,NaN,NaN].
[NaN,NaN,NaN].
[NaN,NaN,NaN].
[NaN,NaN,NaN].
[NaN,NaN,NaN].
[NaN,NaN,NaN].
[NaN,NaN,NaN].
[NaN,NaN,NaN].
[NaN,NaN,NaN].
[NaN,NaN,NaN].
[NaN,NaN,NaN].
[NaN,NaN,NaN].
[NaN,NaN,NaN].
[NaN,NaN,NaN].
[NaN,NaN,NaN].
[NaN,NaN,NaN].
[NaN,NaN,NaN].
[NaN,NaN,NaN].
[NaN,NaN,NaN].
[NaN,NaN,NaN].
[NaN,NaN,NaN].
[NaN,NaN,NaN].
[NaN,NaN,NaN].
[NaN,NaN,NaN].
[NaN,NaN,NaN].
[NaN,NaN,NaN].
[NaN,NaN,NaN].
[NaN,NaN,NaN].
[NaN,NaN,NaN].
[NaN,NaN,NaN].
[NaN,NaN,NaN].
[NaN,NaN,NaN].
[NaN,NaN,NaN].
[NaN,NaN,NaN].
[NaN,NaN,NaN].
[NaN,NaN,NaN].
[NaN,NaN,NaN].
[NaN,NaN,NaN].
[NaN,NaN,NaN].
[NaN,NaN,NaN].
[NaN,NaN,NaN].
[NaN,NaN,NaN].
[NaN,NaN,NaN].
[NaN,NaN,NaN].
[NaN,NaN,NaN].
[NaN,NaN,NaN].
[NaN,NaN,NaN].
[NaN,NaN,NaN].
[NaN,NaN,NaN].
[NaN,NaN,NaN].
[NaN,NaN,NaN].
[NaN,NaN,NaN].
[NaN,NaN,NaN].
[NaN,NaN,NaN].
[NaN,NaN,NaN].
[NaN,NaN,NaN].
[NaN,NaN,NaN].
[NaN,NaN,NaN].
[NaN,NaN,NaN].
[NaN,NaN,NaN].
[NaN,NaN,NaN].
[NaN,NaN,NaN].
[NaN,NaN,NaN].
[NaN,NaN,NaN].
[NaN,NaN,NaN].
[NaN,NaN,NaN].
[NaN,NaN,NaN].
[NaN,NaN,NaN].
[NaN,NaN,NaN].
[NaN,NaN,NaN].
[NaN,NaN,NaN].
[NaN,NaN,NaN].
[NaN,NaN,NaN].
[NaN,NaN,NaN].
[NaN,NaN,NaN].
[NaN,NaN,NaN].
[NaN,NaN,NaN].
[NaN,NaN,NaN].
[NaN,NaN,NaN].
[NaN,NaN,NaN].
[NaN,NaN,NaN].
[NaN,NaN,NaN].
[NaN,NaN,NaN].
[NaN,NaN,NaN].
[NaN,NaN,NaN].
[NaN,NaN,NaN].
[NaN,NaN,NaN].
[NaN,NaN,NaN].
[NaN,NaN,NaN].
[NaN,NaN,NaN].
[NaN,NaN,NaN].
[NaN,NaN,NaN].
[NaN,NaN,NaN].
[NaN,NaN,NaN].
[NaN,NaN,NaN].
[NaN,NaN,NaN].
[NaN,NaN,NaN].
[NaN,NaN,NaN].
[NaN,NaN,NaN].
[NaN,NaN,NaN].
[NaN,NaN,NaN].
[NaN,NaN,NaN].
[NaN,NaN,NaN].
[NaN,NaN,NaN].
[NaN,NaN,NaN].
[NaN,NaN,NaN].
[NaN,NaN,NaN].
[NaN,NaN,NaN].
[NaN,NaN,NaN].
[NaN,NaN,NaN].
[NaN,NaN,NaN].
[NaN,NaN,NaN].
[NaN,NaN,NaN].
[NaN,NaN,NaN].
[NaN,NaN,NaN].
[NaN,NaN,NaN].
[NaN,NaN,NaN].
[NaN,NaN,NaN].
[NaN,NaN,NaN].
[NaN,NaN,NaN].
[NaN,NaN,NaN].
[NaN,NaN,NaN].
[NaN,NaN,NaN].
[NaN,NaN,NaN].
[NaN,NaN,NaN].
[NaN,NaN,NaN].
[NaN,NaN,NaN].
[NaN,NaN,NaN].
[NaN,NaN,NaN].
[NaN,NaN,NaN].
[NaN,NaN,NaN].
[NaN,NaN,NaN].
[NaN,NaN,NaN].
[NaN,NaN,NaN].
[NaN,NaN,NaN].
[NaN,NaN,NaN].
[NaN,NaN,NaN].
[NaN,NaN,NaN].
[NaN,NaN,NaN].
[NaN,NaN,NaN].
[NaN,NaN,NaN].
[NaN,NaN,NaN].
[NaN,NaN,NaN].
[NaN,NaN,NaN].
[NaN,NaN,NaN].
[NaN,NaN,NaN].
[NaN,NaN,NaN].
[NaN,NaN,NaN].
[NaN,NaN,NaN].
[NaN,NaN,NaN].
[NaN,NaN,NaN].
[NaN,NaN,NaN].
[NaN,NaN,NaN].
[NaN,NaN,NaN].
[NaN,NaN,NaN].
[NaN,NaN,NaN].
[NaN,NaN,NaN].
[NaN,NaN,NaN].
[NaN,NaN,NaN].
[NaN,NaN,NaN].
[NaN,NaN,NaN].
[NaN,NaN,NaN].
[NaN,NaN,NaN].
[NaN,NaN,NaN].
[NaN,NaN,NaN].
[NaN,NaN,NaN].
[NaN,NaN,NaN].
[NaN,NaN,NaN].
[NaN,NaN,NaN].
[NaN,NaN,NaN].
[NaN,NaN,NaN].
[NaN,NaN,NaN].
[NaN,NaN,NaN].
[NaN,NaN,NaN].
[NaN,NaN,NaN].
[NaN,NaN,NaN].
[NaN,NaN,NaN].
[NaN,NaN,NaN].
[NaN,NaN,NaN].
[NaN,NaN,NaN].
[NaN,NaN,NaN].
[NaN,NaN,NaN].
[NaN,NaN,NaN].
[NaN,NaN,NaN].
[NaN,NaN,NaN].
[NaN,NaN,NaN].
[NaN,NaN,NaN].
[NaN,NaN,NaN].
[NaN,NaN,NaN].
[NaN,NaN,NaN].
[NaN,NaN,NaN].
[NaN,NaN,NaN].
[NaN,NaN,NaN].
[NaN,NaN,NaN].
[NaN,NaN,NaN].
[NaN,NaN,NaN].
[NaN,NaN,NaN].
[NaN,NaN,NaN].
[NaN,NaN,NaN].
[NaN,NaN,NaN].
[NaN,NaN,NaN].
[NaN,NaN,NaN].
[NaN,NaN,NaN].
[NaN,NaN,NaN].
[NaN,NaN,NaN].
[NaN,NaN,NaN].
[NaN,NaN,NaN].
[NaN,NaN,NaN].
[NaN,NaN,NaN].
[NaN,NaN,NaN].
[NaN,NaN,NaN].
[NaN,NaN,NaN].
[NaN,NaN,NaN].
[NaN,NaN,NaN].
[NaN,NaN,NaN].
[NaN,NaN,NaN].
[NaN,NaN,NaN].
[NaN,NaN,NaN].
[NaN,NaN,NaN].
[NaN,NaN,NaN].
[NaN,NaN,NaN].
[NaN,NaN,NaN].
[NaN,NaN,NaN].
[NaN,NaN,NaN].
[NaN,NaN,NaN].
[NaN,NaN,NaN].
[NaN,NaN,NaN].
[NaN,NaN,NaN].
[NaN,NaN,NaN].
[NaN,NaN,NaN].
[NaN,NaN,NaN].
[NaN,NaN,NaN].
[NaN,NaN,NaN].
[NaN,NaN,NaN].
[NaN,NaN,NaN].
[NaN,NaN,NaN].
[NaN,NaN,NaN].
[NaN,NaN,NaN].
[NaN,NaN,NaN].
[NaN,NaN,NaN].
[765.643442545339,410.548605661777,216.706888916404].
[660.976973284415,422.792236827426,143.841643652189].
[637.622727236054,425.524160210215,127.58320980713].
[637.622727236054,425.524160210215,127.58320980713].
[637.622727236054,425.524160210215,127.58320980713].
[637.622815703572,425.523718104689,127.566673651203].
[637.623212187477,425.521736725184,127.492563741919].
[637.623865878926,425.518469982648,127.370377158112].
[637.624262362832,425.516488603143,127.296267248828].
[637.624350830349,425.516046497617,127.279731092901].
[637.624350830349,425.516046497617,127.279731092901].
[637.624350830349,425.516046497617,127.279731092901].
[637.624350830349,425.516046497617,127.279731092901].
[637.624350830349,425.516046497617,127.279731092901].
[637.624262362832,425.516488603143,127.279731092901].
[637.623865878926,425.518469982648,127.279731092901].
[637.579549974168,425.539413019479,127.251344513166].
[637.383396350494,425.621047130621,127.124124689023].
[637.060341703265,425.754041281393,126.914374658903].
[636.864094678835,425.836460964316,126.787154834759].
[636.82008882936,425.856078173692,126.758768255024].
[636.820012153767,425.856511250384,126.758768255024].
[636.820012153767,425.856511250384,126.758768255024].
[636.820012153767,425.856511250384,126.758768255024].
[636.841940862473,425.808483353859,126.824676654632].
[636.940218516604,425.59323725493,127.120057608799].
[637.102250975405,425.23835643319,127.607058470894].
[637.200528629536,425.023110334261,127.902439425061].
[637.222374160182,424.975533126588,127.984917646687].
[637.222001381979,424.977552973892,128.059178436923].
[637.221386774627,424.980883139104,128.181613781363].
[637.221013996425,424.982902986408,128.255874571599].
[637.220930818365,424.98335367526,128.272444393617].
[637.220847301379,424.983806200532,128.289081732629].
[637.220473004219,424.9858342781,128.363645113042].
[637.219855892529,424.989178012725,128.486579344344].
[637.219481595368,424.991206090293,128.561142724757].
[637.219398078383,424.991658615566,128.577780063769].
[637.219398078383,424.991658615566,128.577780063769].
[637.219398078383,424.991658615566,128.577780063769].
[637.219398078383,424.991658615566,128.577780063769].
[637.219398078383,424.991658615566,128.577780063769].
[637.263087666414,424.973593388939,128.622976655606].
[637.45889081558,424.892630660214,128.825533727256].
[637.781715632479,424.759145687232,129.159493879816].
[637.977518781645,424.678182958507,129.362050951466].
[638.021208369676,424.66011773188,129.407247543303].
[638.021208369676,424.66011773188,129.407247543303].
[638.021208369676,424.66011773188,129.407247543303].
[638.021208369676,424.66011773188,129.407247543303].
[638.021208369676,424.66011773188,129.407247543303].
[638.021208369676,424.66011773188,129.407247543303].
[638.021208369676,424.66011773188,129.407247543303].
[638.021208369676,424.66011773188,129.407247543303].
[638.021208369676,424.66011773188,129.407247543303].
[638.021208369676,424.66011773188,129.407247543303].
[638.021208369676,424.66011773188,129.407247543303].
[638.021208369676,424.66011773188,129.407247543303].
[637.999418135323,424.630223941989,129.428158461016].
[637.901761080183,424.49624927056,129.521874692379].
[637.74075181614,424.27536238004,129.676386636439].
[637.643094761,424.141387708611,129.770102867803].
[637.621304526647,424.111493918719,129.791013785515].
[637.621304526647,424.111493918719,129.791013785515].
[637.66496856705,424.093454640425,129.836166764979].
[637.860657219688,424.012608204058,130.038528379536].
[638.183293263729,423.879314964758,130.372166277829].
[638.378981916367,423.79846852839,130.574527892385].
[638.42264595677,423.780429250096,130.619680871849].
[638.42264595677,423.780429250096,130.619680871849].
[638.42264595677,423.780429250096,130.619680871849].
[638.42264595677,423.780429250096,130.619680871849].
[638.42264595677,423.780429250096,130.619680871849].
[638.42264595677,423.780429250096,130.619680871849].
[638.42264595677,423.780429250096,130.619680871849].
[638.42264595677,423.780429250096,130.619680871849].
[638.42264595677,423.780429250096,130.619680871849].
[638.42264595677,423.780429250096,130.619680871849].
[638.42264595677,423.780429250096,130.619680871849].
[638.42264595677,423.780429250096,130.619680871849].
[638.42264595677,423.780429250096,130.619680871849].
[638.42264595677,423.780429250096,130.619680871849].
[638.42264595677,423.780429250096,130.619680871849].
[638.42264595677,423.780429250096,130.619680871849].
[638.42264595677,423.780429250096,130.619680871849].
[638.42264595677,423.780429250096,130.619680871849].
[638.42264595677,423.780429250096,130.619680871849].
[638.42264595677,423.780429250096,130.619680871849].
[638.42264595677,423.780429250096,130.619680871849].
[638.42264595677,423.780429250096,130.619680871849].
[638.42264595677,423.780429250096,130.619680871849].
[638.42264595677,423.780429250096,130.619680871849].
[638.42264595677,423.780429250096,130.619680871849].
[638.42264595677,423.780429250096,130.619680871849].
[638.42264595677,423.780429250096,130.619680871849].
[638.400767731584,423.751522393803,130.657540005882].
[638.302716328891,423.621481954903,130.82721287309].
[638.140959892567,423.40569648779,131.123981072383].
[638.020794535383,423.242656162373,131.37379946841].
[637.90104003983,423.077661951697,131.554689194067].
[637.740416352792,422.856415426185,131.659401077317].
[637.643159840562,422.722519156125,131.693658410106].
[637.621480623725,422.692642859943,131.697503477993].
[637.621480623725,422.692642859943,131.697503477993].
[637.621480623725,422.692642859943,131.697503477993].
[637.621480623725,422.692642859943,131.697503477993].
[637.621480623725,422.692642859943,131.697503477993].
[637.621480623725,422.692642859943,131.697503477993].
[637.621480623725,422.692642859943,131.697503477993].
[637.621480623725,422.692642859943,131.697503477993].
[637.621480623725,422.692642859943,131.697503477993].
[637.621480623725,422.692642859943,131.697503477993].
[637.621480623725,422.692642859943,131.697503477993].
[637.621480623725,422.692642859943,131.697503477993].
[637.621480623725,422.692642859943,131.697503477993].
[637.621480623725,422.692642859943,131.697503477993].
[637.621480623725,422.692642859943,131.697503477993].
[637.621480623725,422.692642859943,131.697503477993].
[637.621389429366,422.693138684863,131.71449449372].
[637.620980724602,422.695360817985,131.790642943201].
[637.620306884364,422.699024496131,131.91619051159].
[637.619898179599,422.701246629253,131.99233896107].
[637.61980698524,422.701742454173,132.009329976798].
[637.61980698524,422.701742454173,132.009329976798].
[637.61980698524,422.701742454173,132.009329976798].
[637.61980698524,422.701742454173,132.009329976798].
[637.61980698524,422.701742454173,132.009329976798].
[637.61980698524,422.701742454173,132.009329976798].
[637.598036147857,422.671872501177,132.030166468309].
[637.500466023903,422.538004659307,132.123549144579].
[637.339600085155,422.317293900953,132.27751114926].
[637.242029961202,422.183426059082,132.370893825529].
[637.198487860234,422.123685568338,132.412567216461].
[637.100915826183,421.989815105782,132.505951720852].
[636.940046738217,421.769100026648,132.659916739595].
[636.842474704166,421.635229564092,132.753301243986].
[636.820703440582,421.605359026343,132.774138143406].
[636.820703440582,421.605359026343,132.774138143406].
[636.820703440582,421.605359026343,132.774138143406].
[636.820703440582,421.605359026343,132.774138143406].
[636.820703440582,421.605359026343,132.774138143406].
[636.820703440582,421.605359026343,132.774138143406].
[636.820703440582,421.605359026343,132.774138143406].
[636.820703440582,421.605359026343,132.774138143406].
[636.820703440582,421.605359026343,132.774138143406].
[636.820703440582,421.605359026343,132.774138143406].
[636.820703440582,421.605359026343,132.774138143406].
[636.820703440582,421.605359026343,132.774138143406].
[636.820703440582,421.605359026343,132.774138143406].
[636.820703440582,421.605359026343,132.774138143406].
[636.820703440582,421.605359026343,132.774138143406].
[636.820703440582,421.605359026343,132.774138143406].
[636.820703440582,421.605359026343,132.774138143406].
[636.820703440582,421.605359026343,132.774138143406].
[636.798931750786,421.575487903822,132.794975450747].
[636.701357806581,421.441614820504,132.888361783313].
[636.540485569304,421.220895420462,133.042329816207].
[636.4429116251,421.087022337143,133.135716148773].
[636.399367819281,421.027279507314,133.177391171388].
[636.301791964866,420.893403803156,133.270779332183].
[636.140916578187,420.672680082081,133.424750379316].
[636.043340723772,420.538804377922,133.51813854011].
[636.02156860775,420.508932670614,133.538976255384].
[636.02156860775,420.508932670614,133.538976255384].
[636.02156860775,420.508932670614,133.538976255384].
[636.02156860775,420.508932670614,133.538976255384].
[636.02156860775,420.508932670614,133.538976255384].
[635.97802309698,420.449187501562,133.580652909779].
[635.782865657298,420.181428230419,133.767434716268].
[635.461105435358,419.739967824659,134.075385853607].
[635.309493506447,419.531953722568,134.220491005702].
[635.461105435358,419.739967824659,134.075385853607].
[635.782865657298,420.181428230419,133.767434716268].
[635.97802309698,420.449187501562,133.580652909779].
[635.99979606549,420.479060378499,133.559814378603].
[635.90221830081,420.345182053425,133.65320436768].
[635.719566796124,420.094581134251,133.828016960317].
[635.524409356442,419.826821863109,134.014798766806].
[635.341755128418,419.57621720747,134.189613965903].
[635.244175453416,419.442336261402,134.283005783315].
[635.222402484906,419.412463384465,134.303844314491].
[635.222402484906,419.412463384465,134.303844314491].
[635.222402484906,419.412463384465,134.303844314491].
[635.222402484906,419.412463384465,134.303844314491].
[635.222402484906,419.412463384465,134.303844314491].
[635.222402484906,419.412463384465,134.303844314491].
[635.222402484906,419.412463384465,134.303844314491].
[635.200629090132,419.382589922688,134.324683253636].
[635.081273683704,419.218832308916,134.438916246564].
[634.822805352445,418.864209435691,134.686291811192].
[634.564335781847,418.509584862072,134.93366856197].
[634.44497889126,418.345825212009,135.04790297536].
[634.423205070211,418.315951165375,135.068742322486].
[634.423205070211,418.315951165375,135.068742322486].
[634.423205070211,418.315951165375,135.068742322486].
[634.423205070211,418.315951165375,135.068742322486].
[634.423205070211,418.315951165375,135.068742322486].
[634.423205070211,418.315951165375,135.068742322486].
[634.423205070211,418.315951165375,135.068742322486].
[634.423205070211,418.315951165375,135.068742322486].
[634.423205070211,418.315951165375,135.068742322486].
[634.423205070211,418.315951165375,135.068742322486].
[634.401430822874,418.286076533867,135.089582077604].
[634.282070742933,418.122312507957,135.20381954347].
[634.023592291,417.767675748996,135.451204794421].
[633.765112599654,417.413037289542,135.698591231592].
[633.645751035467,417.249271227222,135.812830118004].
[633.62397636183,417.219396010822,135.833670281127].
[633.62397636183,417.219396010822,135.833670281127].
[633.580226957273,417.237274793262,135.788293954709].
[633.340371235035,417.335295059328,135.539518647799].
[632.820875942239,417.547593796021,135.000704732095].
[632.301278631534,417.759934223705,134.461785004712].
[632.061300738742,417.858004416411,134.212882984057].
[632.017516244736,417.875897538626,134.167470263307].
[632.017516244736,417.875897538626,134.167470263307].
[632.017516244736,417.875897538626,134.167470263307].
[632.105050143298,417.840125633971,134.258259310475].
[632.497349859767,417.679807079854,134.665147590872].
[633.144142746799,417.415486469594,135.335992953562].
[633.536408180187,417.255733908676,135.759602315524].
[633.623788432639,417.222498609553,135.925330051182].
[633.623500689078,417.227249083944,136.06567285028].
[633.623192765518,417.232332718056,136.215858154346].
[633.622904121924,417.236529732557,136.356639931558].
[633.600986016521,417.207235620362,136.452659294649].
[633.481648590528,417.042454428562,136.583319270125].
[633.223293654503,416.689614575929,136.829909248078].
[632.964937368831,416.337099269496,137.076500514218].
[632.845632750533,416.173968171626,137.190372242967].
[632.823868458363,416.144105103578,137.211145433559].
[632.823868458363,416.144105103578,137.211145433559].
[632.802103701961,416.114241398553,137.231919067242].
[632.704560831077,415.980401558142,137.325020034272].
[632.521974604396,415.729872624365,137.499291655726].
[632.326886782021,415.462190088715,137.685495575646].
[632.144297589246,415.211657085121,137.859770028124].
[632.046752637755,415.077814389882,137.952872981015].
[632.046752637755,415.077814389882,137.952872981015].
[632.144297589246,415.211657085121,137.859770028124].
[632.326886782021,415.462190088715,137.685495575646].
[632.521974604396,415.729872624365,137.499291655726].
[632.704560831077,415.980401558142,137.325020034272].
[632.802103701961,416.114241398553,137.231919067242].
[632.954743119565,416.168157887439,137.219368586099].
[633.541282658257,416.275954985981,137.256222198964].
[634.551811963178,416.513357616956,137.316983534395].
[635.333256087353,416.88860068358,137.353837147259].
[635.785474084399,417.353597323783,137.3620602998].
[635.980378669882,417.621043291866,137.3620602998].
[636.045762415809,417.709420257005,137.306952119934].
[636.165642555529,417.867902258581,137.039151252924].
[636.424923005755,418.213758685413,136.538630983146].
[636.683797736249,418.56295331465,136.137789908959].
[636.759549223075,418.743330228451,135.944023633958].
[636.585710926466,418.853390165538,135.72002196452].
[636.219497191976,419.004084846704,135.373448127815].
[635.827841116767,419.16752632964,135.118330976907].
[635.460783573621,419.324182428179,134.98736340965].
[635.264355421885,419.410872018408,134.935424788562].
[635.220364320162,419.431748458453,134.923835715721].
[635.220307116276,419.432289720481,134.923835715721].
[635.220307116276,419.432289720481,134.923835715721].
[635.220307116276,419.432289720481,134.923835715721].
[635.220307116276,419.432289720481,134.923835715721].
[635.220307116276,419.432289720481,134.923835715721].
[635.220307116276,419.432289720481,134.923835715721].
[635.198545145039,419.402429837016,134.94460669107].
[635.101014756398,419.268607123653,135.037695744273].
[634.940214330105,419.047970769628,135.191173646358].
[634.842683941464,418.914148056264,135.28426269956].
[634.820921970227,418.8842881728,135.30503367491].
[634.820921970227,418.8842881728,135.30503367491].
[634.820973450667,418.883740107469,135.288141858288].
[634.82120416999,418.881283849066,135.212437988355].
[634.821584561847,418.87723416359,135.087623407723].
[634.821815281171,418.874777905186,135.011919537791].
[634.821866761611,418.874229839855,134.995027721169].
[634.821866761611,418.874229839855,134.995027721169].
[634.821866761611,418.874229839855,134.995027721169].
[634.778156487142,418.892133900132,134.949467877109].
[634.582260627791,418.972374331391,134.745282821939].
[634.259282957639,419.104668437176,134.408638578321].
[634.063387098288,419.184908868435,134.20445352315].
[634.019676823819,419.202812928712,134.15889367909].
[634.019676823819,419.202812928712,134.15889367909].
[633.997899453739,419.17293376335,134.179707052627].
[633.900300052269,419.039024634515,134.272986121325].
[633.717608027413,418.806260787779,134.426777305998].
[633.522407227592,418.600743777175,134.520056374696].
[633.317934094776,418.402107897947,134.561683547611].
[633.100743524923,418.204171889801,134.630205931065].
[632.797724002449,418.058219029298,134.673039943377].
[632.440021672821,417.951674016411,134.583378282547].
[632.158720939005,417.89790491944,134.493231763].
[632.039090362233,417.885907412222,134.468473169268].
[632.017302862244,417.885907412222,134.468473169268].
[632.017302862244,417.885907412222,134.468473169268].
[632.017302862244,417.885907412222,134.468473169268].
[632.017302862244,417.885907412222,134.468473169268].
[632.017302862244,417.885907412222,134.468473169268].
[632.017314489176,417.885361987377,134.452071916876].
[632.017366597467,417.882917562812,134.378566603294].
[632.017452509514,417.878887388036,134.257376829281].
[632.017504617805,417.87644296347,134.183871515699].
[632.017516244736,417.875897538626,134.167470263307].
[632.017516244736,417.875354346921,134.167470263307].
[631.995735047491,417.84301400964,134.167470263307].
[631.898112393729,417.704971296582,134.172026246152].
[631.737142566505,417.481012899628,134.192444744672].
[631.639480938686,417.343987154693,134.226109157498].
[631.595873804771,417.280123136952,134.251217878188].
[631.498173167164,417.143609145279,134.27679397847].
[631.337102105191,416.922033331422,134.311450293201].
[631.239407567712,416.787972853899,134.332470410638].
[631.217608969919,416.75805991808,134.337160632808].
[631.151935321175,416.75805991808,134.312978733008].
[630.85760644739,416.75805991808,134.204602976976].
[630.3723401726,416.746039068491,134.025921562776].
[630.056196795865,416.692165358271,133.917545806743].
[629.892757327676,416.6033426263,133.893363906943].
[629.731568741609,416.519543226487,133.8983878602].
[629.633802922164,416.373404740925,133.920903656601].
[629.61196780863,416.1517280242,133.973934625639].
[629.611875438398,416.015127005788,134.056995335095].
[629.589902991645,415.951174403199,134.131378302315].
[629.491993709357,415.813984713705,134.139032810667].
[629.308801533709,415.559817072223,134.182797785322].
[629.113003790853,415.287366535738,134.31212726787].
[628.92979649751,415.003201986314,134.421329793515].
[628.831954523373,414.731172357754,134.465717612844].
[628.832150981137,414.455384113064,134.507868346715].
[628.930847651474,414.234308250544,134.605970014229].
[629.093570951206,414.068516905093,134.72674251486].
[629.192242155182,413.984639874911,134.775207246112].
[629.214150226729,413.959949024237,134.718205131401].
[629.213962054358,413.953152607074,134.602596742802].
[629.169811009388,413.950016629828,134.478749548458].
[628.950568679177,413.949444970809,134.201118086555].
[628.483093192013,413.936260666978,133.677573568203].
[627.9045886643,413.864005245383,133.138749630753].
[627.294614332211,413.694422691525,132.735610414658].
[626.694464368658,413.431127947533,132.460718798401].
[626.084496196249,413.033573243666,132.195984899254].
[625.504770945031,412.547917379422,131.975326606333].
[625.014501653955,412.208142277205,131.870604246135].
[624.673812511411,412.037284930211,131.749369808402].
[624.365254678609,411.918882390794,131.376432706939].
[624.098271228312,411.881970333734,130.769121757331].
[623.972830810111,411.98833099987,130.193078728158].
[623.948231553467,412.187168832169,129.602135916031].
[623.925018203892,412.307770073769,129.016028663156].
[623.801838049702,412.334679848122,128.42130699967].
[623.533692445012,412.336756216299,127.656055957855].
[623.263344013364,412.346061852866,126.647399225655].
[623.138007102142,412.361404253812,125.633642532166].
[623.116359940339,411.650742092903,102.769008909759].
[623.118689968502,408.426146652136,3.24404188902667].
[623.120103202021,403.106264207162,-160.279668803586].
[623.09273866445,399.954039854118,-259.194515644364].
[622.968686081983,399.641750823789,-280.433481049758].
[622.764157950586,400.561798553487,-278.893282598985].
[622.698085771133,401.690057471597,-277.489619774777].
[622.931411179105,402.94413812477,-276.275774065673].
[623.365008617257,404.864219156511,-275.322762825659].
[623.633394165383,407.498695724224,-274.406711828628].
[623.613782054553,410.099801921441,-272.515430516603].
[623.21632777018,412.622623449558,-268.516230967929].
[622.455819260026,414.987989004218,-262.82627067687].
[621.768672168604,416.604145908824,-258.14756474232].
[621.402545158372,418.120509553679,-254.848016240178].
[621.378068618571,420.519632504224,-252.120890480479].
[621.551729886411,423.211576980507,-250.553405206683].
[621.68707128197,424.796486486364,-249.946206023342].
[621.67366746805,425.486143617256,-249.388013638738].
[621.43919920016,426.454272091422,-247.508574814989].
[620.963880795306,428.480085622775,-243.374599389667].
[620.282000376974,431.367998097953,-237.516219190588].
[619.199397852462,434.034572622202,-230.271266342787].
[617.765221467047,436.112170500511,-222.193703896231].
[616.006880210059,438.321349145213,-212.58064019019].
[613.665737679078,440.416786830796,-200.602509728527].
[610.284367820463,441.883800581795,-184.877719141741].
[605.615661450705,442.731534559805,-164.350827757375].
[565.426846503314,451.06883342768,13.3816924884308].
[403.442704609145,486.534234836163,731.597935005486].
[139.604863964453,544.741384349178,1901.85920511369].
[NaN,NaN,NaN].
[NaN,NaN,NaN].
[NaN,NaN,NaN].
[NaN,NaN,NaN].
[NaN,NaN,NaN].
[NaN,NaN,NaN].
[NaN,NaN,NaN].
[NaN,NaN,NaN].
[NaN,NaN,NaN].
[NaN,NaN,NaN].
[NaN,NaN,NaN].
[NaN,NaN,NaN].
[NaN,NaN,NaN].
[NaN,NaN,NaN].
[NaN,NaN,NaN].
[NaN,NaN,NaN].
[NaN,NaN,NaN].
[NaN,NaN,NaN].
[NaN,NaN,NaN].
[NaN,NaN,NaN].
[NaN,NaN,NaN].
[NaN,NaN,NaN].
[NaN,NaN,NaN].
[NaN,NaN,NaN].
[NaN,NaN,NaN].
[NaN,NaN,NaN].
[NaN,NaN,NaN].
[NaN,NaN,NaN].
[NaN,NaN,NaN].
[NaN,NaN,NaN].
[NaN,NaN,NaN].
[NaN,NaN,NaN].
[NaN,NaN,NaN].
[NaN,NaN,NaN].
[NaN,NaN,NaN].
[NaN,NaN,NaN].
[NaN,NaN,NaN].
[NaN,NaN,NaN].
[NaN,NaN,NaN].
[NaN,NaN,NaN].
[NaN,NaN,NaN].
[NaN,NaN,NaN].
[NaN,NaN,NaN].
[NaN,NaN,NaN].
[NaN,NaN,NaN].
[NaN,NaN,NaN].
[NaN,NaN,NaN].
[NaN,NaN,NaN].
[NaN,NaN,NaN].
[NaN,NaN,NaN].
[NaN,NaN,NaN].
[NaN,NaN,NaN].
[NaN,NaN,NaN].
[NaN,NaN,NaN].
[NaN,NaN,NaN].
[NaN,NaN,NaN].
[NaN,NaN,NaN].
[NaN,NaN,NaN].
[NaN,NaN,NaN].
[NaN,NaN,NaN].
[NaN,NaN,NaN].
[NaN,NaN,NaN].
[NaN,NaN,NaN].
[NaN,NaN,NaN].
[NaN,NaN,NaN].
[NaN,NaN,NaN].
[NaN,NaN,NaN].
[NaN,NaN,NaN].
[NaN,NaN,NaN].
[NaN,NaN,NaN].
[NaN,NaN,NaN].
[NaN,NaN,NaN].
[NaN,NaN,NaN].
[NaN,NaN,NaN].
[NaN,NaN,NaN].
[NaN,NaN,NaN].
