[495.017781173977,391.012753065967,90.5201396495191].
[495.229525156393,390.907868010372,90.8374490264721].
[495.620298586451,390.368487902246,91.6069969239025].
[496.109275960087,389.08523653292,93.0651249209552].
[496.738545690832,387.351786643001,94.9228368713735].
[497.32784838856,385.557202485426,96.8491187825137].
[497.621852151702,383.912346169231,98.5125477654202].
[497.703149665999,382.460339268249,99.8205960794364].
[497.778834787119,381.023138585654,101.163362771491].
[498.109133649715,379.52465875754,102.787878173681].
[498.978325394223,378.122676249983,104.588725244429].
[500.396019524388,376.924115336195,106.423006866713].
[502.324061532247,375.677390317105,108.561812961622].
[504.9613087515,374.382608075511,111.110602475235].
[508.213203081586,373.227429120721,113.8405662485].
[511.655824545906,372.066411960042,116.703938324635].
[514.644082286905,370.941024765754,119.329056013718].
[516.890168122755,369.919768189789,121.496523710735].
[518.250104005431,369.039885635161,123.092992829281].
[518.936684044406,368.254535821606,124.267040050238].
[519.468681255081,367.462199936802,125.402327824663].
[520.251789883247,366.959712288455,126.386099456074].
[521.622437464132,366.624028010907,127.383443475503].
[523.081181623088,366.151933787428,128.422131346025].
[523.814319142862,365.633984489648,129.311682748126].
[523.963117848582,365.370321167302,129.735467820052].
[523.873498424533,365.273519961785,129.824832420117].
[523.461981234209,365.077247466159,129.839686202902].
[522.783504089264,364.753648827768,129.864175950531].
[522.324978172919,364.575066573261,129.838189677126].
[522.02247778272,364.610554420153,129.658471570598].
[521.675127669013,364.741268604182,129.356702104324].
[521.419940613865,364.803133546173,129.218035273849].
[521.1734583541,364.698979208671,129.379782024868].
[520.844582096075,364.356417067851,129.726029110891].
[520.553067316273,363.849500846664,129.960358691792].
[520.096004988853,363.387629240955,130.035966505852].
[519.370881066567,363.008789917541,130.095330181708].
[518.757267833178,362.597537581935,130.297520636787].
[518.334059470337,362.116958789543,130.625036057734].
[518.272741786412,361.841361814215,130.867727304449].
[518.947366277965,361.779675427827,131.192675572057].
[520.400974049593,361.7714339796,131.897051207142].
[521.862749520948,361.734738426448,132.769979056952].
[523.120455027147,361.665792515245,133.476663802325].
[524.564095987688,361.561384568878,134.285310227914].
[525.739897316161,361.354921551015,135.211546659339].
[526.349721879784,361.056656434272,135.88728632623].
[526.806079217471,360.755099659575,136.451342227549].
[527.267849467388,360.436212277408,137.122298568773].
[527.509469084959,360.141237065556,137.59518654482].
[527.558387659951,359.878077249858,137.821771527396].
[527.582610775552,359.72244108136,137.947447944978].
[527.691171247993,359.583147043979,138.156887850751].
[527.870157208064,359.317139033823,138.472396566561].
[527.909442749487,358.998068191883,138.661347412402].
[527.623197163896,358.781367991284,138.693224205546].
[527.111320812353,358.651144715397,138.675380642158].
[526.800852111161,358.591333904319,138.664557973885].
[526.684471505553,358.595309559199,138.618055513568].
[526.426382796128,358.689882267586,138.378211225595].
[525.867650083333,358.894901433635,137.861531122702].
[525.261828044933,359.117787697593,137.302720088697].
[524.74554611131,359.308464314991,136.826996358327].
[524.139954168695,359.532429620042,136.277693205727].
[523.581716415284,359.739071940918,135.77588996095].
[523.323960733304,359.834584884786,135.544842098217].
[523.276933628995,359.852034047312,135.502687792024].
[523.182782442082,359.886968355655,135.418292249924].
[522.760826096733,360.043533063536,135.040057671309].
[522.065137694851,360.301664627661,134.416454276231].
[521.643181349502,360.458229335542,134.038219697615].
[521.502038836965,360.510765397022,133.913026896924].
[521.24425247621,360.607121469786,133.687589497624].
[520.685558625432,360.815479106781,133.195230780518].
[520.126299220017,361.023455108174,132.697640219282].
[519.867835584816,361.11935415694,132.465937475997].
[519.820649734513,361.136824645053,132.423340704624].
[519.867835584816,361.11935415694,132.465937475997].
[520.079307894392,361.041056861311,132.656842960691].
[520.475119733211,360.894508140017,133.014159959255].
[520.897916875899,360.737968151692,133.395837795062].
[521.29351847358,360.591497271855,133.752964999576].
[521.551963378511,360.495808445428,133.98627474089].
[521.81029383323,360.400161994015,134.219481162895].
[522.158466687284,360.271251533168,134.5337923254].
[522.369644198147,360.193063386307,134.724431682149].
[522.416669103594,360.175617252576,134.765919345637].
[522.416242597507,360.175617252576,134.761214796899].
[522.390920367611,360.193063386307,134.711970643838].
[522.280158977966,360.301969185361,134.499217096002].
[522.098152342173,360.568546612307,134.092503767863].
[522.010223332285,360.904426878241,133.721051761889].
[522.086020451184,361.197206996155,133.481346203988].
[522.251578708675,361.454899189337,133.295828952673].
[522.352166319435,361.592717757391,133.198612946229].
[522.375340585968,361.624114621024,133.18498240258].
[522.376607451627,361.62523443225,133.198969586331].
[522.377375844491,361.625913632092,133.20745324212].
[522.377547296113,361.626065182062,133.209346201594].
[522.377547296113,361.625913632092,133.209346201594].
[522.377547296113,361.62523443225,133.209346201594].
[522.471551956979,361.589191684607,133.292529233074].
[522.892851618141,361.431998742319,133.665329716095].
[523.587457330837,361.173799656021,134.279973802179].
[524.008756991999,361.017285913575,134.6527742852].
[524.102761652865,360.982362977157,134.73595731668].
[524.102761652865,360.982362977157,134.73595731668].
[524.102761652865,360.982362977157,134.73595731668].
[524.055690010028,360.999818358851,134.693434148602].
[523.82003095528,361.095515506928,134.460305708116].
[523.361524555943,361.333496125973,133.933276904698].
[522.945658957833,361.678461531163,133.329167088339].
[522.709885610327,362.001252971035,132.932532277132].
[522.620044899854,362.156733951463,132.790870450911].
[522.685274637134,362.188022670756,132.769727571729].
[522.763677612234,362.188369026391,132.774080764529].
[522.786730881547,362.188446308779,132.781257966093].
[522.787035927395,362.188369026391,132.784639830286].
[522.786730881547,362.188022670756,132.781257966093].
[522.786083494365,362.187451626854,132.774080764529].
[522.832787502748,362.169627005987,132.812288110952].
[523.043772513147,362.091217573335,133.00205988581].
[523.391772439197,361.962069691017,133.31654209773].
[523.602845063924,361.883737540753,133.507285201193].
[523.649840541775,361.866168998302,133.549845740416].
[523.649387036487,361.86576440388,133.548715614986].
[523.648639332672,361.865097340451,133.543650744199].
[523.648185827384,361.864692746029,133.535300183999].
[523.625688545648,361.86460246881,133.530235313211].
[523.500716842445,361.882094062992,133.487674773988].
[523.22498406638,361.960485949456,133.301996541312].
[522.94275826523,362.089809268391,132.994897760372].
[522.809724408572,362.168546013076,132.80488515524].
[522.737438144698,362.204096640817,132.714685468161].
[522.52621827081,362.282828295626,132.523809297882].
[522.178532924702,362.412143222774,132.215286738717].
[521.967704013385,362.490530019363,132.028744940894].
[521.943075421765,362.538748882821,131.964999901792].
[522.043526643199,362.676464039579,131.865856254583].
[522.209142708646,362.903517947822,131.702396014574].
[522.309593930081,363.041233104579,131.603252367365].
[522.332007627207,363.071961509561,131.581130429485].
[522.332007627207,363.071961509561,131.581130429485].
[522.332007627207,363.071961509561,131.581130429485].
[522.332007627207,363.071961509561,131.581130429485].
[522.332007627207,363.071961509561,131.581130429485].
[522.379129344959,363.054460333094,131.623728381669].
[522.590314232386,362.976025501801,131.814639158388].
[522.938499248337,362.846708327086,132.129397816772].
[523.149684135764,362.768273495794,132.320308593492].
[523.196805853517,362.750772319326,132.362906545675].
[523.196805853517,362.750772319326,132.362906545675].
[523.196805853517,362.750772319326,132.362906545675].
[523.196805853517,362.750772319326,132.362906545675].
[523.196805853517,362.750772319326,132.362906545675].
[523.196805853517,362.750772319326,132.362906545675].
[523.196805853517,362.750772319326,132.362906545675].
[523.196805853517,362.750772319326,132.362906545675].
[523.196805853517,362.750772319326,132.362906545675].
[523.196805853517,362.750772319326,132.362906545675].
[523.196805853517,362.750772319326,132.362906545675].
[523.196805853517,362.750772319326,132.362906545675].
[523.196805853517,362.750772319326,132.362906545675].
[523.196805853517,362.750772319326,132.362906545675].
[523.196805853517,362.750772319326,132.362906545675].
[523.196805853517,362.750772319326,132.362906545675].
[523.196805853517,362.750772319326,132.362906545675].
[523.196805853517,362.750772319326,132.362906545675].
[523.196805853517,362.750772319326,132.362906545675].
[523.196805853517,362.750772319326,132.362906545675].
[523.196805853517,362.750772319326,132.362906545675].
[523.196805853517,362.750772319326,132.362906545675].
[523.196805853517,362.750772319326,132.362906545675].
[523.196895524314,362.750851248713,132.363904796346].
[523.197387461879,362.751284258474,132.36938123927].
[523.198453669527,362.752222748134,132.381250683171].
[523.19952101144,362.753162236189,132.393132754157].
[523.200014307333,362.753596441567,132.398624318523].
[523.200104368265,362.753675714355,132.399626912328].
[523.200104368265,362.753675714355,132.399626912328].
[523.200104368265,362.753675714355,132.399626912328].
[523.200104368265,362.753675714355,132.399626912328].
[523.200104368265,362.753675714355,132.399626912328].
[523.200104368265,362.753675714355,132.399626912328].
[523.200104368265,362.753675714355,132.399626912328].
[523.200104368265,362.722954726264,132.421687168002].
[523.177694355859,362.585272809706,132.520554374744].
[523.077259648192,362.358273705285,132.683558841474].
[522.911670809346,362.220591788726,132.782426048216].
[522.788826061257,362.159149774137,132.826546587143].
[522.665981215623,362.021467685452,132.925413917485].
[522.500392169763,361.794468297244,133.088418587999].
[522.399957336536,361.656786208559,133.187285918342].
[522.377547296113,361.626065182062,133.209346201594].
[522.377375844491,361.625913632092,133.20745324212].
[522.376607451627,361.62523443225,133.198969586331].
[522.375340585968,361.624114621024,133.18498240258].
[522.327434862289,361.640915161676,133.133916238084].
[522.116008550344,361.719102373628,132.941181714745].
[521.767708168592,361.848261156728,132.626537169069].
[521.55645330827,361.92659991865,132.435695605205].
[521.509315977454,361.944079659143,132.393113096498].
[521.509315977454,361.944079659143,132.393113096498].
[521.509315977454,361.944079659143,132.393113096498].
[521.462145751074,361.961571598162,132.350500870883].
[521.250743463063,362.039965030081,132.159526125086].
[520.902200014144,362.169213948769,131.844661999524].
[520.690797726133,362.247607380687,131.653687253727].
[520.643627499754,362.26500209099,131.611075028113].
[520.643627499754,362.264566342113,131.611075028113].
[520.69065624582,362.246329546188,131.652136515568].
[520.901424463056,362.167381921227,131.836161335107].
[521.248922506,362.037840492406,132.139566969418].
[521.459690723236,361.959328616321,132.323591788957].
[521.481995300591,361.990064131588,132.300184583754].
[521.371189263905,362.206323030518,132.01125594849].
[521.141334978163,362.562873677163,131.514761377742].
[520.819145522468,362.779132576093,131.135608345827].
[520.423567296955,362.831768697021,130.900194094224].
[520.112055246323,362.851408525955,130.711468286279].
[519.922146743034,362.896947905532,130.531627309447].
[519.922234343472,362.975635977941,130.439197440572].
[520.065369428551,363.07758393815,130.421265728363].
[520.166145344724,363.137109453868,130.42221603187].
[520.188879660259,363.150603018742,130.42221603187].
[520.166537942649,363.119927868474,130.444353421052].
[520.066016713101,362.982116593772,130.543566316193].
[519.900285223788,362.754904213829,130.70714072674].
[519.79976399424,362.617092939127,130.80635362188].
[519.777334676192,362.586343087333,130.828491011062].
[519.777334676192,362.586343087333,130.828491011062].
[519.777334676192,362.586343087333,130.828491011062].
[519.777334676192,362.586343087333,130.828491011062].
[519.777334676192,362.586343087333,130.828491011062].
[519.777334676192,362.586343087333,130.828491011062].
[519.777334676192,362.586343087333,130.828491011062].
[519.777334676192,362.586343087333,130.828491011062].
[519.777334676192,362.586343087333,130.828491011062].
[519.777334676192,362.586343087333,130.828491011062].
[519.777334676192,362.586343087333,130.828491011062].
[519.777334676192,362.586343087333,130.828491011062].
[519.777334676192,362.586343087333,130.828491011062].
[519.777334676192,362.586343087333,130.828491011062].
[519.777334676192,362.586343087333,130.828491011062].
[519.777334676192,362.586343087333,130.828491011062].
[519.777334676192,362.586343087333,130.828491011062].
[519.777334676192,362.586343087333,130.828491011062].
[519.777334676192,362.586343087333,130.828491011062].
[519.777334676192,362.586343087333,130.828491011062].
[519.777334676192,362.586343087333,130.828491011062].
[519.777334676192,362.586343087333,130.828491011062].
[519.777334676192,362.586343087333,130.828491011062].
[519.754905366623,362.555593247162,130.850205594584].
[519.654384175073,362.417782024554,130.947523606223].
[519.488652748408,362.190569730498,131.107973882035].
[519.410560866427,362.083508348061,131.183577310151].
[519.488652748408,362.190569730498,131.107973882035].
[519.654384175073,362.417782024554,130.947523606223].
[519.754905366623,362.555593247162,130.850205594584].
[519.777334676192,362.586343087333,130.828491011062].
[519.77729307463,362.586343087333,130.828041530173].
[519.729885524694,362.603814619079,130.783519618184].
[519.517921349641,362.682116591948,130.589409107148].
[519.168696882197,362.811214720155,130.272031865012].
[518.956829382947,362.889516693023,130.078978811234].
[518.931950888718,362.920229113035,130.035198666818].
[519.054992344201,362.979570657254,130.034914696647].
[519.321365803381,363.077408323443,130.035198666818].
[519.565168129122,363.136749867662,130.036471332833].
[519.565194599215,363.136772240293,130.038569604361].
[519.32148443411,363.077508590617,130.039558300204].
[519.055187933207,362.979735969875,130.038569604361].
[518.932043049354,362.920329380208,130.036471332833].
[518.90948964755,362.9070105974,130.035198666818].
[518.909463177456,362.90698822477,130.034914696647].
[518.909463177456,362.90698822477,130.034914696647].
[518.909463177456,362.90698822477,130.034914696647].
[518.909463177456,362.90698822477,130.034914696647].
[518.909463177456,362.90698822477,130.034914696647].
[518.909463177456,362.90698822477,130.034914696647].
[518.909463177456,362.90698822477,130.034914696647].
[518.909463177456,362.90698822477,130.034914696647].
[518.909463177456,362.90698822477,130.034914696647].
[518.909463177456,362.90698822477,130.034914696647].
[518.909463177456,362.90698822477,130.034914696647].
[518.909516232884,362.907033067432,130.034914696647].
[518.909754010813,362.907234038302,130.034914696647].
[518.910146040343,362.90756538325,130.035483873284].
[518.910383818272,362.90776635412,130.038034745997].
[518.910436873699,362.907811196782,130.042240424097].
[518.910436873699,362.907811196782,130.04479129681].
[518.910436873699,362.907811196782,130.045360473447].
[518.932874014618,362.938571789029,130.023215346331].
[519.033430303841,363.0764311991,129.923967772171].
[519.199219596786,363.30372294085,129.760336185589].
[519.299775886009,363.441582350921,129.66108861143].
[519.322213026927,363.472342943168,129.638943484314].
[519.299775886009,363.441582350921,129.66108861143].
[519.199219596786,363.30372294085,129.760336185589].
[519.033430303841,363.0764311991,129.923967772171].
[518.932874014618,362.938571789029,130.023215346331].
[518.910436873699,362.907811196782,130.045360473447].
[518.910436873699,362.907811196782,130.045360473447].
[518.910436873699,362.907811196782,130.045360473447].
[518.910436873699,362.907811196782,130.045360473447].
[518.910436873699,362.907811196782,130.045360473447].
[518.910436873699,362.907811196782,130.045360473447].
[518.910436873699,362.907811196782,130.045360473447].
[518.910436873699,362.907811196782,130.045360473447].
[518.910436873699,362.907811196782,130.045360473447].
[518.910436873699,362.907811196782,130.045360473447].
[518.957672994596,362.890294822374,130.088032226272].
[519.216573757735,362.794287728317,130.32191572816].
[519.777153975019,362.586410095998,130.82832777082].
[520.337638352385,362.378568003597,131.334653234455].
[520.596424343363,362.282603470024,131.568433054474].
[520.643627499754,362.265099319706,131.611075028113].
[520.643627499754,362.265099319706,131.611075028113].
[520.643627499754,362.265099319706,131.611075028113].
[520.643740978924,362.265197396744,131.612309911726].
[520.644249557284,362.265636947532,131.617844276121].
[520.645088061244,362.266361644265,131.626968900417].
[520.645596639604,362.266801195053,131.632503264811].
[520.645710118775,362.266899272091,131.633738148425].
[520.645710118775,362.266899272091,131.633738148425].
[520.645710118775,362.266899272091,131.633738148425].
[520.645710118775,362.266801195053,131.633738148425].
[520.739904196799,362.231389964753,131.717697999133].
[521.162052766773,362.073933074179,132.0939799444].
[521.858058093484,361.815085821603,132.714363991342].
[522.28037811508,361.658407100695,133.092538896083].
[522.375340585968,361.624114621024,133.18498240258].
[522.376607451627,361.62523443225,133.198969586331].
[522.377375844491,361.625913632092,133.20745324212].
[522.422367348942,361.687507196651,133.165225662668].
[522.623236889836,361.962871201894,132.967491125583].
[522.954414774543,362.416869694523,132.641481988339].
[523.155284315436,362.692233699766,132.443747451254].
[523.200104368265,362.753675714355,132.399626912328].
[523.200104368265,362.753675714355,132.399626912328].
[523.200104368265,362.753675714355,132.399626912328].
[523.200104368265,362.753675714355,132.399626912328].
[523.200104368265,362.753675714355,132.399626912328].
[523.200104368265,362.753675714355,132.399626912328].
[523.200104368265,362.753675714355,132.399626912328].
[523.200104368265,362.753675714355,132.399626912328].
[523.200014307333,362.753596441567,132.398624318523].
[523.199610682237,362.753241165576,132.394131004827].
[523.19885554616,362.752576485105,132.38572453229].
[523.198050044432,362.751867472143,132.376757369475].
[523.197297400947,362.751204985685,132.368378645465].
[523.196895524314,362.750851248713,132.363904796346].
[523.196805853517,362.750772319326,132.362906545675].
[523.196805853517,362.750772319326,132.362906545675].
[523.196805853517,362.750772319326,132.362906545675].
[523.196805853517,362.750772319326,132.362906545675].
[523.174399962925,362.720054632335,132.364552460894].
[523.004440515005,362.582387510282,132.371928941142].
[522.527211075103,362.355412797876,132.38409070103].
[521.865765911989,362.221999679943,132.348854955664].
[521.32028667601,362.210347116723,132.159526125086].
[520.902200014144,362.241780191814,131.844661999524].
[520.690797726133,362.260845315586,131.653687253727].
[520.643627499754,362.265099319706,131.611075028113].
[520.643627499754,362.265099319706,131.611075028113].
[520.643627499754,362.265099319706,131.611075028113].
[520.643627499754,362.265099319706,131.611075028113].
[520.643627499754,362.265099319706,131.611075028113].
[520.668384045941,362.230127640194,131.675809174894].
[520.779335188407,362.073395446354,131.965927492998].
[520.962262697,361.814987744566,132.444251735077].
[521.073213839466,361.675735291219,132.712248132015].
[521.073213839466,361.736594312647,132.635226480874].
[520.962262697,361.944146527666,132.280791618561].
[520.779335188407,362.151734208275,131.866783920691].
[520.668384045941,362.247607380687,131.653687253727].
[520.643627499754,362.265099319706,131.611075028113].
[520.643627499754,362.265099319706,131.611075028113].
[520.643684115845,362.265099319706,131.611691126055].
[520.691194175149,362.247732115527,131.658012665796].
[520.903400663544,362.169897706377,131.857789128465].
[521.252834025266,362.041570460418,132.182420381807].
[521.511844859417,361.946283125903,132.421171775688].
[521.770484839563,361.850697336877,132.657046881639].
[522.118997570412,361.721736692273,132.974120260444].
[522.330381226972,361.643518107425,133.166434986067].
[522.377547296113,361.626065182062,133.209346201594].
[522.377547296113,361.626065182062,133.209346201594].
[522.377547296113,361.626065182062,133.209346201594].
[522.422367348942,361.687507196651,133.165225662668].
[522.623236889836,361.962871201894,132.967491125583].
[522.954414774543,362.416869694523,132.641481988339].
[523.13287430303,362.661512711675,132.465807706928].
[523.054763695808,362.55447584368,132.541666123012].
[522.788354993034,362.189454313225,132.799286881213].
[522.5216964312,361.824211887029,133.054149980257].
[522.398466554866,361.655468472904,133.170826527401].
[522.375970602482,361.624671506879,133.191938275669].
[522.375970602482,361.624671506879,133.191938275669].
[522.375970602482,361.624671506879,133.191938275669].
[522.375970602482,361.624671506879,133.191938275669].
[522.375970602482,361.624671506879,133.191938275669].
[522.375970602482,361.624671506879,133.191938275669].
[522.353562635948,361.593952146193,133.214025588938].
[522.230729120974,361.425558149126,133.335101382276].
[521.964729816853,361.060896386842,133.59729429258].
[521.698730484423,360.696234585751,133.859487230787].
[521.528729501088,360.545226655055,133.937832051461].
[521.294931749317,360.592426432929,133.768412291422].
[520.94640893004,360.720893396075,133.452670490346].
[520.782186589001,360.781498941171,133.303894413518].
[520.946408930041,360.721218345564,133.452670490346].
[521.294931749317,360.592962184064,133.768412291422].
[521.50640321469,360.514904736542,133.959919374327].
[521.598671010691,360.558957358418,133.95847574427].
[521.799759634175,360.834444959919,133.760498760315].
[522.130669647242,361.288208415762,133.43408989576].
[522.33123634955,361.563305278191,133.236112911805].
[522.375970602482,361.624671506879,133.191938275669].
[522.375970602482,361.624671506879,133.191938275669].
[522.398378559279,361.655390854216,133.169850971997].
[522.498804054347,361.793065417428,133.070862544537].
[522.664377704185,362.020052398229,132.907658218631].
[522.764803199253,362.157726961441,132.808669791171].
[522.78721115605,362.188446308779,132.786582487499].
[522.78721115605,362.188446308779,132.786582487499].
[522.78721115605,362.188446308779,132.785611158892].
[522.809529432314,362.219086713382,132.759143749954].
[522.909553007112,362.356407479801,132.652857507622].
[523.074464002454,362.582811148304,132.485101131189].
[523.174487577253,362.720131914723,132.385020761814].
[523.196805853517,362.750772319326,132.362906545675].
[523.196805853517,362.750772319326,132.362906545675].
[523.196805853517,362.750772319326,132.362906545675].
[523.102529533331,362.78578688575,132.277680913613].
[522.680012379564,362.942711285396,131.895726129889].
[521.983399360913,363.201435880985,131.265989153517].
[521.560882207147,363.358360280631,130.884034369793].
[521.466545099202,363.393322540876,130.798141830906].
[521.466272667367,363.393088120847,130.795152961877].
[521.465823503206,363.392701627559,130.790225149933].
[521.465551071371,363.39246720753,130.787236280904].
[521.465490283612,363.392414901351,130.786569374079].
[521.465490283612,363.392414901351,130.786569374079].
[521.465490283612,363.392414901351,130.786569374079].
[521.465490283612,363.392414901351,130.786569374079].
[521.465490283612,363.392414901351,130.786569374079].
[521.465490283612,363.392414901351,130.786569374079].
[521.465429758648,363.3923628213,130.7859053504].
[521.46515850458,363.392129414707,130.782929402735].
[521.464711282228,363.391744592291,130.778022894519].
[521.464440028159,363.391511185698,130.775046946855].
[521.464379503196,363.391459105647,130.774382923176].
[521.464379503196,363.391459105647,130.774382923176].
[521.464379503196,363.391459105647,130.774382923176].
[521.464379503196,363.391459105647,130.774382923176].
[521.464379503196,363.391459105647,130.774382923176].
[521.464379503196,363.391459105647,130.774382923176].
[521.464379503196,363.391459105647,130.774382923176].
[521.441962383542,363.391459105647,130.774382923176].
[521.316754592575,363.40901071182,130.732052787734].
[521.0402307341,363.48767155337,130.542342282377].
[520.756949831438,363.617361356005,130.229562536919].
[520.623650208011,363.696022197555,130.039852031562].
[520.551718165635,363.731137491408,129.955162623069].
[520.340223621285,363.809852478518,129.765321532006].
[519.991528067377,363.939631552089,129.452326487117].
[519.780033523027,364.018346539199,129.262485396054].
[519.732842711476,364.035910226879,129.220126123002].
[519.732842711476,364.035910226879,129.220126123002].
[519.732842711476,364.035910226879,129.220126123002].
[519.732842711476,364.035910226879,129.220126123002].
[519.732842711476,364.035910226879,129.220126123002].
[519.732842711476,364.035910226879,129.220126123002].
[519.732842711476,364.035910226879,129.220126123002].
[519.732811675053,364.035884115367,129.219790478285].
[519.732672579458,364.03576709169,129.218286223022].
[519.732443249592,364.035574152263,129.215806125374].
[519.732304153997,364.035457128586,129.214301870112].
[519.732273117574,364.035431017074,129.213966225394].
[519.732273117574,364.035431017074,129.213966225394].
[519.732273117574,364.035431017074,129.213966225394].
[519.732273117574,364.035431017074,129.213966225394].
[519.732273117574,364.035431017074,129.213966225394].
[519.732273117574,364.035431017074,129.213966225394].
[519.732273117574,364.035431017074,129.213966225394].
[519.732273117574,364.035431017074,129.213966225394].
[519.732273117574,364.035431017074,129.213966225394].
[519.732273117574,364.035431017074,129.213966225394].
[519.732273117574,364.035431017074,129.213966225394].
[519.75470330511,364.0661859657,129.192103424931].
[519.855228431436,364.204020082814,129.09412115105].
[520.020999695281,364.431298115839,128.93257569195].
[520.121674285184,364.569257685788,128.834593418069].
[520.144350896499,364.600219471171,128.812730617606].
[520.144500360076,364.600344924006,128.812730617606].
[520.144533709908,364.600372916317,128.812730617606].
[520.166966255586,364.631129807074,128.790532128159].
[520.267501950371,364.768972628217,128.69104540063].
[520.433257288828,364.996237019448,128.527019516799].
[520.533792983613,365.134079840591,128.42753278927].
[520.556225529292,365.164836731348,128.405334299823].
[520.556189884051,365.164806882922,128.405334299823].
[520.556030133167,365.164673111558,128.405334299823].
[520.555766748486,365.164452559865,128.404945680713].
[520.555606997601,365.164318788501,128.403204010693].
[520.555571352361,365.164288940075,128.400332482286].
[520.555571352361,365.164288940075,128.398590812266].
[520.555571352361,365.164288940075,128.398202193156].
[520.555571352361,365.164288940075,128.398202193156].
[520.555571352361,365.164288940075,128.398202193156].
[520.555571352361,365.164288940075,128.398202193156].
[520.555571352361,365.164288940075,128.398202193156].
[520.555571352361,365.164288940075,128.398202193156].
[520.555571352361,365.164288940075,128.398202193156].
[520.555571352361,365.164288940075,128.398202193156].
[520.57796390624,365.195012517483,128.375563802328].
[520.678320370219,365.332706038554,128.274105573587].
[520.843780207032,365.55972427558,128.106829233773].
[520.944136671011,365.69741779665,128.005371005032].
[520.944101179502,365.697388076956,128.004984061971].
[520.843585653618,365.559561361455,128.104708132226].
[520.677863568058,365.332323523938,128.269125328056].
[520.577348042175,365.194496808437,128.368849398311].
[520.554919996787,365.163743511335,128.391100846078].
[520.554919996787,365.163743511335,128.391100846078].
[520.554919996787,365.163743511335,128.391100846078].
[520.554919996787,365.163743511335,128.391100846078].
[520.554919996787,365.163743511335,128.391100846078].
[520.554919996787,365.163743511335,128.391100846078].
[520.554919996787,365.163743511335,128.391100846078].
[520.554919996787,365.163743511335,128.391100846078].
[520.530177209704,365.181365680054,128.349022930238].
[520.419287731268,365.260342761,128.160442794715].
[520.236461889474,365.390553954252,127.849526714047].
[520.15031519812,365.451908866478,127.703024494365].
[520.236461889474,365.390553954252,127.849526714047].
[520.419287731268,365.260342761,128.160442794715].
[520.530177209704,365.181365680054,128.349022930238].
[520.554919996787,365.163743511335,128.391100846078].
[520.554919996787,365.163743511335,128.391100846078].
[520.554919996787,365.163743511335,128.391100846078].
[520.554919996787,365.163743511335,128.391100846078].
[520.554919996787,365.163743511335,128.391100846078].
[520.554919996787,365.163743511335,128.391100846078].
[520.577348042174,365.194496808437,128.368849398311].
[520.677863568058,365.332323523938,128.269125328056].
[520.843585653618,365.559561361455,128.104708132226].
[520.944101179502,365.697388076956,128.004984061971].
[520.966491628235,365.72810996653,127.982732614204].
[520.966323131714,365.727969207754,127.982732614204].
[520.966082924573,365.727768543294,127.982732614204].
[520.966045327917,365.727737135766,127.982321049642].
[520.966117038538,365.72779704145,127.98047654524].
[520.966007731262,365.727705728237,127.9774354716].
[520.965876831397,365.72759637699,127.975590967199].
[520.965839234741,365.727564969461,127.975179402636].
[520.941116366712,365.775972055552,127.91097035858].
[520.830316159278,365.992917564212,127.623205387619].
[520.647637500483,366.350600238923,127.148761159033].
[520.536837293049,366.567545747583,126.860996188072].
[520.512114425019,366.615952833674,126.796787144016].
[520.512114425019,366.615952833674,126.796787144016].
[520.512114425019,366.615952833674,126.796512417165].
[520.534520397993,366.646692412134,126.772969469995].
[520.63493700218,366.784457644945,126.670945365176].
[520.800495993433,367.011594114643,126.504851671315].
[520.948039484762,367.131681235295,126.446360327766].
[521.181653512761,367.083193011708,126.611282457799].
[521.529876725624,366.952568449241,126.919978867255].
[521.741084780649,366.873340647194,127.107212704132].
[521.741084780649,366.873340647193,127.107212704132].
[521.529876725624,366.952568449241,126.919978867255].
[521.134495096234,367.100872590951,126.569476991307].
[520.71192493128,367.259334770063,126.194745349654].
[520.31628471732,367.40764828506,125.843443274947].
[520.104841146883,367.486882662124,125.655059292029].
[520.057625588791,367.504562241368,125.612632203994].
[520.057612838784,367.504562241368,125.61249350148].
[520.057612838784,367.504562241368,125.61249350148].
[520.057612838784,367.504562241368,125.61249350148].
[520.057612838784,367.504562241368,125.61249350148].
[520.010439772747,367.522277723224,125.570843708942].
[519.799024758276,367.601673004634,125.384182288945].
[519.450460326972,367.732573693888,125.076429635375].
[519.239045312501,367.811968975297,124.889768215377].
[519.191872246465,367.829684457153,124.84811842284].
[519.191872246465,367.829684457153,124.84811842284].
[519.191872246465,367.829684457153,124.84811842284].
[519.191872246465,367.829684457153,124.84811842284].
[519.191872246465,367.860461756453,124.82573951075].
[519.189577852973,368.016143745608,124.683897593371].
[519.17929509474,368.323098624476,124.332339650747].
[519.162341692519,368.622959405076,123.902667642637].
[519.152058934286,368.871257378673,123.593760107524].
[519.149764540795,369.116497269383,123.38679777693].
[519.149764540795,369.25447825591,123.286468059668].
[519.149764540795,369.285265975531,123.264081473788].
[519.149764540795,369.285265975531,123.264081473788].
[519.149764540795,369.285265975531,123.264081473788].
[519.149764540795,369.285265975531,123.264081473788].
[519.149764540795,369.285265975531,123.264081473788].
[519.149764540795,369.285265975531,123.264081473788].
[519.149764540795,369.285265975531,123.264081473788].
[519.149776650389,369.285275543042,123.264212395713].
[519.149830921826,369.285318421652,123.264799147073].
[519.149920400299,369.285389116527,123.26576653652].
[519.149974671736,369.285431995137,123.26635328788].
[519.080340339828,369.272426927432,123.247483069835].
[518.768206644157,369.214099379031,123.162325868507].
[518.253585180803,369.117933509314,123.021925379324].
[517.941451485133,369.059605960912,122.936768177996].
[517.87180504363,369.046591325697,122.917767038026].
[517.894258393783,369.077387233939,122.895347164122].
[517.994887327755,369.21540491932,122.794868260287].
[518.160796391644,369.44295761294,122.629206554279].
[518.261398177125,369.580954091981,122.528436205877].
[518.283729856184,369.611654960001,122.504710168039].
[518.283529254463,369.611498265167,122.50255666778].
[518.283407583369,369.611403224945,122.501250503847].
[518.283380434878,369.611382018605,122.500959059279].
[518.283380434878,369.611382018605,122.500959059279].
[518.283380434878,369.611382018605,122.500959059279].
[518.283380434878,369.611382018605,122.500959059279].
[518.283380434878,369.580584080118,122.523353172594].
[518.283380434878,369.442557295811,122.623716625481].
[518.308139944736,369.197230185267,122.830761994137].
[518.419104369453,368.979611223372,123.117447229134].
[518.602053776776,368.817587968715,123.447034027811].
[518.713018201493,368.737995791128,123.633355809922].
[518.737777711351,368.720236375796,123.674929819003].
[518.737777711351,368.720236375796,123.674929819003].
[518.737777711351,368.720236375796,123.674929819003].
[518.737777711351,368.720236375796,123.674929819003].
[518.737777711351,368.720236375796,123.674929819003].
[518.737777711351,368.720236375796,123.674929819003].
[518.737777711351,368.720236375796,123.674929819003].
[518.737777711351,368.720236375796,123.674929819003].
[518.737777711351,368.720236375796,123.674929819003].
[518.715329242896,368.707198061151,123.674929819003].
[518.614722187175,368.64876438891,123.674929819003].
[518.401626569602,368.552423550562,123.655749771623].
[518.089382392337,368.493989878321,123.569790762911].
[517.718003299921,368.480951563676,123.428068316839].
[517.436649564745,368.467904730308,123.322916729258].
[517.076978754586,368.409432879803,123.217721510929].
[516.561838785432,368.313029096139,123.075906468983].
[516.253408285032,368.255309119013,122.990997343365].
[516.179673986465,368.241510412267,122.970698719165].
