[579.538804878321,410.090315947967,108.449822687214].
[579.540049947918,410.091466217854,108.479386187731].
[579.542064402098,410.093327291315,108.527218306786].
[579.543340799962,410.094506504133,108.55752567996].
[579.543625602821,410.094769622077,108.56428816899].
[579.589028952551,410.076466754598,108.599290821693].
[579.792512648794,409.994167733204,108.756161827745].
[580.128000547029,409.857711114509,109.014798392178].
[580.331484243271,409.773678996134,109.171669398229].
[580.331199440412,409.772471434328,109.164906909199].
[580.126439346306,409.854264426512,108.977728529974].
[579.788847023763,409.989565505071,108.669123554729].
[579.584371732516,410.071892875454,108.488707664534].
[579.53995997779,410.09138309806,108.477249895975].
[579.542064402098,410.093327291315,108.527218306786].
[579.543340799962,410.094506504133,108.55752567996].
[579.543625602821,410.094769622077,108.56428816899].
[579.543625602821,410.094769622077,108.56428816899].
[579.543625602821,410.094769622077,108.56428816899].
[579.543625602821,410.094769622077,108.56428816899].
[579.543625602821,410.094769622077,108.56428816899].
[579.543625602821,410.094769622077,108.56428816899].
[579.589028952551,410.076466754598,108.599290821693].
[579.792799475591,409.994438993458,108.763080480692].
[580.129572842351,409.859198078878,109.052724296419].
[580.335175917891,409.777170317738,109.260717617226].
[580.381864736145,409.758867450258,109.326727521223].
[580.382151562943,409.758867450258,109.33364617417].
[580.382151562943,409.758867450258,109.33364617417].
[580.382151562943,409.758867450258,109.33364617417].
[580.382151562943,409.758867450258,109.33364617417].
[580.382151562943,409.758867450258,109.33364617417].
[580.382151562943,409.758867450258,109.33364617417].
[580.382151562943,409.758867450258,109.33364617417].
[580.382151562943,409.758867450258,109.33364617417].
[580.382151562943,409.758867450258,109.33364617417].
[580.382151562943,409.758867450258,109.33364617417].
[580.360190658753,409.728635796009,109.355744614275].
[580.261768714471,409.593146921583,109.461701437486].
[580.09949836143,409.369763532372,109.655994552967].
[580.001076417148,409.234274657945,109.806153969581].
[579.979115512958,409.204043003696,109.859258911534].
[579.979115512958,409.204043003696,109.866177397256].
[579.979115512958,409.204043003696,109.866177397256].
[579.979115512958,409.204043003696,109.866177397256].
[579.979115512958,409.204043003696,109.866177397256].
[579.979115512958,409.204043003696,109.866177397256].
[579.979115512958,409.204043003696,109.866177397256].
[579.979115512958,409.204043003696,109.866177397256].
[579.979115512958,409.204043003696,109.866177397256].
[579.979115512958,409.204043003696,109.866177397256].
[579.956866680748,409.173539081483,109.888247114414].
[579.857154332606,409.036829986701,109.987156724586].
[579.692756463272,408.811434794235,110.150231102754].
[579.59304411513,408.674725699452,110.249140712926].
[579.57079528292,408.64422177724,110.271210430084].
[579.57079528292,408.64422177724,110.271210430084].
[579.57079528292,408.64422177724,110.271210430084].
[579.57079528292,408.64422177724,110.271210430084].
[579.57079528292,408.64422177724,110.271210430084].
[579.57079528292,408.64422177724,110.271210430084].
[579.57079528292,408.64422177724,110.271210430084].
[579.57079528292,408.64422177724,110.271210430084].
[579.57079528292,408.64422177724,110.271210430084].
[579.57079528292,408.64422177724,110.271210430084].
[579.54854653006,408.613717963818,110.293280068531].
[579.448834537537,408.477009356602,110.392189325946].
[579.284437254521,408.251614967998,110.555263122516].
[579.184725261998,408.114906360782,110.654172379932].
[579.162476509137,408.084402547361,110.676242018379].
[579.185918913739,408.066151032482,110.71826930537].
[579.313221754993,407.984353417736,110.906622538131].
[579.586117466764,407.849491950411,111.217164519389].
[579.855521047444,407.767694335664,111.40551775215].
[579.978641921121,407.749442820786,111.447545039141].
[580.000883193889,407.749442820786,111.447545039141].
[580.001178025322,407.749731152363,111.454591599977].
[580.002499368132,407.751023364839,111.48617209466].
[580.004677894129,407.753153863034,111.538239527982].
[580.005999236939,407.75444607551,111.569820022665].
[580.006294068372,407.754734407087,111.576866583501].
[580.006294068372,407.754734407087,111.583942250214].
[579.984351326901,407.724534789133,111.63765767537].
[579.88601078228,407.58918949142,111.788557442466].
[579.72387463459,407.366042820191,111.982860769398].
[579.625534089968,407.230697522477,112.08855370493].
[579.603591348497,407.200497904523,112.110558191915].
[579.603591348497,407.200497904523,112.110558191915].
[579.603591348497,407.200497904523,112.110558191915].
[579.649255469693,407.182286251478,112.152863658906].
[579.85390786256,407.100667285071,112.342463607937].
[580.19132261578,406.966100359064,112.655061076827].
[580.395975008648,406.884481392657,112.844661025858].
[580.441639129843,406.866269739612,112.886966492849].
[580.441639129843,406.866269739612,112.886966492849].
[580.441639129843,406.866269739612,112.886966492849].
[580.441939545218,406.866571315348,112.894200374742].
[580.443285913523,406.867922884027,112.92662038416].
[580.445505699586,406.870151244058,112.980071943283].
[580.44685206789,406.871502812738,113.0124919527].
[580.447152483266,406.871804388473,113.019725834593].
[580.447152483266,406.871804388473,113.019725834593].
[580.447152483266,406.871804388473,113.019725834593].
[580.424922578928,406.841327916269,113.041693764515].
[580.325295059623,406.704741843888,113.140147195942].
[580.161037049399,406.479549481073,113.30246946251].
[580.061409530094,406.342963408692,113.400922893937].
[580.039179625757,406.312486936487,113.422890823859].
[580.03948259494,406.312486936487,113.430125597814].
[580.086484413574,406.312486936487,113.483203139664].
[580.293285308007,406.312791963388,113.629224010073].
[580.654130152049,406.326451643719,113.814258142431].
[580.958582600945,406.383797315564,113.91405563618].
[581.168418209372,406.475995391868,113.934709170672].
[581.267702117596,406.531080582114,113.927287126154].
[581.288563589007,406.541976518992,113.894023830358].
[581.286322241883,406.539673737258,113.839181927046].
[581.307185120727,406.568743062652,113.783958243238].
[581.40647533663,406.704970702682,113.678116567783].
[581.570677339704,406.930085930514,113.515850028802].
[581.670270888955,407.066625218162,113.417430397865].
[581.692493213549,407.097091251282,113.395470009852].
[581.692493213549,407.097091251282,113.395470009852].
[581.692493213549,407.097091251282,113.395470009852].
[581.670270888955,407.066625218162,113.417430397865].
[581.570677339704,406.930085930514,113.515850028802].
[581.40647533663,406.704970702682,113.678116567783].
[581.306881787379,406.568431415034,113.77653619872].
[581.284659462785,406.537965381914,113.798496586733].
[581.307183721615,406.568740770098,113.783987369363].
[581.408130446231,406.706666490955,113.718961568457].
[581.574563458312,406.93406756071,113.611752147358].
[581.675510182928,407.071993281567,113.546726346452].
[581.720255375562,407.133232421724,113.510285858981].
[581.819842691722,407.269761485985,113.411996725471].
[581.984034418167,407.494859858301,113.249945340375].
[582.083621734326,407.631388922562,113.151656206865].
[582.10584266813,407.661852674535,113.129724936765].
[582.10584266813,407.661852674535,113.129724936765].
[582.151432097852,407.661852674535,113.150379361889].
[582.355749746758,407.661852674535,113.242946073225].
[582.714825869748,407.674115779445,113.395562779162].
[583.018696484713,407.729075202689,113.488129490498].
[583.228421007137,407.819687972816,113.508783915623].
[583.327973973196,407.87464739606,113.508783915623].
[583.327973973196,407.856457271793,113.5307076047].
[583.228421007137,407.719975367435,113.628962762421].
[583.064285914434,407.494954748655,113.790958130911].
[582.964732948376,407.358472844297,113.889213288632].
[582.942519679116,407.32801961512,113.911136977709].
[582.942519679116,407.32801961512,113.911136977709].
[582.988077600768,407.310168070897,113.953685665043].
[583.192558195602,407.230163000263,114.152203741947].
[583.530551363912,407.098256938544,114.501681444647].
[583.737280639815,407.018251867909,114.758074159264].
[583.831098637022,406.982580671263,114.913770086389].
[584.037702616997,406.902718529762,115.171656440725].
[584.375481578492,406.771048118346,115.523400396616].
[584.579830084401,406.691185976845,115.723237280869].
[584.670854527912,406.655232024035,115.808878704058].
[584.87475469143,406.573959728193,116.000720582115].
[585.210929228121,406.439964365319,116.317014367078].
[585.414829391639,406.358692069477,116.51706737278].
[585.460325667779,406.340557769091,116.596672802777].
[585.438448738073,406.310490813772,116.679157792142].
[585.340403141318,406.175740068745,116.813714385406].
[585.15688103529,405.923513299457,117.00491189892].
[584.960810836469,405.654041413641,117.200425843682].
[584.777318660284,405.401856847892,117.391598328135].
[584.679294058218,405.267135707104,117.526041669616].
[584.657421813061,405.237075357385,117.60833965284].
[584.657421813061,405.237075357385,117.645025921801].
[584.657421813061,405.237075357385,117.653211734869].
[584.657421813061,405.237075357385,117.653211734869].
[584.657421813061,405.237075357385,117.653211734869].
[584.657421813061,405.237075357385,117.653211734869].
[584.657421813061,405.237075357385,117.653211734869].
[584.657421813061,405.237075357385,117.653211734869].
[584.657421813061,405.237075357385,117.653211734869].
[584.635238304749,405.206663962841,117.674994655313].
[584.513635146183,405.039958066688,117.794401914597].
[584.250300087412,404.678951761601,118.052981691735].
[583.986964843987,404.317945203373,118.311561650191].
[583.819832121682,404.169311893648,118.387875883216].
[583.548038483912,404.237643316036,118.173404470295].
[583.007426204886,404.45071621374,117.661718265569].
[582.466719825469,404.662838235969,117.1499429954].
[582.262243416406,404.742696595984,116.948738667645].
[582.41977712436,404.680911125544,117.071143461278].
[582.755518270905,404.549786174994,117.36662478322].
[582.960628558971,404.470254872232,117.583056025298].
[583.007288263361,404.45250903991,117.653919043452].
[583.053132968878,404.434436150335,117.704979437216].
[583.257181326027,404.353439078656,117.898109955151].
[583.59360019271,404.219897483714,118.216528348091].
[583.75211920725,404.15697330161,118.366565622629].
[583.59360019271,404.219897483714,118.216528348091].
[583.257181326027,404.353439078656,117.898109955151].
[583.053132968878,404.434436150335,117.704979437216].
[583.053132968878,404.434436150335,117.704979437216].
[583.257181326027,404.353439078656,117.898109955151].
[583.59360019271,404.219897483714,118.216528348091].
[583.797648549859,404.138900412035,118.409658866025].
[583.843177892467,404.12082752246,118.452752109422].
[583.843177892467,404.12082752246,118.452752109422].
[583.843177892467,404.12082752246,118.452752109422].
[583.843177892467,404.12082752246,118.452752109422].
[583.843177892467,404.12082752246,118.452752109422].
[583.843177892467,404.12082752246,118.452752109422].
[583.843177892467,404.138900412035,118.430969126612].
[583.819840069068,404.219897483714,118.312034310048].
[583.715247201015,404.365777670693,118.055572666109].
[583.588324109915,404.520156144842,117.800012739317].
[583.709927489611,404.722772691781,117.680605480032].
[584.122369395959,404.966940703545,117.655802709243].
[584.490297322783,405.151414931766,117.653684394726].
[584.635238304749,405.224747632233,117.653211734869].
[584.657421813061,405.237075357385,117.653211734869].
[584.657421813061,405.237075357385,117.653211734869].
[584.657421813061,405.237075357385,117.653211734869].
[584.657421813061,405.237075357385,117.653211734869].
[584.657421813061,405.237075357385,117.653211734869].
[584.657421813061,405.237075357385,117.653211734869].
[584.657421813061,405.237075357385,117.653211734869].
[584.657421813061,405.237075357385,117.653211734869].
[584.657421813061,405.237075357385,117.653211734869].
[584.657421813061,405.237075357385,117.653211734869].
[584.657421813061,405.237075357385,117.653211734869].
[584.657421813061,405.237075357385,117.653211734869].
[584.657421813061,405.26748666486,117.63142887679].
[584.657421813061,405.434191909592,117.512022084102].
[584.65629108581,405.813312409152,117.210319650595].
[584.651223517851,406.255506964264,116.758473193206].
[584.642868510765,406.556072108733,116.320421289844].
[584.637184568779,406.667673646303,116.08923223523].
[584.633291444792,406.685112723846,115.973782342076].
[584.628737022534,406.682078929902,115.854537030556].
[584.625974625798,406.677077049295,115.782211093093].
[584.625358251772,406.67404325535,115.766072995084].
[584.625358251772,406.673366324422,115.766072995084].
[584.625358251772,406.673366324422,115.766072995084].
[584.625358251772,406.673704087914,115.766072995084].
[584.625358251772,406.675217838866,115.766072995084].
[584.579830084401,406.695522840636,115.723237280869].
[584.375786994306,406.776852105393,115.531260928653].
[584.039376811526,406.908783404228,115.214745433283].
[583.83533372143,406.988598918034,115.022769081067].
[583.78980555406,407.006408166411,114.979933366853].
[583.78980555406,407.006408166411,114.979933366853].
[583.76791136858,406.976301606331,115.00965435928].
[583.669788436812,406.841373365071,115.1428546062].
[583.486121275626,406.588814007829,115.39215927135].
[583.289895082419,406.318985599602,115.658441414368].
[583.106255963081,406.066466264819,115.907577359637].
[583.008152701643,405.931566097851,116.040659255735].
[582.986262905208,405.901465801992,116.070353840524].
[583.031808707887,405.883358489784,116.113493085384].
[583.235930833956,405.802207146572,116.306829767575].
[583.572471325026,405.668411200873,116.62558806791].
[583.731047648415,405.605367169868,116.775785505242].
[583.572471325026,405.668411200873,116.62558806791].
[583.235930833956,405.802207146572,116.306829767575].
[583.031808707887,405.883358489784,116.113493085384].
[583.008462250293,405.931898676497,116.048555620928].
[583.107952812532,406.068289357549,115.950862778409].
[583.271985018729,406.293159574525,115.789794510952].
[583.349276235882,406.399117381071,115.71389988803].
[583.271985018729,406.293159574525,115.789794510952].
[583.107952812532,406.068289357549,115.950862778409].
[583.008462250293,405.931898676497,116.048555620928].
[582.986262905208,405.901465801992,116.070353840524].
[582.986262905208,405.901465801992,116.070353840524].
[582.986262905208,405.901465801992,116.070353840524].
[582.986262905208,405.901465801992,116.070353840524].
[582.986262905208,405.901465801992,116.070353840524].
[583.031808707887,405.883358489784,116.113493085384].
[583.235930833956,405.802207146572,116.306829767575].
[583.572471325026,405.668411200873,116.62558806791].
[583.776593451095,405.587259857661,116.818924750102].
[583.822139253775,405.569152545454,116.862063994961].
[583.822139253775,405.569152545454,116.862063994961].
[583.822139253775,405.569152545454,116.862063994961].
[583.822139253775,405.569152545454,116.862063994961].
[583.822139253775,405.569152545454,116.862063994961].
[583.822139253775,405.569152545454,116.862063994961].
[583.822139253775,405.569152545454,116.862063994961].
[583.822139253775,405.569152545454,116.862063994961].
[583.822139253775,405.569152545454,116.862063994961].
[583.822139253775,405.569152545454,116.862063994961].
[583.844330645869,405.599574632622,116.840273458831].
[583.943785565276,405.73591696818,116.742615051217].
[584.107759006377,405.960707476912,116.581603557321].
[584.207213925783,406.097049812471,116.483945149707].
[584.229405317878,406.127471899639,116.462154613576].
[584.206066749672,406.145589999183,116.419007685251].
[584.124809111834,406.208671588344,116.26878349648].
[584.056955328139,406.261347553582,116.143339539681].
[584.124809111834,406.208671588344,116.26878349648].
[584.206066749672,406.145589999184,116.419007685251].
[584.229405317878,406.127471899639,116.462154613576].
[584.229405317878,406.127471899639,116.462154613576].
[584.229405317878,406.127471899639,116.462154613576].
[584.229405317878,406.127471899639,116.462154613576].
[584.207213925783,406.09704981247,116.483945149707].
[584.107759006377,405.960707476912,116.581603557321].
[583.943785565276,405.73591696818,116.742615051217].
[583.844330645869,405.599574632622,116.840273458831].
[583.822139253775,405.569152545454,116.862063994961].
[583.822139253775,405.569152545454,116.862063994961].
[583.822139253775,405.569152545454,116.862063994961].
[583.822139253775,405.569152545454,116.862063994961].
[583.822139253775,405.569152545454,116.862063994961].
[583.822139253775,405.569152545454,116.862063994961].
[583.822139253775,405.569152545454,116.862063994961].
[583.822139253775,405.569152545454,116.862063994961].
[583.822139253775,405.569152545454,116.862063994961].
[583.822139253775,405.569152545454,116.862063994961].
[583.822139253775,405.569152545454,116.862063994961].
[583.822139253775,405.569152545454,116.862063994961].
[583.822139253775,405.569152545454,116.862063994961].
[583.822139253775,405.569152545454,116.862063994961].
[583.822139253775,405.569152545454,116.862063994961].
[583.776593451095,405.587259857661,116.818924750102].
[583.572471325026,405.668411200873,116.62558806791].
[583.235930833956,405.802207146572,116.306829767575].
[583.031808707887,405.883358489784,116.113493085384].
[582.986262905208,405.901465801992,116.070353840524].
[582.986262905208,405.901465801992,116.070353840524].
[582.986262905208,405.901465801992,116.070353840524].
[582.986262905208,405.901465801992,116.070353840524].
[582.986262905208,405.901465801992,116.070353840524].
[582.986262905208,405.901465801992,116.070353840524].
[582.986262905208,405.901465801992,116.070353840524].
[582.986262905208,405.931898676497,116.048555620928].
[582.986262905208,406.068289357549,115.950862778409].
[582.962892016997,406.311290558504,115.746616899289].
[582.858150962738,406.528938672289,115.455415426496].
[582.685462158666,406.693342404546,115.114575412102].
[582.580721104408,406.774599837279,114.921066781828].
[582.579557456327,406.823174403501,114.85608332418].
[582.679083401704,406.959613073299,114.758356302559].
[582.865381121315,407.215005905331,114.575425899801].
[583.06443272682,407.487882853884,114.379972136651].
[583.250730039784,407.743275128448,114.197042133192].
[583.350255699911,407.879713407203,114.099315391663].
[583.372462876395,407.910156902192,114.077509608175].
[583.372462876395,407.940600309928,114.055703887184].
[583.349091230701,408.095214487386,113.914746015335].
[583.24434678164,408.401623014077,113.559872580116].
[583.071652380485,408.672366526383,113.142706801912].
[582.966907931424,408.784270413207,112.927151341384].
[582.94353628573,408.802446702951,112.883919930972].
[582.94353628573,408.802446702951,112.883919930972].
[582.921321208629,408.77199249275,112.884300047545].
[582.821760140391,408.635506191745,112.886003611835].
[582.589769414499,408.398191630974,112.888812314516].
[582.186160364098,408.206640191593,112.890515878806].
[581.662654911492,408.085398916476,112.890895995379].
[581.35860692933,408.0303337781,112.890895995379].
[581.290764654377,408.018047084956,112.890895995379].
[581.31417658405,407.969425095751,112.95595631194].
[581.41910157338,407.751516458158,113.247536421584].
[581.592093635117,407.392245852288,113.728270750467].
[581.697018624447,407.174337214694,114.019850860112].
[581.742645758606,407.12571522549,114.084911176673].
[581.865594844723,407.107571343328,114.128119504415].
[582.134559502408,407.026256104948,114.321765794605].
[582.406932299251,406.8921899418,114.641034552233].
[582.533962769223,406.810874703421,114.834680842423].
[582.557350216197,406.792730821259,114.877889170165].
[582.557350216197,406.792730821259,114.877889170165].
[582.557350216197,406.792730821259,114.877889170165].
[582.557350216197,406.792730821259,114.877889170165].
[582.557350216197,406.792730821259,114.877889170165].
[582.557350216197,406.792730821259,114.877889170165].
[582.557350216197,406.792730821259,114.877889170165].
[582.557350216197,406.792730821259,114.877889170165].
[582.557350216197,406.792730821259,114.877889170165].
[582.557350216197,406.792730821259,114.877889170165].
[582.557350216197,406.792730821259,114.877889170165].
[582.557350216197,406.792730821259,114.877889170165].
[582.557350216197,406.792730821259,114.877889170165].
[582.557350216197,406.792730821259,114.877889170165].
[582.557350216197,406.792730821259,114.877889170165].
[582.557350216197,406.792730821259,114.877889170165].
[582.557350216197,406.792730821259,114.877889170165].
[582.579557456327,406.823174403501,114.85608332418].
[582.679083401704,406.959613073299,114.758356302559].
[582.843173944832,407.184562410342,114.597231683289].
[582.942699890209,407.32100108014,114.499504661668].
[582.964907130339,407.351444662382,114.477698815683].
[582.941527584028,407.369599347134,114.434482793673].
[582.836747726856,407.481417296877,114.218988542458].
[582.663994947596,407.75204997329,113.801901706812].
[582.559215090423,408.058442138319,113.447039922787].
[582.535835544112,408.213083515395,113.306062676133].
[582.535835544112,408.243537812912,113.284249198422].
[582.535835544112,408.243537812912,113.284249198422].
[582.535531456441,408.243228017181,113.276614051991].
[582.534168630047,408.241839609042,113.242395699683].
[582.531921709184,408.239550511011,113.185979174385].
[582.530558882791,408.238162102872,113.151760822077].
[582.53025479512,408.237852307141,113.144125675646].
[582.508038194568,408.225572061087,113.144125675646].
[582.363148711967,408.170535816565,113.13032752348].
[581.995871744267,408.079796389563,113.068488495723].
[581.561116102415,408.024760145041,112.966533175302].
[581.334723811478,408.012479898986,112.904694147545].
[581.288518387669,407.982318052536,112.91271723533].
[581.312814154422,407.828985240844,113.053752324531].
[581.418797574239,407.524744559644,113.408774787734].
[581.592093635117,407.255406971785,113.826066763059].
[581.697018624447,407.143872019604,114.041672100063].
[581.72043055412,407.12571522549,114.084911176673].
[581.72043055412,407.12571522549,114.084911176673].
[581.72043055412,407.12571522549,114.084911176673].
[581.72043055412,407.12571522549,114.084911176673].
[581.72043055412,407.12571522549,114.084911176673].
[581.72043055412,407.12571522549,114.084911176673].
[581.72043055412,407.12571522549,114.084911176673].
[581.72043055412,407.12571522549,114.084911176673].
[581.72043055412,407.12571522549,114.084911176673].
[581.72043055412,407.12571522549,114.084911176673].
[581.72043055412,407.12571522549,114.084911176673].
[581.72043055412,407.12571522549,114.084911176673].
[581.72043055412,407.12571522549,114.084911176673].
[581.72043055412,407.12571522549,114.084911176673].
[581.72043055412,407.12571522549,114.084911176673].
[581.72043055412,407.12571522549,114.084911176673].
[581.72043055412,407.12571522549,114.084911176673].
[581.72043055412,407.12571522549,114.084911176673].
[581.72043055412,407.12571522549,114.084911176673].
[581.72043055412,407.12571522549,114.084911176673].
[581.72043055412,407.12571522549,114.084911176673].
[581.72043055412,407.12571522549,114.084911176673].
[581.72043055412,407.12571522549,114.084911176673].
[581.742645758606,407.156169610322,114.06309763642].
[581.842207397749,407.292656693968,113.965336131485].
[582.006356789949,407.51768585195,113.804154658842].
[582.105918429091,407.654172935595,113.706393153906].
[582.128133633577,407.684627320427,113.684579613654].
[582.128133633577,407.684627320427,113.684579613654].
[582.128133633577,407.684627320427,113.684579613654].
[582.128133633577,407.684627320427,113.684579613654].
[582.128133633577,407.684627320427,113.684579613654].
[582.128133633577,407.684627320427,113.684579613654].
[582.127828086148,407.684627320427,113.676974092007].
[582.103057628867,407.732958997903,113.577951700236].
[581.99592351828,407.949566548597,113.230727489067].
[581.821642192477,408.30669202482,112.716820184702].
[581.716460241559,408.523299575514,112.418188077996].
[581.693059152852,408.57163125299,112.353251269464].
[581.693059152852,408.57163125299,112.353251269464].
[581.670834655687,408.541163831246,112.37510204557].
[581.571231369651,408.404618320216,112.473030430022].
[581.40701331333,408.179492831761,112.634487040472].
[581.307410027293,408.04294732073,112.732415424924].
[581.28548952927,408.012783247627,112.761710978794].
[581.286851958899,408.014142761911,112.795076157932].
[581.289098225607,408.016384222031,112.850086038477].
[581.313872584909,407.999576131944,112.926697993923].
[581.441316777867,407.918457926635,113.127961376396].
[581.713870478746,407.784216478747,113.447514232636].
[581.982944860276,407.702794924799,113.641332837345].
[582.105918429091,407.684627320427,113.684579613654].
[582.128133633577,407.684627320427,113.684579613654].
[582.128133633577,407.684627320427,113.684579613654].
[582.128133633577,407.684627320427,113.684579613654].
[582.128133633577,407.684627320427,113.684579613654].
[582.128133633577,407.684627320427,113.684579613654].
[582.128133633577,407.684627320427,113.684579613654].
[582.150348774371,407.715081617944,113.662766135942].
[582.249910128061,407.851568310268,113.565004911298].
[582.414059049629,408.076596823071,113.403823900777].
[582.513620403319,408.213083515395,113.306062676133].
[582.558050621213,408.273992023113,113.262435783252].
[582.657611689452,408.410478324118,113.164674838897].
[582.82176014039,408.635506191745,113.003494290497].
[582.921321208629,408.77199249275,112.905733346142].
[582.94353628573,408.802446702951,112.883919930972].
[582.987966248854,408.86335486141,112.840293288255].
[583.187087528983,409.136326289469,112.644772240411].
[583.515383018981,409.586380089204,112.322412529962].
[583.736719185134,409.889805465521,112.10507825457].
[583.902924182484,410.117652611982,111.941878343353].
[584.166631147993,410.47916327984,111.682939358094].
[584.430337928328,410.840673693846,111.424000554663].
[584.597659642723,410.989392878862,111.347689690592].
[584.824001517602,410.938192610332,111.519764194805].
[585.16055013106,410.803567710227,111.839430919176].
[585.364677183606,410.721913580753,112.033318588397].
[585.410224085532,410.703694081767,112.076580775081].
[585.410224085532,410.703694081767,112.076580775081].
[585.410224085532,410.703694081767,112.076580775081].
[585.410224085532,410.703694081767,112.076580775081].
[585.410224085532,410.703694081767,112.076580775081].
[585.410224085532,410.703694081767,112.076580775081].
[585.410224085532,410.703694081767,112.076580775081].
[585.410224085532,410.703694081767,112.076580775081].
[585.455738609249,410.703694081767,112.098014487728].
[585.659720552736,410.703694081767,112.194073723436].
[585.9960299218,410.715919711569,112.352448628593].
[586.200011865287,410.770711183032,112.448507864301].
[586.222218659891,410.879264389159,112.42670245579].
[586.094436422128,411.033930622833,112.189648278443].
[585.817682299518,411.292921439929,111.654416795464].
[585.54088016516,411.64575457196,111.043149660665].
[585.413040431397,411.970698451636,110.64481061264].
[585.389716188459,412.125412705902,110.503781469358].
[585.389716188459,412.155866392221,110.48196842943].
[585.389716188459,412.155866392221,110.48196842943].
[585.389716188459,412.155866392221,110.48196842943].
[585.389716188459,412.155866392221,110.48196842943].
[585.389716188459,412.155866392221,110.48196842943].
[585.435247162355,412.137625288986,110.525246003984].
[585.639302830426,412.055874335985,110.719202636856].
[585.975733750782,411.921089800873,111.038983063066].
[586.178687643785,411.918487061808,111.146036229143].
[586.219280804399,412.254963643901,110.79983948639].
[586.21113972661,412.839794236796,110.157704895053].
[586.206201913328,413.194511922125,109.768230577746].
[586.20510013826,413.27366013606,109.681327110951].
[586.20510013826,413.27366013606,109.681327110951].
[586.20510013826,413.27366013606,109.681327110951].
[586.20510013826,413.27366013606,109.681327110951].
[586.20510013826,413.27366013606,109.681327110951].
[586.20510013826,413.27366013606,109.681327110951].
[586.20510013826,413.27366013606,109.681327110951].
[586.227314642138,413.304113560442,109.68100981863].
[586.326873141372,413.440596339649,109.679587813103].
[586.558730915309,413.665618400812,109.677243322344].
[587.007227304326,413.795998892881,109.719098879972].
[587.733549037131,413.799103763693,109.912738169431].
[588.37297669933,413.754013621699,110.232518511405].
[588.644458203888,413.726665068129,110.426475093185].
[588.68992497831,413.720562780991,110.469752656339].
[588.68992497831,413.720562780991,110.469752656339].
[588.68992497831,413.720562780991,110.469752656339].
[588.667726460034,413.690131039951,110.491550064066].
[588.546041021426,413.523313610514,110.611036738212].
[588.282527782809,413.162065776826,110.869788490566].
[588.019014359286,412.800817689652,111.128540424484].
[587.897328699245,412.633999956655,111.248027316062].
[587.87513011737,412.603568128428,111.269824786238].
[587.91952721752,412.664431697695,111.234547683657].
[588.118501216019,412.937203290861,111.076446678588].
[588.446842567375,413.387227111942,110.815782188612].
[588.647110374447,413.661340941336,110.657681183542].
[588.693640604313,413.724417484022,110.622404080962].
[588.694934412887,413.725759720249,110.622404080962].
[588.695223100601,413.726059213634,110.622404080962].
[588.695223100601,413.726059213634,110.622404080962].
[588.695223100601,413.726059213634,110.622404080962].
[588.695223100601,413.726059213634,110.622404080962].
[588.695223100601,413.726059213634,110.622404080962].
[588.695223100601,413.726059213634,110.622404080962].
[588.695223100601,413.726059213634,110.622404080962].
[588.695223100601,413.726059213634,110.622404080962].
[588.695223100601,413.726059213634,110.622404080962].
[588.695512991877,413.726359955629,110.622404080962].
[588.719006979028,413.739881173918,110.630756533737].
[588.866045465645,413.808825267531,110.690028974481].
[589.30250201911,413.954640719228,110.871446382164].
[590.040756997169,414.099383426779,111.168057825262].
[590.765832626118,414.166074599184,111.435542600887].
[591.114096153435,414.178239161557,111.555188150935].
[591.203846656078,414.208643042642,111.555290109346].
[591.325421608467,414.375307528417,111.43621939149].
[591.588695207657,414.736223639547,111.178368774798].
[591.85196851658,415.097139352756,110.920518442393].
[591.973543121364,415.263803362007,110.801448064983].
[592.041058083028,415.275948067807,110.823263586831].
[592.244242936605,415.194116734888,111.018382794158].
[592.602380036789,415.040953780501,111.383585622782].
[592.909279736414,414.877350018511,111.773683586689].
[593.1256132781,414.693889095876,112.160392208302].
[593.229328124149,414.475954253678,112.452650589975].
[593.230307810204,414.202832413976,112.678249334222].
[593.130983612442,413.930506975214,112.872809022009].
[592.967225694898,413.675630157517,113.054902748914].
[592.86761730429,413.539138759659,113.152182811608].
[592.821731781122,413.476569536927,113.177580495114].
[592.696852900843,413.30609737873,113.215891599346].
[592.430353459358,412.94147524148,113.340720140005].
[592.165666144896,412.578946896858,113.518099568835].
[591.95316465301,412.448491228079,113.533002332955].
[591.524474301566,412.581468592309,113.167819297593].
[590.854230076425,412.850813456268,112.52984712667].
[590.447706404381,413.014179374294,112.142897444962].
[590.221764957369,413.026271357009,112.013689280718].
[589.615689315803,412.917097945753,111.821568144934].
[588.6164395139,412.737101420421,111.504813941817].
[587.897151568046,412.627928009165,111.269763549537].
[587.232320835064,412.579173449751,111.034499950103].
[586.29622969747,412.469844084952,110.717293265565].
[585.624702194122,412.289590435696,110.524897685926].
[585.411930819718,412.180261070897,110.48196842943].
[585.389716188459,412.155866392221,110.489844180007].
[585.389716188459,412.155866392221,110.525140845289].
[585.345286734868,412.094958932271,110.619085599944].
[585.146167738309,411.821990634713,110.814604405506].
[584.795661190948,411.341488135357,111.108454971808].
[584.474767381918,410.901581153795,111.388250162843].
[584.166631147993,410.47916327984,111.682939358094].
[583.880709232768,410.087198576409,111.963691633442].
[583.637158687794,409.753319947149,112.202838638348].
[583.351235509295,409.361353511922,112.483592154129].
[583.043096813749,408.93893226338,112.78615951707].
[582.722198659315,408.49901932479,113.101255640223].
[582.3716862734,408.018508821475,113.445430551774].
[582.126936717312,407.763400083877,113.597705944464].
[581.877715871804,407.782553615822,113.440069454872].
[581.539211988239,407.914553603591,113.087151419494].
[581.332479093058,407.994615643255,112.83832293424].
[581.28548952927,408.012479898986,112.761710978794].
[581.239527691045,408.012479898986,112.75426620103].
[581.012671007612,408.000190946674,112.75426620103].
[580.553431276649,407.914637386329,112.754866755481].
[580.084891144145,407.687239377381,112.757558253803].
[579.775317278245,407.406958267176,112.761995784335].
[579.653445722702,407.258075063948,112.764687282657].
[579.631213232019,407.227596766866,112.765287837108].
[579.630909708099,407.227298990181,112.75809332019].
[579.629549408265,407.225964447664,112.725849732354].
[579.627306652995,407.223764159031,112.672689043245].
[579.625946353161,407.222429616515,112.640445455408].
[579.625642829241,407.222131839829,112.633250938491].
[579.625642829241,407.222131839829,112.633250938491].
[579.625642829241,407.222131839829,112.633250938491].
[579.625642829241,407.222131839829,112.633250938491].
[579.625642829241,407.222131839829,112.633250938491].
[579.534203131522,407.258523395977,112.547278957074].
[579.124398837662,407.421619035415,112.161979267603].
[578.44874578155,407.690518285317,111.526727473978].
[578.038941487689,407.853613924755,111.141427784507].
[577.94750178997,407.890005480903,111.055455803091].
[577.94750178997,407.890005480903,111.055455803091].
[577.94750178997,407.890005480903,111.055455803091].
[577.94750178997,407.890005480903,111.055455803091].
[577.94750178997,407.890005480903,111.055455803091].
[577.94750178997,407.890005480903,111.055455803091].
[577.94750178997,407.890005480903,111.055455803091].
[577.94750178997,407.890005480903,111.055455803091].
[577.94750178997,407.890005480903,111.055455803091].
[577.94750178997,407.890005480903,111.055455803091].
[577.94750178997,407.890005480903,111.055455803091].
[577.94750178997,407.890005480903,111.055455803091].
[577.94750178997,407.890005480903,111.055455803091].
[577.94750178997,407.890005480903,111.055455803091].
[577.94750178997,407.890005480903,111.055455803091].
[577.94750178997,407.890005480903,111.055455803091].
[577.94750178997,407.890005480903,111.055455803091].
[577.94750178997,407.890005480903,111.055455803091].
[577.94750178997,407.890005480903,111.055455803091].
[577.94750178997,407.890005480903,111.055455803091].
[577.94750178997,407.890005480903,111.055455803091].
[577.94750178997,407.890005480903,111.055455803091].
[577.94750178997,407.890005480903,111.055455803091].
[577.94750178997,407.890005480903,111.055455803091].
[577.925252326018,407.859503570575,111.077359116778].
[577.825537146604,407.722803492433,111.175522958335].
[577.661134609292,407.497423165894,111.337367771923].
[577.561419429878,407.360723087752,111.43553161348].
[577.539169965926,407.330221177424,111.457434927168].
[577.561419429878,407.360723087752,111.43553161348].
[577.661134609292,407.497423165894,111.337367771923].
[577.825537146604,407.722803492433,111.175522958335].
[577.925252326018,407.859503570575,111.077359116778].
[577.94750178997,407.890005480903,111.055455803091].
[577.94750178997,407.890005480903,111.055455803091].
[577.94750178997,407.890005480903,111.055455803091].
[577.94750178997,407.890005480903,111.055455803091].
[577.94750178997,407.890005480903,111.055455803091].
[577.94750178997,407.890005480903,111.055455803091].
[577.94750178997,407.890005480903,111.055455803091].
[577.94750178997,407.890005480903,111.055455803091].
[577.947800794059,407.890285821139,111.062328566033].
[577.949140837415,407.891542218913,111.093130152593].
[577.9513501954,407.893613668648,111.143913383526].
[577.952690238756,407.894870066422,111.174714970086].
[577.952989242844,407.895150406658,111.181587733028].
[577.952989242844,407.895150406658,111.181587733028].
[577.952989242844,407.895150406658,111.181587733028].
[577.952989242844,407.895150406658,111.181587733028].
[577.952690238756,407.894870066422,111.174714970086].
[577.9513501954,407.893613668648,111.143913383526].
[577.949140837415,407.891542218913,111.093130152593].
[577.947800794059,407.890285821139,111.062328566033].
[577.94750178997,407.890005480903,111.055455803091].
[577.94750178997,407.890005480903,111.055455803091].
[577.94750178997,407.890005480903,111.055455803091].
[577.94750178997,407.890005480903,111.055455803091].
[577.94750178997,407.890005480903,111.055455803091].
[577.94750178997,407.890005480903,111.055455803091].
[577.94750178997,407.890005480903,111.055455803091].
[577.94750178997,407.890005480903,111.062328566033].
[577.94750178997,407.890005480903,111.093130152593].
[577.94750178997,407.890005480903,111.143913383526].
[577.94750178997,407.890005480903,111.167842207144].
[577.94750178997,407.890005480903,111.143913383526].
[577.94750178997,407.890005480903,111.093130152593].
[577.94750178997,407.890005480903,111.062328566033].
[577.94750178997,407.890005480903,111.055455803091].
[577.94750178997,407.890005480903,111.055455803091].
[577.94750178997,407.890005480903,111.055455803091].
[577.947800794059,407.890285821139,111.062328566033].
[577.949140837415,407.891542218913,111.093130152593].
[577.9513501954,407.893613668648,111.143913383526].
[577.952690238756,407.894870066422,111.174714970086].
[577.952989242844,407.895150406658,111.181587733028].
[577.952989242844,407.895150406658,111.181587733028].
[577.952989242844,407.895150406658,111.181587733028].
[577.952989242844,407.895150406658,111.181587733028].
[577.952989242844,407.895150406658,111.181587733028].
[577.952989242844,407.895150406658,111.181587733028].
[577.952989242844,407.895150406658,111.181587733028].
[577.952989242844,407.895150406658,111.181587733028].
[577.952989242844,407.895150406658,111.181587733028].
[577.952989242844,407.895150406658,111.181587733028].
[577.952989242844,407.895150406658,111.181587733028].
[577.952989242844,407.895150406658,111.181587733028].
[577.952989242844,407.895150406658,111.181587733028].
[577.952989242844,407.895150406658,111.181587733028].
[577.952989242844,407.895150406658,111.181587733028].
[577.952989242844,407.895150406658,111.181587733028].
[577.952989242844,407.895150406658,111.181587733028].
[577.952989242844,407.895150406658,111.181587733028].
[577.952989242844,407.895150406658,111.181587733028].
[577.952989242844,407.895150406658,111.181587733028].
[577.952989242844,407.895150406658,111.181587733028].
[577.952690238756,407.895150406658,111.174714970086].
[577.9513501954,407.895150406658,111.143913383526].
[577.949439841504,407.895150406658,111.100002915535].
[577.949439841504,407.895150406658,111.100002915535].
[577.951051191311,407.895150406658,111.137040620584].
[577.905579552894,407.913356771957,111.100720715701].
[577.699879454091,407.994952040329,110.894035726959].
[577.362546923558,408.129479894882,110.594864325708].
[577.158458174563,408.211075163253,110.425217042015].
[577.112986536146,408.229281528552,110.388897137132].
[577.112986536146,408.229281528552,110.388897137132].
[577.112986536146,408.229281528552,110.388897137132].
[577.112986536146,408.229281528552,110.388897137132].
[577.112986536146,408.229281528552,110.388897137132].
[577.112986536146,408.229281528552,110.388897137132].
[577.112986536146,408.211075163253,110.388897137132].
[577.112986536146,408.129479894882,110.388897137132].
[577.112986536146,408.000703488932,110.388897137132].
[577.112986536146,407.921110917685,110.388897137132].
