[432.655475780747,345.611599848027,468.251336469511].
[432.655475780747,345.611599848027,468.251336469511].
[432.680883364911,345.652643436024,468.185044553112].
[432.794752257163,345.83658803576,467.887944795934].
[432.995207697526,346.16040514694,467.364928707179].
[433.166071913166,346.436420388096,466.919120234179].
[433.285448899332,346.629262801011,466.607649094864].
[433.342444222721,346.741891828904,466.45894037904].
[433.355161598356,346.880564178088,466.470174922727].
[433.343379745472,347.174851967828,466.746552526987].
[433.278394336555,347.600874180404,467.498283910091].
[433.124602393438,348.070510834287,468.690554174583].
[432.927392288052,348.518247316793,469.994427156537].
[432.771340136022,348.849555778865,470.983815529709].
[432.69215865811,348.970049185065,471.437511744588].
[432.610904487949,348.894259943255,471.694220976164].
[432.412167749453,348.688391787901,472.28034402672].
[432.017550556699,348.446426202863,473.571214765107].
[431.472331149011,348.076860657695,475.361553489486].
[430.998835549316,347.303322138513,476.765863607694].
[430.578306343485,346.072749029446,477.801425380996].
[430.026836947599,344.741133864591,478.733895480063].
[429.431386504986,343.439031408436,479.478930076569].
[428.924954920506,341.992028836093,479.773835471503].
[428.608731805319,340.491186915236,479.654138197702].
[428.437806982524,339.091449585778,479.33908622092].
[428.317605630502,338.107911172767,479.107804683007].
[428.255755187202,337.712738366034,479.000303907684].
[428.255755187202,337.712738366034,479.000303907684].
[428.315879948989,338.014294240496,479.066570721979].
[428.415008922643,338.511475825027,479.113054467426].
[428.47513368443,338.833285703995,479.123426392992].
[428.490275013669,339.038211054376,479.133772850978].
[428.498867744149,339.404199413879,479.255646276892].
[428.514608845683,339.889660080186,479.703038371272].
[428.525698313954,340.303570078718,480.463385177429].
[428.528775964207,340.762990252331,481.140826814394].
[428.53298752528,341.34196184862,481.66064288701].
[428.540667439315,341.901742786536,482.208787894307].
[428.552526925337,342.468755749475,482.694354664811].
[428.578903504659,343.154513871185,482.956368003659].
[428.65797119796,343.813528862717,483.011408438628].
[428.810132388936,344.215624105971,482.921346729434].
[428.970149970107,344.34639177905,482.681444919559].
[429.102167779746,344.340836112801,482.170600345333].
[429.265545061793,344.29843614497,481.225562288033].
[429.472631785188,344.287218224933,480.156166766386].
[429.68504388046,344.346459845738,479.358046023014].
[429.870165152634,344.494163018517,478.831256677623].
[430.075969696624,344.770426783597,478.295330345976].
[430.385815478599,345.216744238311,477.488474918534].
[430.732339008299,345.627437381512,476.495887600269].
[431.089689062963,345.850083562671,475.160985870169].
[431.502664600176,345.991731067183,473.440659139919].
[431.861102761452,346.215787805392,472.244386273943].
[432.211156609324,346.711819223261,471.559347676529].
[432.540996904278,347.514867797896,470.981993757483].
[432.824646064598,348.333989702216,470.284907327623].
[433.175537588326,348.737226030773,469.200913406095].
[433.607472843294,348.795677183742,467.474897509414].
[434.03966604305,348.756824138231,465.544526827945].
[434.387428996498,348.769254558311,464.028009584165].
[434.639580672824,348.925319175797,463.120165855844].
[434.879111239045,349.22236344843,462.449562678222].
[435.15923401473,349.522923064729,461.626646141242].
[435.60206748485,349.798751329915,460.058749525463].
[436.118768689467,350.015325669422,458.088256290877].
[436.488247988325,350.309211253266,456.958776245439].
[436.743326937735,350.862696838121,456.563633325611].
[436.956824535772,351.675009240531,456.137927357066].
[437.278147256625,352.490481173809,455.27034740472].
[437.763465498315,353.007585737255,453.979828057627].
[438.295680968458,353.289738349891,452.33114357542].
[438.830030336658,353.490674609896,450.188872373711].
[439.34595072913,353.591459678616,447.899590020808].
[439.787468145026,353.649894913048,446.119546548414].
[440.19604497514,353.859837615676,444.77549915898].
[440.545972996152,354.330162737007,443.833683121732].
[440.807080025367,354.846904295249,443.130980470288].
[441.040350991374,355.19823104026,442.494034814932].
[441.257525421853,355.458131007719,441.695756336431].
[441.559999135495,355.660207513419,440.530302528465].
[441.939542797609,355.763807724522,439.142632152872].
[442.289898145036,355.856897748935,437.920114853703].
[442.719791801607,356.0521414954,436.323021153966].
[443.210570430825,356.316915787568,434.337767269016].
[443.589791524965,356.558776116176,432.919913627506].
[443.874461508163,356.777555516653,432.079488887086].
[444.192991256466,357.009238355661,431.149393787171].
[444.614544881183,357.296335964662,429.616142640113].
[445.073366709387,357.575302760624,427.706772796597].
[445.423043724988,357.621763578112,426.361351558668].
[445.571088232469,357.448017770952,425.877526952543].
[445.571088232469,357.251063587189,425.877526952543].
[445.424134511628,357.044890862812,426.262860126441].
[445.078755540085,356.778598829536,427.216351126496].
[444.584977681001,356.445478591,428.773157144862].
[443.94265694694,356.137069036789,431.118722599981].
[443.064021251451,355.864655576342,434.552160492654].
[441.91921316409,355.675980945667,439.232997956095].
[440.544476615068,355.438377594203,444.801097409784].
[439.039817815136,354.659833776402,450.348879949599].
[437.348144700698,352.934549678544,455.752576443494].
[435.378685590813,350.46535136511,461.598378399228].
[433.038014932615,347.404451332113,468.421970975434].
[430.518699390362,343.740065694474,475.398423234125].
[428.083714209514,339.936998023437,481.881377991658].
[425.728957195225,336.372389316066,488.263293141923].
[423.426362431167,333.17684202911,494.79241401557].
[421.356403925041,330.467444647314,500.80071555724].
[419.725437932246,328.599567947848,505.843815240852].
[418.636273703595,327.915509164704,510.082760007018].
[418.115035757549,328.194823828428,513.003349621663].
[417.993084651379,329.031382152163,514.133886464321].
[418.106974178142,329.909928871879,514.06601472967].
[418.414718818018,330.669447790023,513.381373895949].
[418.80597835363,331.345290325959,512.434856476457].
[419.126134420805,331.8665244784,511.619042260911].
[419.323185377845,332.187335792352,511.115423116671].
[419.503100778235,332.497281474743,510.719486336114].
[419.716767232241,332.930892955678,510.401022130578].
[419.932720519883,333.510940374796,510.21518363493].
[420.108558765109,334.213892201027,510.065233586438].
[420.257421766604,334.962014445535,509.886877565888].
[420.4240002124,335.513719931833,509.671898505953].
[420.59347208317,335.843901000591,509.364570787055].
[420.789506836713,336.103836253201,508.883445916117].
[421.081822574958,336.419994104736,508.072762752803].
[421.408550329355,336.745188116387,506.990156947848].
[421.77262954806,337.085727602376,505.552954350259].
[422.293676985552,337.457521688854,503.64449291857].
[422.902151686831,337.90579970406,501.622240940573].
[423.507912096148,338.398128681551,499.635850291817].
[424.070908303893,338.847261080499,497.737419540369].
[424.665159852971,339.197680169724,495.584333191144].
[425.223682814251,339.392831958016,493.412842161606].
[425.6876054712,339.481167039919,491.549941150144].
[426.095706737666,339.543054898745,489.847649024095].
[426.560464261506,339.587461378029,487.892148344996].
[426.983408307857,339.638989005845,486.192111632495].
[427.342250320611,339.730709530879,484.793225781173].
[427.673483236691,339.857830420091,483.528537027881].
[428.02302433702,340.014360392081,482.195935447475].
[428.423908025825,340.193527543786,480.702174436885].
[428.896294735581,340.354834025516,478.889216585838].
[429.333455396584,340.484434570132,477.166695889291].
[429.681474229515,340.577750308479,475.806759789652].
[429.967300474669,340.618905915699,474.633772905217].
[430.212143528363,340.626689561929,473.586099706428].
[430.486785546517,340.628252640061,472.440195158844].
[430.756908140357,340.641555957638,471.324566261791].
[431.008681078051,340.681331699083,470.280820024747].
[431.280835076106,340.769630212001,469.325562402937].
[431.548562937747,340.955186565768,468.44860952138].
[431.746111656249,341.2245089886,467.755004602057].
[431.92219146614,341.428600813195,467.15769519679].
[432.095316655595,341.615519750836,466.559524365351].
[432.27704145199,341.859389260172,466.117739533714].
[432.478394862503,342.111102442716,465.727880830391].
[432.607892210481,342.428240614436,465.331795596366].
[432.719963057686,342.924717431564,465.065414230207].
[432.931499896657,343.513921591866,464.889034928033].
[433.205127206687,344.148023643787,464.53239061197].
[433.473973806746,344.719114352758,463.787559461744].
[433.802064007952,345.146873087415,462.782127866373].
[434.130110999476,345.491409045787,461.875980146052].
[434.397581396186,345.749952999559,461.129607633904].
[434.694697334513,346.023940875044,460.14575138748].
[435.017697545368,346.3341556861,458.95955965238].
[435.315371151117,346.562738061011,457.92749298101].
[435.570809403384,346.68835212384,457.004981082008].
[435.856324395375,346.811940680554,455.914825334202].
[436.137361331552,347.044059408193,454.971466270314].
[436.387470077084,347.380273608656,454.270811053267].
[436.625109661046,347.757024996711,453.649244142537].
[436.888840087967,348.134307570616,452.912641144067].
[437.229998691727,348.472387738254,451.810598571489].
[437.614538081403,348.743467771516,450.4590107722].
[437.918624311026,349.021748373924,449.453782120456].
[438.176189254393,349.388824916153,448.733020750079].
[438.409957664175,349.764634821716,448.121274841744].
[438.655005584528,350.158577852308,447.480011709732].
[438.889113422333,350.534933427892,446.867377556042].
[439.134517277561,350.92944866519,446.225182982081].
[439.368965283191,351.306351100115,445.611658647054].
[439.614725849358,351.701439791732,444.968530600273].
[439.849514764769,352.078890278776,444.354114142295].
[440.095632820194,352.448606102583,443.710050585915].
[440.344117930157,352.726660401274,443.012624879254].
[440.650507421658,352.971758588885,441.999411701711].
[440.997848102761,353.224794170599,440.775566934625].
[441.337089771982,353.475148990142,439.746408513273].
[441.59226093359,353.781134964958,438.984705095178].
[441.79626909843,354.234365483154,438.332122706247].
[442.002377062222,354.785956990129,438.08301748033].
[442.118595747219,355.182138427935,438.200317354455].
[442.131214824663,355.379014323051,438.356099852229].
[442.045506282435,355.507546639315,438.654497378564].
[441.815456416292,355.576336041818,439.514231115723].
[441.473639625086,355.516623534823,440.966323447925].
[441.07246865519,355.467730205364,442.665922787226].
[440.517915782152,355.564263014383,444.882528433785].
[439.772377094469,355.744969466878,448.071485789875].
[438.914246052808,355.849539756604,451.959381780212].
[437.898868154581,355.836153113281,456.447826596596].
[436.70306834487,355.552869500038,461.274980438341].
[435.399200523525,354.573143414123,465.704097208567].
[433.926597350812,352.652879469281,469.918235731966].
[432.233155400219,350.171923266086,474.568272491522].
[430.413584246872,347.548658550714,479.630211570858].
[428.546312431439,344.672516575053,484.641709276395].
[426.714877169196,341.543781164428,489.250848996325].
[425.069956596237,338.558387748509,493.202417457908].
[423.650838628113,336.192006000802,496.783498389949].
[422.488102109553,334.695661167145,500.157056546974].
[421.748381836681,334.105937000927,502.729267232566].
[421.494349589149,334.040366730711,503.783113291211].
[421.557192408224,334.2168946956,503.707567354013].
[421.771293238772,334.507940106185,503.107272181418].
[422.037007530867,334.684468071074,502.220196196083].
[422.331119156109,334.710149567414,501.087850721722].
[422.536796630263,334.648718083983,500.159590347].
[422.651913482045,334.54743469056,499.491393595602].
[422.700471587888,334.486003207129,499.16796715031].
[422.711306365821,334.472295990393,499.095800955775].
[422.711306365821,334.472295990393,499.095800955775].
[422.733099989217,334.418739807213,498.950642201685].
[422.830772232996,334.17871764641,498.300085800015].
[422.991806538871,333.782988004454,497.227499622791].
[423.08947878265,333.542965843651,496.576943221121].
[423.122231725975,333.462477959628,496.358788747246].
[423.171347990318,333.341778450309,496.031644627709].
[423.263328331499,333.115743710165,495.418999750633].
[423.361749053004,332.873882221891,494.763458033204].
[423.453997680196,332.647188189143,494.14902620853].
[423.503302137358,332.526026210188,493.820628610639].
[423.51430344878,332.49899131842,493.747353202029].
[423.526610749752,332.518904168871,493.715273129662].
[423.581768246002,332.608147373098,493.571500219962].
[423.685023503895,332.775211338908,493.302356225426].
[423.795377126835,332.953760250276,493.014709712352].
[423.901165530217,333.140854077364,492.745422169813].
[423.97731409029,333.366402831004,492.610899877491].
[424.053291601238,333.743751152655,492.620707005858].
[424.142630882873,334.179479739142,492.689804367808].
[424.198268118514,334.409498644595,492.731714036336].
[424.214810062503,334.476313308231,492.741065347387].
[424.232588237705,334.565677708215,492.741065347387].
[424.291319178302,334.739803080333,492.750393956988].
[424.379967703069,334.96235798213,492.792201884681].
[424.436290534136,335.245889832755,492.861131504352].
[424.479704553877,335.493428206272,492.83883605262].
[424.591360023545,335.669152481091,492.5287879322].
[424.783397731245,335.911474223981,491.90187263186].
[424.964650107714,336.322495513296,491.312472401133].
[425.139613245326,336.738362770239,490.933185204858].
[425.311787303951,337.055383138844,490.627061257928].
[425.490001132111,337.344181812874,490.227988839486].
[425.709455509305,337.699811529143,489.665973020479].
[425.930877962798,338.058630548012,489.089376795029].
[426.151622223322,338.434753437287,488.549437808747].
[426.333816359668,338.820442983469,488.196474540829].
[426.533225671998,339.28889691735,487.778643231492].
[426.788286119919,339.725383100606,487.013010333798].
[427.060576857589,340.025901757436,486.182470037613].
[427.294288583475,340.29442923278,485.538980684703].
[427.514933391801,340.625620507259,484.964409489964].
[427.681875659646,340.896153417591,484.529682659015].
[427.798511683504,341.085164165983,484.225956049328].
[427.866632242129,341.195554741215,484.048566374709].
[427.934783195735,341.305994572054,483.871097549891].
[428.026659206767,341.454881279866,483.631847372979].
[428.093952259329,341.545185632977,483.421908528697].
[428.171554895881,341.553109572797,483.088901065272].
[428.327538671445,341.498317854174,482.456850595731].
[428.538693099084,341.407981582221,481.57601392003].
[428.745729248872,341.373441512029,480.523332619101].
[428.912325726175,341.451977418511,479.75661168864].
[429.035262264799,341.601617984869,479.356484013158].
[429.140256714019,341.692379576303,479.082806662063].
[429.208878200388,341.732897176949,478.903938667066].
[429.277530466874,341.823722873488,478.72499044096].
[429.37008237293,341.973469131299,478.483745683011].
[429.438752329927,342.084575098995,478.304751345019].
[429.519996347346,342.216025526076,478.092981602476].
[429.681380698552,342.477140652628,477.672318966741].
[429.899054368073,342.829330238172,477.10493322663].
[430.116846456624,343.181711422217,476.537238816809].
[430.291028162508,343.45768832605,476.083218740224].
[430.44072960246,343.639880449813,475.647729916003].
[430.693351198843,343.802216415316,474.740804709957].
[431.097980477257,343.949465019543,473.147531739203].
[431.495963733583,344.054632411042,471.57088254727].
[431.70025871571,344.120043352657,470.789054777566].
[431.806970833868,344.240919061198,470.46520373998].
[431.957332444667,344.483814252037,470.072889410985].
[432.133091678629,344.762064966103,469.614309155228].
[432.316254447171,345.032527352542,469.136412049343].
[432.541335095275,345.31960129404,468.503430115085].
[432.791857513047,345.503284116145,467.598973755063].
[433.139335417593,345.610363322348,466.148666886236].
[433.550773648879,345.769586280913,464.530634608597].
[433.902461825916,346.037146758488,463.360935046749].
[434.156793198119,346.355975139424,462.650833701756].
[434.397132101299,346.732229948651,462.023139264911].
[434.652410258412,347.143949405969,461.356427896312].
[435.008181168969,347.717746270853,460.427259050185].
[435.453713937595,348.43631346748,459.263658665073].
[435.899738888345,349.155674468637,458.098772845195].
[436.256639542951,349.726215991417,457.166653440315].
[436.538991756758,350.117370968936,456.382924559443].
[436.883435600327,350.433705127355,455.275783706081].
[437.259900821214,350.63584552024,453.903811899521].
[437.580331732312,350.796468910414,452.650777904963].
[437.875738160359,351.006959597876,451.488929978323].
[438.164420736856,351.24191010155,450.52596227092].
[438.410324818862,351.516545941608,449.83662337226].
[438.667705568618,351.841940782226,449.116995470718].
[438.973058810067,352.040845843829,448.062202391452].
[439.360725467892,352.137696850061,446.492782172154].
[439.705512942247,352.258393251227,445.034766899339].
[439.972443446662,352.433442720595,444.079335568351].
[440.213155351518,352.663765033611,443.402507202521].
[440.453956719529,352.904031363696,442.77235682532].
[440.681998211926,353.144527499171,442.14174779854].
[440.864954955863,353.454253648872,441.54511580249].
[440.99653121658,353.804524053231,441.102381511935].
[441.106211009747,354.076506145233,440.913775562967].
[441.177813582369,354.192371217487,440.810466991872].
[441.263789883637,354.204099946333,440.488274898277].
[441.447803898752,354.161923557059,439.767129124413].
[441.724397013488,354.092386446942,438.678295999874].
[441.995274603929,354.050210057668,437.426610386802].
[442.155739296392,354.078677004202,436.662868296077].
[442.301480300581,354.248433396622,436.199921979504].
[442.52417345981,354.53295573811,435.568942788107].
[442.763651820102,354.71887192543,434.728150633991].
[443.002528503393,354.770243852291,433.75042985527].
[443.196662836151,354.752086216852,432.980495586206].
[443.383604506513,354.715026156374,432.228622440999].
[443.544962252462,354.675926077486,431.452354408463].
[443.619974205986,354.655025811908,431.041426741954].
[443.633743573162,354.650362332302,430.957515143621].
[443.633743573162,354.650362332302,430.957515143621].
[443.633743573162,354.650362332302,430.957515143621].
[443.633743573162,354.650362332302,430.957515143621].
[443.620409794159,354.650362332302,430.992478173845].
[443.547327967951,354.628997115769,431.184108925935].
[443.361733538372,354.530806607952,431.766114525154].
[443.054428953636,354.362010344276,432.999174219109].
[442.607173707446,354.248241717901,434.970564383415].
[442.036440759806,354.215949021221,437.316917786868].
[441.391034056922,354.213510770826,439.987820748992].
[440.628108253721,354.190186138392,443.245101689663].
[439.590814264892,354.032560371804,447.524642230591].
[438.432760160523,353.477123354102,451.800887184206].
[437.014270713198,352.21666830012,456.463224186874].
[435.238826036295,350.238423688574,461.962299056885].
[433.155723994606,347.978308788897,468.496548394504].
[430.867575859348,345.713936806429,475.891052156865].
[428.423965857257,343.53091512275,484.021917990768].
[426.005214794391,341.391989759505,492.091841754712].
[423.770308066442,339.331644243314,499.464832155539].
[421.820552601845,337.327186895202,505.691199195393].
[420.246728615492,335.460412350939,510.443393785159].
[419.092607003429,334.095437844821,513.840980081022].
[418.476965117952,333.448173505165,515.630034991732].
[418.300136951908,333.23096824564,516.131520921687].
[418.363782157803,333.100498234004,515.923574973085].
[418.637367950416,332.948663507614,514.935462920553].
[419.08952744924,332.855043228605,513.058809255955].
[419.506645229795,332.81065104524,511.103258225603].
[419.744762916712,332.740932088112,509.81762021457].
[419.925830302986,332.635405754423,508.745399910082].
[420.158299757424,332.572295139498,507.625280943601].
[420.394054754512,332.558213257883,506.774126825752].
[420.512688698442,332.558213257883,506.422269516653].
[420.560983269726,332.558213257883,506.296750214156].
[420.679912247824,332.558213257883,505.943901043426].
[420.916791880276,332.563721438831,505.088260576369].
[421.151497701405,332.588407393187,503.958180057999].
[421.314337269697,332.62910765122,503.014369449049].
[421.439407443232,332.666455468166,502.448581137028].
[421.617282344894,332.735778444303,501.93836042526].
[421.865824593382,332.900516754392,501.279287719464].
[422.108279554048,333.186523788619,500.606419354775].
[422.245697590371,333.542512234548,500.149005969318].
[422.329426687705,333.815221741209,499.85152581426].
[422.433004707503,334.020598829222,499.677785043315].
[422.542230397822,334.197877450348,499.503967637226].
[422.668889982209,334.403452131608,499.269640372775].
[422.83289930849,334.669647265099,499.081856415138].
[423.02801796401,335.074711226105,498.827687572185].
[423.173393530035,335.706801784482,498.410395390219].
[423.338371290605,336.627895674666,498.060132941775].
[423.596900483384,337.444199736728,497.840705255215].
[423.877932846633,337.989406083327,497.51479204091].
[424.181096886701,338.482218538602,496.870112283381].
[424.562677510554,339.102502145073,495.896205048004].
[424.999511659329,339.812603875336,494.760857612384].
[425.436876655683,340.523568532146,493.624130485093].
[425.819766590792,341.145980507454,492.628985972767].
[426.135981542407,341.615629710527,491.762986547565].
[426.467427944519,341.955527024706,490.703698935268].
[426.812686776041,342.182907883514,489.480149575244].
[427.06514597618,342.329096221628,488.581722327931].
[427.298882539317,342.453385738361,487.731160640499].
[427.554732820797,342.577525816263,486.738279009301].
[427.784743877297,342.789153598887,485.941366218696].
[428.004055459857,343.089261453895,485.326517395423].
[428.183130099205,343.359262531662,484.860648062898].
[428.380053905342,343.67294964971,484.348343459316].
[428.638748335431,344.092823323436,483.6753402808].
[428.902859097878,344.521487968674,482.988246312266].
[429.094849532315,344.833097805034,482.488776058591].
[429.279860900817,345.13338027709,482.017614624398].
[429.495881206807,345.483991766654,481.52340706841].
[429.712750887337,345.875299456233,481.103544748791].
[429.900642252092,346.322552994914,480.686141787846].
[430.095437785705,346.771844767414,480.055283608351].
[430.358668231287,347.100484030378,479.241876580159].
[430.628803184888,347.381023922885,478.500044680216].
[430.88188873824,347.675540055504,477.794988943611].
[431.1649529652,347.931028260841,476.858068457722].
[431.482985847751,348.145605245359,475.700034682948].
[431.791381433995,348.402196087949,474.652035605221].
[432.14446946706,348.714167914048,473.486801350049].
[432.57035292348,349.065497709033,472.089856471075].
[432.95631257681,349.488621712031,471.080071968174].
[433.237247111542,349.939015911289,470.584935739249].
[433.365084865437,350.331682318276,470.257206470426].
[433.418481298971,350.697824975749,469.845333119084].
[433.544540036347,350.933801461645,469.32052445427].
[433.785424530864,351.066779903514,468.642026533442].
[434.01576754992,351.227816731394,468.037033404631].
[434.223711163784,351.502275043471,467.494383845844].
[434.493308047473,351.934200589118,466.792338759286].
[434.770348697055,352.378439741632,466.070909697666].
[435.016103553429,352.739680283979,465.430950559214].
[435.249107019445,353.006919284753,464.79039583581].
[435.481448092202,353.209627339194,464.055590062289].
[435.700794981229,353.422044464468,463.299278427007].
[435.890039775075,353.701699916564,462.713320796203].
[436.074992434575,354.071486043966,462.219547115723].
[436.289403823827,354.475827160704,461.738451209679].
[436.487077954374,354.915611891113,461.210375169717].
[436.75990794285,355.257226851538,460.359929111757].
[437.177315798608,355.457482867128,458.882912191257].
[437.613531970641,355.623179605638,457.279874092717].
[437.926368141618,355.867515915785,456.226581532033].
[438.167751210212,356.207838168036,455.551840986133].
[438.353656706623,356.504386476297,455.067261808948].
[438.532294569741,356.774409048971,454.601626363008].
[438.711095981599,356.990517017759,454.089716882264].
[438.923631507075,357.085791282382,453.284187507736].
[439.244090901456,357.102400740119,451.903677370701].
[439.564988756368,357.119099588319,450.521370071842].
[439.778445030873,357.210727596029,449.71251538331].
[439.95849510679,357.413545288028,449.196744600599].
[440.1255809204,357.631199524451,448.760794503347].
[440.268173890084,357.770923933608,448.342506304748].
[440.449116648874,357.886135808004,447.696610777091].
[440.662509256277,358.050301422529,446.927450247663].
[440.843132451073,358.253278003323,446.4242371457].
[440.972997250739,358.508079296614,446.095437890484].
[441.095265151431,358.747739513599,445.765936304453].
[441.212220178818,358.89823037701,445.446426005698].
[441.321779433233,359.060551680543,445.16574898126].
[441.381242158277,359.31075614375,444.842491756671].
[441.394921499695,359.535450803302,444.691897741373].
[441.394041919793,359.633137667665,444.855372144381].
[441.379143984524,359.633137667665,445.236307949037].
[441.31960982488,359.556486374222,445.599113764832].
[441.210046818171,359.430109756295,445.931272335156].
[441.08008393047,359.353458462852,446.316457985835].
[440.885569321692,359.327336668897,447.076434645354].
[440.573805829266,359.286918203872,448.481701843371].
[440.095820444029,359.203416299638,450.524244661725].
[439.46652999374,359.070649221345,453.003428267644].
[438.769714426137,358.845170879009,455.654284028309].
[438.025824432685,358.537778395807,458.467933326719].
[437.141150417645,358.091891320372,461.754234810148].
[436.055808598629,357.289389434257,465.53182206011].
[434.835360947013,355.95588970828,469.350812736841].
[433.449102121284,354.166634964571,473.415510927237].
[431.920457137635,352.07909535007,477.783799220629].
[430.268267751374,349.850643788151,482.532786852495].
[428.549433092785,347.644529406353,487.584975790921].
[426.870208357777,345.602359289539,492.633250735941].
[425.423780610827,343.681912508115,496.821121571318].
[424.237394626362,342.086855756768,500.222777069628].
[423.297677713339,341.130038393269,503.172194630849].
[422.713807247933,340.798421655012,505.197874817448].
[422.510418982707,340.78592959858,505.961277340601].
[422.54156154455,340.891821342055,505.923622705889].
[422.707312629596,341.019898674164,505.450988116789].
[422.952612326915,341.087204023113,504.622237049402].
[423.210340308599,341.094849783056,503.592794088945].
[423.427571861722,341.06784980439,502.642897577265].
[423.619937709806,341.023334365256,501.781621005398].
[423.722759841578,340.99633438659,501.321257099608].
[423.745702560307,340.990309877027,501.218536027582].
[423.756599351817,340.964464773063,501.146884829392].
[423.805435383226,340.848635053108,500.825766437587].
[423.885952386986,340.657664130038,500.296331714604].
[423.934788418395,340.541834410083,499.975213322799].
[423.957833727042,340.51598930612,499.903562124609].
[424.013486330326,340.535782961518,499.903562124609].
[424.108660579316,340.670087477463,499.88081322036].
[424.172023027861,341.020688792467,499.778859704827].
[424.201718283834,341.466098047009,499.610766775144].
[424.269473223028,341.798746505824,499.477303132431].
[424.413604567771,342.079354793935,499.313335635595].
[424.582079308766,342.354060601461,499.017420009331].
[424.757647077589,342.640331916823,498.593471691605].
[424.973841450824,342.992846777693,498.032646340881].
[425.19197286069,343.348520065807,497.466796163507].
[425.420621350289,343.721341935744,496.873663847188].
[425.639054317904,344.077506927626,496.307031405096].
[425.855804751719,344.430928470826,495.744763589125].
[426.019799377297,344.698329244277,495.319348523829].
[426.14658943269,344.90506625629,494.990445064316].
[426.256032632465,345.083518423036,494.706540724068].
[426.358490317778,345.250580387428,494.440757362364].
[426.413230843335,345.339837329974,494.298756097555].
[426.437667822347,345.379682947265,494.235364635881].
[426.504677418643,345.488945173482,494.061536428503].
[426.649808104781,345.725587426777,493.685055918226].
[426.794963396912,345.962269801273,493.308511578054].
[426.862002459875,346.071580074245,493.134606931805].
[426.897773884288,346.091523575492,493.039355023164].
[427.003273939928,346.091523575492,492.713511666689].
[427.178161666777,346.106067477689,492.059704876662].
[427.299236096759,346.196633282397,491.470939926169].
[427.381474240423,346.437849671025,491.200527309635].
[427.485850362107,346.800164177121,491.058719028515].
[427.599397195061,347.165772562426,490.892764659377].
[427.705515395976,347.428496198498,490.792108246382].
[427.773686318582,347.558122502713,490.737809998101].
[427.85324017356,347.687838719186,490.563257686631].
[427.998975461487,347.925466803483,490.185208791363].
[428.15702617961,348.183175762676,489.775212693418].
[428.29172673107,348.402811202055,489.425788779721].
[428.449946537836,348.660795868051,489.015354052426].
[428.595909010973,348.898794388273,488.636715820705].
[428.663320890701,349.008712556112,488.4618440582].
[428.687927842191,349.048835321341,488.398011674437].
[428.755403637298,349.158857706143,488.222974110369].
[428.901544094449,349.397146437478,487.843874174001].
[429.047709414849,349.635475709484,487.464709740391].
[429.127539844433,349.765642893564,487.257623274633].
[429.195092332605,349.875790329934,487.082386762672].
[429.286161412592,350.024282649974,486.846146346423].
[429.353731031145,350.134458018217,486.670865396895].
[429.421330486571,350.244682036852,486.495507048152].
[429.512462888217,350.393277605767,486.259102370497].
[429.567737483908,350.483405374211,486.115715685399].
[429.592412921282,350.523639808819,486.051705643824].
[429.647725963572,350.613830266209,485.908219225201].
[429.751272348476,350.782667405316,485.63961169041].
[429.861936919781,350.96311107447,485.352539015546].
[429.965538171019,351.132037675656,485.083789153136].
[430.020889700034,351.22229088742,484.940202896895].
[430.033240295568,351.242429101014,484.908164472545].
[430.057967285159,351.282747593882,484.844020700429].
[430.16878596415,351.463442542701,484.556548258004].
[430.351495077395,351.761358148326,484.082586327438].
[430.462313756386,351.942053097144,483.795113885014].
[430.487040745977,351.982371590012,483.730970112897].
[430.487040745977,351.982371590012,483.730970112897].
[430.499417158004,352.002551898585,483.698864718517].
[430.567269424028,352.113188136519,483.522850559032].
[430.714225305096,352.352806454024,483.14163534835].
[430.861206257808,352.592465651998,482.760355099835].
[430.929088548135,352.703150845938,482.584263054926].
[430.94147358365,352.723345215504,482.552135290535].
[430.94147358365,352.723345215504,482.552135290535].
[430.94147358365,352.723345215504,482.552135290535].
[430.94147358365,352.723345215504,482.552135290535].
[430.94147358365,352.723345215504,482.552135290535].
[430.94147358365,352.723345215504,482.552135290535].
[430.94147358365,352.723345215504,482.552135290535].
[430.94147358365,352.723345215504,482.552135290535].
[430.94147358365,352.723345215504,482.552135290535].
[430.94147358365,352.723345215504,482.552135290535].
[430.94147358365,352.723345215504,482.552135290535].
[430.94147358365,352.723345215504,482.552135290535].
[430.94147358365,352.723345215504,482.552135290535].
[430.977503547394,352.713976600911,482.370734695773].
[431.151436747281,352.671989383283,481.525405545674].
[431.473497524404,352.602764164484,480.040052305738].
[431.7270262571,352.560776946856,478.988049411809].
[431.818889574616,352.551408332263,478.661674748184].
[431.831347679785,352.551408332263,478.629326660982].
[431.831347679785,352.551408332263,478.629326660982].
[431.856290067685,352.592016103753,478.564562515239].
[431.968074094924,352.774007509408,478.274309751113].
[432.152374798357,353.074060610996,477.795763845021].
[432.264158825595,353.256052016651,477.505511080895].
[432.289101213495,353.296659788141,477.440746935153].
[432.289101213495,353.296659788141,477.440746935153].
[432.289101213495,353.296659788141,477.440746935153].
[432.289101213495,353.296659788141,477.440746935153].
[432.289101213495,353.296659788141,477.440746935153].
[432.289101213495,353.296659788141,477.440746935153].
[432.289101213495,353.296659788141,477.440746935153].
[432.800296543179,353.294750017548,475.283610657516].
[435.091315065029,353.286191019556,465.615996578804].
[438.868566033571,353.272079617512,449.676795610312].
[441.159584555421,353.26352061952,440.0091815316].
[441.644365380593,353.261610848928,437.921238196627].
[441.525983784428,353.261610848928,438.231339451507].
[441.304043021016,353.271214903054,438.907168855047].
[441.065720186355,353.314257287465,439.954771792527].
[440.788877843072,353.385222182184,441.471458471137].
[440.406759171488,353.421536288534,443.314943189007].
[439.86075244594,353.400986292417,445.576943541722].
[439.334336854222,353.351270668381,447.628782226092].
[438.842109766826,353.333274035016,449.699110139216].
[438.213503722126,353.381031519309,452.557047865382].
[437.45501965226,353.470863354651,456.10724521316].
[436.604324375401,353.442995579856,459.735414030172].
[435.583685876139,352.937347464988,463.363553012388].
[434.491533940685,351.513637012438,466.413391236415].
[433.329912992028,349.216249023662,468.993601717398].
[431.97114756343,346.522270920064,472.042408026656].
[430.320539627103,343.849346482985,476.342586711928].
[428.463828875113,341.378677053887,481.712903891996].
[426.509271217552,338.992397994613,487.579698419808].
[424.570834979933,336.626304945867,493.398604000749].
[422.734523611137,334.26519997244,498.791905650969].
[421.018039968785,331.964385563936,503.739979247089].
[419.442459830659,329.972208182962,508.401011571134].
[418.060269946079,328.302093569259,512.513064104458].
[416.997781197947,327.072260685386,515.600389793605].
[416.346763378701,326.518308689394,517.723159445477].
[416.066567199496,326.423233169999,519.089657913114].
[416.006191550542,326.525259891226,519.633729321447].
[416.085095135915,326.754556914936,519.472073646926].
[416.324497326177,326.995593987986,518.656944705982].
[416.63792254084,327.153954252184,517.480737747766].
[416.870755850969,327.2715048211,516.488369539385].
[417.086510801809,327.376660692684,515.564465614249].
[417.332403010446,327.514173834798,514.731259548136].
[417.556891199464,327.741238345393,514.104491980447].
[417.75762625525,328.040457924259,513.582774455699].
[417.864882578108,328.214809908088,513.304011471046].
[417.911084193106,328.253713094162,513.179525069182].
[418.012584682594,328.265643687015,512.900378707193].
[418.184734107055,328.319112894607,512.400998230586].
[418.307384738622,328.407268714491,511.915175315989].
[418.393848034423,328.433609699354,511.352996318868].
[418.518191698167,328.323960032905,510.630122166839].
[418.64095317205,328.123508073296,509.92895713425].
[418.709731193755,328.021481266836,509.549753977652].
[418.774079948677,328.081985539996,509.338641871863].
[418.863098568218,328.226467099974,509.107056623283].
[418.917091090255,328.341200279123,509.006045357882].
[418.930785273171,328.482210567929,509.151516591493].
[418.93816582104,328.701998411628,509.443031762228].
[418.950334287301,328.911024649954,509.619844651049].
[418.959356585571,329.082502869551,509.659296939248].
[418.968361223225,329.170072271912,509.659296939248].
[418.980492209035,329.236108047304,509.698627709294].
[418.987850023861,329.444490457764,509.874895991535].
[418.989491774261,329.788054970329,510.165513257816].
[419.00151144204,330.015976116282,510.310541997479].
[419.055379855755,330.150039054207,510.209866850992].
[419.144193855266,330.294411866866,509.97903611838].
[419.198062268981,330.381978404172,509.839030201847].
[419.21008193676,330.401517139665,509.80779065927].
[419.21008193676,330.401517139665,509.80779065927].
[419.223710707652,330.44063500084,509.80779065927].
[419.295226032747,330.61594909172,509.745246996188].
[419.442698055306,330.904993162408,509.464945744935].
[419.5808858102,331.080307253289,509.002807109791].
[419.653327382761,331.139004267986,508.69120169352].
[419.717742640781,331.226751946335,508.488362496223].
[419.808305207384,331.391016064154,508.257054264777].
[419.879786196393,331.566571926117,508.085432980166].
[419.962458526748,331.730922299705,507.882389183873].
[420.134293155732,331.824045287945,507.336358002161].
[420.421091789814,331.847768100008,506.184191263242].
[420.743604833161,331.798798868905,504.694572168337].
[420.969830361306,331.669898357611,503.669795264988].
[421.152803169566,331.554544720535,502.908879366253].
[421.340668219963,331.481391138376,502.094663307616].
[421.501350513575,331.468694211725,501.475451077801].
[421.614765716451,331.549886320633,501.119673983126].
[421.707823463368,331.708239302501,500.853863584602].
[421.77456934193,331.852958378547,500.680137810061].
[421.861221281281,331.965498006249,500.433961150212].
[422.016897685116,332.014572584773,499.802644695303].
[422.201417400119,331.994789589944,498.800155659331].
[422.354465954937,331.934215074778,497.875363592397].
[422.468785626698,331.869382033063,497.33440863949].
[422.593321042688,331.80859872633,496.920990481051].
[422.752181393502,331.776108975651,496.307304581729].
[422.935859561974,331.768859532379,495.499343302806].
[423.039838628521,331.768859532379,495.028640700243].
[423.075329583155,331.788744534146,494.891577545672].
[423.130409940089,331.877862929232,494.748005706445].
[423.233520786565,332.044693241621,494.479238133088].
[423.343720049849,332.222992403612,494.191993972159].
[423.446885852029,332.389911632713,493.92308315188].
[423.502004758379,332.479092399618,493.779410830179].
[423.51430344878,332.49899131842,493.747353202029].
[423.526610749752,332.518904168871,493.715273129662].
[423.581768246002,332.608147373098,493.571500219962].
[423.685023503895,332.775211338908,493.334458765587].
[423.795377126835,332.953760250276,493.158583315725].
[423.899928431548,333.160808810661,492.982629639986].
[423.961923323721,333.435907791619,492.754773480864].
[423.988953174266,333.801895886322,492.684869816502].
[424.014724428719,334.121676690556,492.833488531621].
[424.07111570242,334.360091360666,492.968609173477].
[424.165250345,334.525811865831,492.852666806232].
[424.264652693754,334.596759088601,492.55571702043].
[424.359024818643,334.5076328742,492.100421171616].
[424.425352302476,334.406827447775,491.617516237063].
[424.507624380352,334.445290304183,491.222889892877].
[424.65067167748,334.585992493325,490.799364705491].
[424.793053093278,334.675548869901,490.41731510508].
[424.859542742057,334.695531598549,490.240867581977].
[424.883102345921,334.688591677759,490.134592274065].
[424.934488150768,334.657489110606,489.802576825902].
[425.033703883653,334.606209646567,489.255175894314].
[425.142797364304,334.595146909612,488.890857185975].
[425.243321202302,334.684916115808,488.672001357787].
[425.311164599252,334.877058121365,488.400984780609].
[425.393647117421,335.076797517124,488.078987926274].
[425.537542826454,335.224965296564,487.662849337171].
[425.681907150551,335.310896151671,487.278947896601].
[425.753661658612,335.44084133419,487.14370895878].
[425.774140864086,335.709455792786,487.299877653492].
[425.779038538354,335.997786113921,487.610690316638].
[425.780131357198,336.138184747626,487.799207726263].
[425.780131357198,336.165034132566,487.841271646063].
[425.792525263495,336.165034132566,487.808965829231].
[425.848070897882,336.165034132566,487.664181203024].
[425.950998248557,336.15826691288,487.350947863234].
[426.057402456966,336.127938338375,486.872170526936].
[426.153647976049,336.07793497248,486.289203824716].
[426.20450655007,336.047606397975,485.955211114625].
[426.215854631837,336.067659373291,485.922882592383].
[426.215854631837,336.187859148096,486.111988917682].
[426.216909167142,336.406102142643,486.423772538627].
[426.221635266495,336.61623628168,486.612878863926].
[426.229427287027,336.791333175957,486.655074188575].
[426.23415338638,336.881267540189,486.655074188575].
[426.235207921685,336.901334609282,486.655074188575].
[426.235207921685,336.901334609282,486.655074188575].
[426.235207921685,336.901334609282,486.655074188575].
[426.235207921685,336.901334609282,486.655074188575].
[426.235207921685,336.954608455734,486.664851341773].
[426.237307074236,337.206897508656,486.708669502397].
[426.25805910836,337.661188229795,486.780913435861].
[426.324411422779,337.999935507534,486.824731596485].
[426.429030696291,338.10733646978,486.760006339957].
[426.533008728251,338.091647353732,486.426109704579].
[426.640928134548,338.043469486505,485.843210437338].
[426.760105045257,338.034371725962,485.331701913242].
[426.919071386669,338.118039247685,484.872523368042].
[427.066675194965,338.266733605645,484.487780940548].
[427.134845241147,338.356921292674,484.310089664469].
[427.172184177414,338.417334591708,484.212762412921].
[427.283784438368,338.597900526661,483.921866427214].
[427.467782162418,338.895603424382,483.442260028019].
[427.579382423372,339.076169359335,483.151364042313].
[427.604283807471,339.116459065319,483.086456374435].
[427.628319984396,339.11004025736,482.978732973336].
[427.736042655815,339.081273155888,482.49595018401].
[427.913647315519,339.033844223794,481.699975930121].
[428.021369986937,339.005077122321,481.217193140795].
[428.045406163862,338.998658314363,481.109469739696].
[428.032914154392,338.998658314363,481.14204717384].
[427.97692885208,338.998658314363,481.288049104383].
[427.873080525857,339.005077122321,481.603911559787].
[427.765357854439,339.033844223794,482.086694349113].
[427.667565344032,339.081273155888,482.674529548697].
[427.615827974925,339.11004025736,483.01131040748].
[427.604283807471,339.116459065319,483.086456374435].
[427.604283807471,339.116459065319,483.086456374435].
[427.604283807471,339.116459065319,483.086456374435].
[427.604283807471,339.116459065319,483.086456374435].
[427.604283807471,339.116459065319,483.086456374435].
[427.629220292995,339.156805564374,483.021457211578].
[427.740977867623,339.337626028217,482.730151173819].
[427.925234958073,339.635748573133,482.249868713082].
[428.061964193921,339.816569036976,481.893471823889].
[428.222175136364,339.864507066732,481.385455393709].
[428.523936757777,339.898529946899,480.193654710784].
[428.864725803141,339.954624193122,478.637152105271].
[429.099726370174,340.008944145447,477.619133422476].
[429.235667717908,340.107500842596,477.174090743902].
[429.341064631064,340.257477047412,476.89909555701].
[429.409949208501,340.368753672432,476.719366125864].
[429.491447294458,340.500406246757,476.506726298873].
[429.640745087798,340.74158293948,476.117187617401].
[429.790068800966,340.982801503274,475.727581307497].
[429.859033246476,341.094207147734,475.547643489454].
[429.871615747937,341.114533008019,475.514813995334].
[429.871615747937,341.114533008019,475.514813995334].
[429.871615747937,341.114533008019,475.514813995334].
[429.871615747937,341.114533008019,475.514813995334].
[429.871615747937,341.114533008019,475.514813995334].
[429.871615747937,341.114533008019,475.514813995334].
[429.871615747937,341.114533008019,475.514813995334].
[429.859033246476,341.094207147733,475.547643489454].
[429.790068800967,340.982801503274,475.727581307497].
[429.640745087798,340.74158293948,476.117187617401].
[429.491447294458,340.500406246757,476.506726298873].
[429.422513888986,340.409362203161,476.686583129146].
[429.386467513718,340.512744183386,476.871049719701].
[429.281269771667,340.809215671847,477.550744286281].
[429.107828016718,341.141599941533,478.67137117578].
[429.002630274667,341.308300381732,479.351065742359].
[428.979157485636,341.340964178646,479.502726099852].
[428.979157485636,341.340964178646,479.502726099852].
[428.979157485636,341.340964178646,479.502726099852].
[428.979157485636,341.340964178646,479.502726099852].
[428.979157485636,341.340964178646,479.502726099852].
[428.991674183486,341.355105204548,479.470100215937].
[429.060295669855,341.418480885774,479.29123222094].
[429.220688296169,341.529080341988,478.827971997777].
[429.446495351286,341.621825063977,477.991501368148].
[429.724107915142,341.683855069719,476.730566296936].
[430.050762692732,341.704480218928,475.295467867477].
[430.399756020472,341.707719046921,473.88668185481].
[430.785345369783,341.757074310656,472.293578559656].
[431.159845710343,341.83905740533,470.77397871526].
[431.457722208424,341.923567558226,469.699784456793].
[431.71287460691,342.021264375092,468.781836617691].
[431.998475692626,342.111898228396,467.650282537784].
[432.308592601166,342.155086048882,466.427485527407].
[432.525296356431,342.163353907276,465.474509045566].
[432.605605810044,342.163353907276,465.057943754253].
[432.617841284656,342.163353907276,464.979847702882].
[432.617841284656,342.163353907276,464.979847702882].
[432.617841284656,342.163353907276,464.979847702882].
[432.605070432555,342.142789898266,465.0132343974].
[432.547835444275,342.050628403845,465.162863181316].
[432.45347090167,341.898679787653,465.409559340068].
[432.396235913391,341.806518293231,465.559188123984].
[432.371258955058,341.812635198893,465.670577608916].
[432.31655498217,341.932210762564,466.020161862168].
[432.226363378477,342.129357537844,466.596528856407].
[432.171659405589,342.248933101515,466.946113109659].
[432.159453299358,342.275614016187,467.024115900073].
[432.159453299358,342.275614016187,467.024115900073].
[432.160007124988,342.322693351485,467.068613316682].
[432.162489199262,342.533688293931,467.268036902357].
[432.166581447913,342.881560143552,467.596830809938].
[432.194515259404,343.107119709575,467.729781953372].
[432.321382104966,343.234115912117,467.39839378785].
[432.602230501172,343.419200866399,466.412533492015].
[433.002285094796,343.675191385451,464.820563504396].
[433.477589904095,343.974860472731,463.031114173637].
[433.874847676001,344.275016222855,461.739812070957].
[434.155278930788,344.511867540019,460.914118232539].
[434.45256042325,344.778995068074,459.928849061555].
[434.775687349727,345.088396877708,458.740925590563].
[435.060845981338,345.315871473589,457.78711858988].
[435.246710868515,345.44694926574,457.254565549627].
[435.367820981611,345.574997587135,456.937791561051].
[435.425643917406,345.734141481059,456.786550665184].
[435.41306316802,345.827174263077,456.865897414102].
[435.298857225203,345.847932682628,457.372745767364].
[435.097700607201,345.853618371442,458.242024634184].
[434.925847366371,345.879099860858,458.899579668046].
[434.780366163671,345.953039038087,459.418717702502].
[434.610882411366,346.121608775182,460.275611167425].
[434.413632419498,346.363207101533,461.473543545604].
[434.301795965206,346.506295349212,462.179730329927].
[434.27684187925,346.538222652832,462.337301900208].
[434.27684187925,346.538222652832,462.337301900208].
[434.277212040311,346.558872422823,462.337301900208].
[434.278870987092,346.651418271294,462.337301900208].
[434.281606127936,346.830134763351,462.382279827195].
[434.283265074717,347.039805894886,462.583856910981].
[434.283635235778,347.2535626104,462.916201336705].
[434.283635235778,347.370687893464,463.117778420491].
[434.283635235778,347.396822076631,463.162756347479].
[434.283635235778,347.396822076631,463.162756347479].
[434.270861264751,347.376203367812,463.19610177873].
[434.213612298412,347.283796725854,463.345545633515].
[434.119224709884,347.131443929704,463.591936895673].
[434.061975743545,347.039037287745,463.741380750457].
[434.03684640323,347.04448163997,463.852743663238].
[433.981473479729,347.161288175789,464.202393757502].
[433.890178962933,347.353869595951,464.778869305218].
[433.822498827612,347.496637606937,465.206232792624].
[433.754986361619,347.639051927489,465.632537538812].
[433.664047683052,347.830882723912,466.20676616037].
[433.63394240878,347.94723398342,466.444087572474].
[433.759426200025,348.009041286568,465.957910360755].
[434.058892649327,348.169691142046,464.83960381919].
[434.385263150835,348.449928789502,463.783683107706].
[434.651695232505,348.694919150996,462.997060073014].
[434.960316618176,348.913597662922,461.940173620586].
[435.338687712996,349.096670161424,460.407425150147].
[435.702976901056,349.181297855028,458.910702785546].
[435.886947866854,349.196751153755,458.17818969957].
[435.938075540821,349.217504849784,457.998648798826].
[435.995745472732,349.310516462443,457.8480319201].
[436.077959215009,349.443112990629,457.63331383669].
[436.077959215009,349.463866686657,457.63331383669].
[435.995745472732,349.424281771131,457.8480319201].
[435.925464458022,349.489813424774,458.077628674268].
[435.843515895542,349.611190095911,458.543869749904].
[435.694034221601,349.786145417848,459.48003392995].
[435.544696094291,350.000390314545,460.415299115415].
[435.475787335825,350.121413303223,460.846856440576].
[435.437636085703,350.105920935848,460.992293769765].
[435.322951720674,349.920659015722,461.291521208693].
[435.133869168633,349.61521374736,461.784863852031].
[435.006731061569,349.455758336444,462.162268312995].
[434.912922511927,349.555783505094,462.657272447855].
[434.765304822265,349.861675280993,463.583926568733].
[434.605471275162,350.192880624225,464.587264416769].
[434.469732199144,350.474157665729,465.439351822036].
[434.310855649325,350.803379929567,466.436682222871].
[434.164523771158,351.106607260828,467.355264800812].
[434.097001740028,351.246525681593,467.779127066502].
[434.084692748827,351.272032239694,467.856395430792].
[434.084692748827,351.272032239694,467.856395430792].
[434.084692748827,351.272032239694,467.856395430792].
[434.084692748827,351.272032239694,467.856395430792].
[434.084692748827,351.272032239694,467.856395430792].
[434.084692748827,351.272032239694,467.856395430792].
[434.084692748827,351.272032239694,467.856395430792].
[434.084692748827,351.272032239694,467.856395430792].
[434.084692748827,351.272032239694,467.856395430792].
[434.084692748827,351.272032239694,467.856395430792].
[434.084692748827,351.272032239694,467.856395430792].
[434.084692748827,351.272032239694,467.856395430792].
[434.084692748827,351.272032239694,467.856395430792].
[434.072028435343,351.272032239694,467.889373998403].
[434.003038480298,351.276947985708,468.114051592016].
[433.842454011299,351.324318988533,468.778855689891].
[433.628562093933,351.499450812507,469.914206863476].
[433.404548207348,351.846995256349,471.275466078758].
[433.182275743446,352.335028607861,472.718471399487].
[432.974580886637,352.974540808228,474.230285660536].
[432.774123452489,353.641240549801,475.738631355397].
[432.491643390068,354.022030299054,477.308380108797].
[432.071302887732,354.158979661087,479.225683698995].
[431.636024506662,354.19937997994,481.140864198197].
[431.217030908975,354.177016312433,482.927163719153].
[430.930403077167,354.011666050254,483.944403304035].
[430.708960781201,353.653477483588,484.507709640617].
[430.453895998053,353.260557877568,485.266747208659].
[430.181783990228,353.00360655739,486.089324795513].
[429.926295001044,352.918471962082,486.871679703105].
[429.605204473484,352.96873805896,488.134566946777].
[429.250879814431,353.195646995205,489.970406918255].
[428.925390386563,353.661558638423,491.945391102942].
[428.632362752799,354.250588472,493.806746013025].
[428.435416410239,354.673499089001,495.057778337313].
[428.361984947317,354.831181353562,495.524225860744].
[428.350675635635,354.85546628274,495.596064282799].
[428.350675635635,354.85546628274,495.596064282799].
[428.350675635635,354.85546628274,495.596064282799].
[428.350675635635,354.85546628274,495.596064282799].
[428.350675635635,354.85546628274,495.596064282799].
[428.374968382677,354.89531426526,495.533283266375].
[428.483840921584,355.073900532994,495.251918271243].
[428.663341392276,355.368339511262,494.788025818939].
[428.796540022271,355.562660234293,494.443793634623].
[428.941271117944,355.688840683737,494.027087721841].
[429.196595838486,355.884336438896,493.175976674927].
[429.510899969883,356.120854870508,492.005422856492].
[429.830627198065,356.325790876339,490.795569511005].
[430.103667864155,356.500027647193,489.730276134776].
[430.349625414433,356.694947611397,488.902109975827].
[430.616530733114,356.994894696045,488.168857094643].
[430.913041621832,357.343874554655,487.315523123219].
[431.262968250038,357.563391226525,486.023407418226].
[431.71029406599,357.623625620386,484.228212881356].
[432.096096609797,357.615699273626,482.755919296506].
[432.397392214771,357.658780930328,481.499722376957].
[432.665672074683,357.826699419966,480.162244952035].
[432.895989067314,357.999600360763,479.17576767158].
[433.128331604112,358.074658800999,478.486688791078].
[433.351296284718,358.086899118772,477.908848035805].
[433.560085439584,358.086899118772,477.367744922016].
[433.646753074711,358.086899118772,477.143134945209].
[433.560085439584,358.086899118772,477.367744922016].
[433.376154018662,358.086899118772,477.844426120559].
[433.264593972588,358.086899118772,478.133547882384].
[433.239701561642,358.086899118772,478.198059667403].
[433.215815622177,358.094873960257,478.346957663233].
[433.096388609106,358.130614720177,479.046320237253].
[432.85257383173,358.209770462543,480.322191108244].
[432.60044718903,358.336172167815,481.36984024191].
[432.431209330571,358.497538263554,481.940921242265].
[432.350060827913,358.625951497022,482.336279776228].
[432.271127441764,358.769502594632,482.894719377476].
[432.130495725602,358.953586667151,483.64829488591].
[431.990515720377,359.076516421132,484.376986227241].
[431.925923403673,359.113993628704,484.738657263554].
[431.902417627706,359.141812452612,484.885525459089].
[431.849844506592,359.249209755723,485.214011506203].
[431.751479661175,359.450151204412,485.828612248204].
[431.646531628658,359.664540904327,486.484345893528].
[431.548449349241,359.864905122184,487.097181113784].
[431.496074437838,359.971897518989,487.424428711995].
[431.484388015468,359.995770749622,487.497447520992].
[431.496074437838,359.971897518989,487.424428711995].
[431.548449349241,359.864905122184,487.097181113784].
[431.634800979724,359.68850448177,486.557641037827].
[431.687175891128,359.581512084965,486.230393439616].
[431.698862313497,359.557638854332,486.157374630619].
[431.698862313497,359.557638854332,486.157374630619].
[431.698862313497,359.557638854332,486.157374630619].
[431.698862313497,359.557638854332,486.157374630619].
[431.698862313497,359.557638854332,486.157374630619].
[431.698862313497,359.557638854332,486.157374630619].
[431.687175891128,359.581512084965,486.230393439616].
[431.634800979724,359.68850448177,486.557641037827].
[431.548449349241,359.864905122184,487.097181113784].
[431.508334015926,359.992007202447,487.3927456433].
[431.551591210682,360.106005781647,487.323770789615].
[431.642177920926,360.254597360856,487.089662817645].
[431.697121538052,360.344722709422,486.947669154962].
[431.70938111614,360.364832392881,486.915986086267].
[431.697711593214,360.36850610322,486.988814762598].
[431.645412419859,360.384970530693,487.315210245314].
[431.5469531597,360.432195792502,487.884943846196].
[431.439831722062,360.518572571411,488.352953648758].
[431.326176849614,360.58062624083,488.73173567255].
[431.194986769995,360.529544870846,489.261105183023].
[430.976258699328,360.492342526389,490.141827029388].
[430.692540719848,360.502528079632,491.104234405749].
[430.485986532216,360.409173648307,491.832119850794].
[430.394839448055,360.131946183748,492.268252267561].
[430.323770459202,359.788428206947,492.440551645781].
[430.230787873171,359.527341198582,492.471979519377].
[430.175557465516,359.417718392888,492.471979519377].
[430.139066144687,359.357772972801,492.534770714002].
[430.030074991706,359.178729838627,492.816181324665].
[429.850378959467,358.883537614942,493.280148984266].
[429.741387806485,358.704494480768,493.561559594929].
[403.261823828302,371.155190444168,617.586705797066].
[284.697642512942,427.134381595612,1173.1474373676].
[89.2183548351627,519.428464763587,2089.11223267367].
[NaN,NaN,NaN].
[NaN,NaN,NaN].
[NaN,NaN,NaN].
[NaN,NaN,NaN].
[NaN,NaN,NaN].
[NaN,NaN,NaN].
[NaN,NaN,NaN].
[NaN,NaN,NaN].
[NaN,NaN,NaN].
[NaN,NaN,NaN].
[NaN,NaN,NaN].
[NaN,NaN,NaN].
[NaN,NaN,NaN].
[NaN,NaN,NaN].
[NaN,NaN,NaN].
[NaN,NaN,NaN].
[NaN,NaN,NaN].
[NaN,NaN,NaN].
[NaN,NaN,NaN].
[NaN,NaN,NaN].
[NaN,NaN,NaN].
[NaN,NaN,NaN].
[NaN,NaN,NaN].
[83.6238763535039,530.612997617006,2123.82482459269].
[271.765248703409,452.762184849302,1253.15738879623].
[386.637111177473,403.724979665976,720.043783586301].
[413.510182664651,390.198721594102,593.297258873587].
[414.410761840851,388.612428524908,588.04437618098].
[414.666593273382,389.044963596731,587.462571498716].
[414.738387471346,390.987621381051,588.900686087554].
[414.833200586141,393.755937026562,591.072521183708].
[414.923546913714,396.857066317626,593.694881397539].
[414.959940610153,400.05248924244,596.515559206861].
[414.953915403642,403.187792097265,599.787525376488].
[414.937013378302,406.105274824578,603.019419127296].
[414.90562646657,408.866580254116,606.00195512922].
[414.816608253675,411.653585773922,609.156863232774].
[414.610250320941,414.580175997097,612.938122319272].
[414.293408243677,417.514279807714,617.192664734738].
[413.91783186893,420.261047541952,621.508481776651].
[413.477611062982,422.933131267618,626.022552159861].
[413.00929310681,425.587964745892,630.642607388588].
[412.544076280921,428.270223497868,635.283811141397].
[412.177523873807,430.996470897543,639.538479092767].
[411.903977682791,433.811347433735,643.464639073064].
[411.558082381124,436.656515996977,647.750512547169].
[411.132024050168,439.460633155624,652.347840461093].
[410.775990028277,442.268511334255,656.646740413023].
[410.517925234331,444.905694257799,660.235906580034].
[410.233094848314,446.80176560723,662.747490885802].
[409.936567706647,447.577405539843,663.801173736329].
[409.757024917608,447.72505464312,664.010059519802].
