[565.414526115825,448.022608288247,58.8817167376718].
[565.536720227573,448.190618186857,58.8566486221593].
[565.795482510894,448.546401492311,58.751788718941].
[566.062654311761,448.913747402298,58.5766519304612].
[566.186030264475,449.083382264485,58.4704260986045].
[566.208537356157,449.11432822528,58.4467239117304].
[566.208537356157,449.11432822528,58.4467239117304].
[566.208537356157,449.11432822528,58.4467239117304].
[566.254725952862,449.094988879533,58.4822603463071].
[566.46172888189,449.00831594507,58.6415235967479].
[566.75683041737,448.884755780175,58.8685678708139].
[566.75683041737,448.884755780175,58.8685678708139].
[566.46172888189,449.00831594507,58.6415235967479].
[566.254725952862,449.094988879533,58.4822603463071].
[566.208537356157,449.11432822528,58.4467239117304].
[566.208537356157,449.11432822528,58.4467239117304].
[566.208537356157,449.11432822528,58.4467239117304].
[566.208537356157,449.11432822528,58.4467239117304].
[566.208537356157,449.11432822528,58.4467239117304].
[566.208537356157,449.11432822528,58.4467239117304].
[566.208537356157,449.11432822528,58.4467239117304].
[566.208537356157,449.11432822528,58.4467239117304].
[566.208537356157,449.11432822528,58.4467239117304].
[566.208537356157,449.11432822528,58.4467239117304].
[566.208537356157,449.11432822528,58.4467239117304].
[566.254725952862,449.094988879533,58.4822603463071].
[566.46172888189,449.00831594507,58.6415235967479].
[566.803019014076,448.865416434428,58.9041043053906].
[567.010021943103,448.778743499966,59.0633675558314].
[567.056210539809,448.759404154218,59.098903990408].
[567.056210539809,448.759404154218,59.098903990408].
[567.056210539809,448.759404154218,59.098903990408].
[567.056210539809,448.759404154218,59.098903990408].
[567.056210539809,448.759404154218,59.098903990408].
[567.056210539809,448.759404154218,59.098903990408].
[567.056210539809,448.759404154218,59.098903990408].
[567.056210539809,448.759404154218,59.098903990408].
[567.056210539809,448.759404154218,59.098903990408].
[567.056210539809,448.759404154218,59.098903990408].
[567.056210539809,448.759404154218,59.098903990408].
[567.056210539809,448.759404154218,59.098903990408].
[567.056210539809,448.759404154218,59.098903990408].
[567.056210539809,448.759404154218,59.098903990408].
[567.033707562304,448.728465553653,59.1226001137964].
[566.932856213972,448.589808365648,59.2287987709957].
[566.766580450798,448.361201310449,59.40389075604].
[566.665729102466,448.222544122444,59.5100894132393].
[566.643226124961,448.191605521878,59.5337855366277].
[566.643226124961,448.191605521878,59.5337855366277].
[566.643226124961,448.191605521878,59.5337855366277].
[566.643226124961,448.191605521878,59.5337855366277].
[566.643226124961,448.191605521878,59.5337855366277].
[566.643226124961,448.191605521878,59.5337855366277].
[566.643226124961,448.191605521878,59.5337855366277].
[566.643226124961,448.191605521878,59.5337855366277].
[566.643226124961,448.160668193599,59.5574806855617].
[566.666900114852,448.002700775326,59.6991833022271].
[566.772999576596,447.687535118628,60.0334053665059].
[566.947928015983,447.406157125541,60.4019726742308].
[567.054027477727,447.288651794769,60.5848051026977].
[567.077701467617,447.269335862508,60.6203134293655].
[567.077701467617,447.269335862508,60.6203134293655].
[567.077701467617,447.269335862508,60.6203134293655].
[567.077701467617,447.269335862508,60.6203134293655].
[567.077790295017,447.269350440375,60.622078786658].
[567.078188391805,447.269415773843,60.6299905691412].
[567.078844742447,447.26952349052,60.6430348932104].
[567.079242839235,447.269588823988,60.6509466756937].
[567.05683408102,447.23867529161,60.6763769811127].
[566.956006897461,447.100065117961,60.7824359204814].
[566.789770975263,446.87153557633,60.9572975497664].
[566.688943791705,446.73292540268,61.063356489135].
[566.666534802636,446.702012518996,61.0887703387879].
[566.666931864808,446.702080759706,61.0966083716436].
[566.667586509657,446.702193269616,61.1095311031332].
[566.714154583247,446.682965096116,61.1531325497805].
[566.921167297031,446.596499794017,61.3151619520144].
[567.285988566577,446.403718560467,61.6387953767997].
[567.598954269672,446.092261962167,62.0651786488708].
[567.819958299269,445.702042716542,62.5396713620017].
[567.925999885125,445.477066646901,62.8057741333652].
[567.94966096116,445.426867700452,62.8651496873555].
[567.94966096116,445.426867700452,62.8651496873555].
[567.94966096116,445.426867700452,62.8651496873555].
[567.94966096116,445.426867700452,62.8651496873555].
[567.94966096116,445.426867700452,62.8651496873555].
[567.94966096116,445.426867700452,62.8651496873555].
[567.94966096116,445.426867700452,62.8651496873555].
[567.94966096116,445.426867700452,62.8651496873555].
[567.995793949903,445.407617906485,62.9008742578204].
[568.202653164464,445.321346315254,63.0631303158439].
[568.544005238508,445.179108507735,63.3367351938231].
[568.751538518459,445.092836916505,63.512725428973].
[568.775765721492,445.042707480322,63.5838164929521].
[568.675577217289,444.90431452531,63.7012910671619].
[568.51022035408,444.676143116667,63.8914297375393].
[568.40992634675,444.537750161655,64.0067546707202].
[568.387547728833,444.506870519439,64.03248714153].
[568.387547728833,444.506870519439,64.03248714153].
[568.387547728833,444.506870519439,64.03248714153].
[568.387547728833,444.506870519439,64.03248714153].
[568.387547728833,444.506870519439,64.03248714153].
[568.387547728833,444.506870519439,64.03248714153].
[568.387547728833,444.506870519439,64.03248714153].
[568.387547728833,444.475970476375,64.0560607765543].
[568.387547728833,444.337486091098,64.1617104789911].
[568.411195343776,444.08992066203,64.3718711610449].
[568.517176601207,443.865193890742,64.6387441171165].
[568.691910154629,443.692104191424,64.9281299597402].
[568.79789141206,443.605861805412,65.0893532133751].
[568.821539027003,443.58661852801,65.1253269837783].
[568.844018343162,443.617511008034,65.1017595280459].
[568.967243829394,443.786855166244,64.9725691571543].
[569.234093937681,444.15357724897,64.6928018337196].
[569.500946559499,444.520302785947,64.4130318750836].
[569.624175055785,444.68965108076,64.2838383484324].
[569.646543966407,444.720544748888,64.2579728435085].
[569.646045288528,444.720544748888,64.2476777637112].
[569.599211793788,444.739781563418,64.1970150600339].
[569.392398803338,444.825994984848,64.0335784881084].
[569.051832698363,444.968136886578,63.7726803665794].
[568.844841721549,445.054350308007,63.605751745338].
[568.798355752428,445.073587122538,63.5623915921203].
[568.844367066342,445.054326674481,63.5960805787523].
[569.051050124227,444.968007334934,63.756735308517].
[569.391812878056,444.825690803752,64.0216101787188].
[569.598607206016,444.739395097732,64.1845620512875].
[569.645223107701,444.720240567792,64.2307040466658].
[569.646045288528,444.720415197244,64.2476777637112].
[569.646543966407,444.720521115361,64.2579728435085].
[569.646655236482,444.720544748888,64.2602699863125].
[569.646655236482,444.720544748888,64.2602699863125].
[569.646655236482,444.720544748888,64.2602699863125].
[569.646655236482,444.720544748888,64.2602699863125].
[569.646655236482,444.720544748888,64.2602699863125].
[569.646655236482,444.720544748888,64.2602699863125].
[569.646655236482,444.720544748888,64.2602699863125].
[569.669136281767,444.751439605186,64.2367007177526].
[569.769889336711,444.88990074499,64.1310705844523].
[569.958484951409,445.149080615888,63.9333457618011].
[570.159994936338,445.426008220817,63.7220814325844].
[570.348596075258,445.685195683446,63.5243508183041].
[570.449353005242,445.823662148571,63.4187166223878].
[570.471834915165,445.854558193109,63.3951464473358].
[570.471834915165,445.854558193109,63.3951464473358].
[570.517927338518,445.835293631673,63.4311281808574].
[570.724499248485,445.748955857237,63.5923871227129].
[571.065078750376,445.606608932061,63.8582581702405].
[571.271650660343,445.501015561459,64.0430811097087].
[571.318990372595,445.383820517815,64.1970703446488].
[571.347052917046,445.170211206033,64.4529298144984].
[571.456984336199,444.911910345831,64.7700561644463].
[571.60627525374,444.667724057106,65.0751928744358].
[571.608070923658,444.431606836876,65.320540134037].
[571.487869267428,444.184333864521,65.5246106623623].
[571.512013725402,444.038461345695,65.6763499586435].
[571.80750811347,443.973629471772,65.8838971425212].
[572.311397429865,443.917603910495,66.2110040587755].
[572.880528988195,443.883622689853,66.4671520638537].
[573.27647506818,443.876040454649,66.5602867022878].
[573.423197276165,443.876040454649,66.5729872677668].
[573.423462460094,443.845243922738,66.59936918151].
[573.323974783728,443.707223442267,66.7205008319695].
[573.159947335532,443.479666140322,66.9284177639578].
[573.060459659167,443.341645659851,67.0680528618947].
[573.038260958007,443.310849127939,67.1074142669805].
[573.038260958007,443.310849127939,67.1103103829624].
[573.038260958007,443.310849127939,67.1103103829624].
[573.038260958007,443.310849127939,67.1103103829624].
[573.015797661482,443.279989736602,67.1337584994086].
[572.915124150961,443.14168753973,67.2388456666054].
[572.726679099692,442.882807478377,67.4355523922141].
[572.525335679455,442.606208031308,67.6457229679384].
[572.336895761463,442.347335021893,67.8424243352216].
[572.236225851747,442.209037771697,67.9475077437491].
[572.21376335867,442.178179484112,67.9709550215228].
[572.21376335867,442.178179484112,67.9709550215228].
[572.21376335867,442.178179484112,67.9709550215228].
[572.21376335867,442.178179484112,67.9709550215228].
[572.21376335867,442.178179484112,67.9709550215228].
[572.191301668998,442.147322300222,67.994401460669].
[572.090635359895,442.009029996437,68.0994811107288].
[571.902203788523,441.76935044667,68.2727281649002].
[571.654801042738,441.578738515029,68.3648006735293].
[571.259886480896,441.461620847817,68.3299531490888].
[570.818782411351,441.409301219961,68.2338426513699].
[570.589833401845,441.397627133019,68.1755486877831].
[570.543759673847,441.397627133019,68.1625415463523].
[570.543759673847,441.397627133019,68.1625415463523].
[570.543759673847,441.397627133019,68.1625415463523].
[570.543759673847,441.397627133019,68.1625415463523].
[570.543759673847,441.397627133019,68.1625415463523].
[570.543759673847,441.397627133019,68.1625415463523].
[570.543759673847,441.397627133019,68.1625415463523].
[570.543759673847,441.397627133019,68.1625415463523].
[570.543759673847,441.397627133019,68.1625415463523].
[570.543759673847,441.397627133019,68.1625415463523].
[570.543759673847,441.397627133019,68.1625415463523].
[570.543759673847,441.397627133019,68.1625415463523].
[570.543759673847,441.397627133019,68.1625415463523].
[570.543759673847,441.397627133019,68.1625415463523].
[570.543759673847,441.397627133019,68.1625415463523].
[570.543759673847,441.397627133019,68.1625415463523].
[570.543759673847,441.397627133019,68.1625415463523].
[570.543759673847,441.397627133019,68.1625415463523].
[570.543759673847,441.397627133019,68.1625415463523].
[570.543759673847,441.397627133019,68.1625415463523].
[570.543759673847,441.397627133019,68.1625415463523].
[570.543759673847,441.397627133019,68.1625415463523].
[570.543759673847,441.397627133019,68.1625415463523].
[570.543759673847,441.397627133019,68.1625415463523].
[570.543759673847,441.416818365997,68.1390896483084].
[570.566225144332,441.514500125266,68.0339855331661].
[570.689374672067,441.720285694323,67.8737107432214].
[571.002124708608,441.944834217027,67.8269250567483].
[571.475259554469,442.102549708005,67.899623992525].
[571.938785493274,442.166512066442,67.9579424211942].
[572.16769879938,442.178179484112,67.9709550215228].
[572.21376335867,442.178179484112,67.9709550215228].
[572.21376335867,442.178179484112,67.9709550215228].
[572.21376335867,442.178179484112,67.9709550215228].
[572.21376335867,442.178179484112,67.9709550215228].
[572.21376335867,442.178179484112,67.9709550215228].
[572.21376335867,442.178179484112,67.9709550215228].
[572.21376335867,442.178179484112,67.9709550215228].
[572.21376335867,442.178179484112,67.9709550215228].
[572.21376335867,442.178179484112,67.9709550215228].
[572.236225851747,442.209037771697,67.9475077437491].
[572.336895761463,442.347335021893,67.8424243352216].
[572.50287238293,442.575348639971,67.6691710843846].
[572.603542292646,442.713645890167,67.5640876758571].
[572.626004785723,442.775363569088,67.5171922816372].
[572.626004785723,442.913665765961,67.4121051144404].
[572.602412693095,443.160900627933,67.2023677321264].
[572.450602694521,443.404503868661,66.897302298084].
[572.069774034801,443.663351191399,66.438140216481].
[571.623571825314,443.891311886826,65.99327072707].
[571.415824102163,444.027522131824,65.7504237497959].
[571.46991108262,444.185179630441,65.5969540042436].
[571.6350545156,444.413248814435,65.420803137483].
[571.735219070952,444.551530990097,65.3155482821635].
[571.735219070952,444.551530990097,65.3155482821635].
[571.6350545156,444.413277201493,65.420803137483].
[571.46991108262,444.185335239467,65.5969540042435].
[571.369746527267,444.047081450863,65.7139282432132].
[571.34739679399,444.016232860871,65.7567357730406].
[571.34739679399,444.016232860871,65.7684551566907].
[571.34739679399,444.016232860871,65.7710701046414].
[571.34739679399,444.016232860871,65.7710701046414].
[571.324924325159,443.985357916547,65.7945308219602].
[571.201738042545,443.81611217654,65.9231343401417].
[570.934976695732,443.449608531911,66.2016267744207].
[570.668217686917,443.083108099459,66.4801167678855].
[570.54503420415,442.913866206165,66.6087173630935].
[570.522562539482,442.882992366682,66.6321772408849].
[570.522562539482,442.882992366682,66.6321772408849].
[570.522562539482,442.882992366682,66.6321772408849].
[570.568649288138,442.863785579528,66.6686601436739].
[570.77519576588,442.777706731464,66.8321651703576].
[571.11573333712,442.635786703703,67.1017393857175].
[571.322279814861,442.549707855638,67.2652444124012].
[571.322279814861,442.549707855638,67.2652444124012].
[571.11573333712,442.635786703703,67.1017393857175].
[570.77519576588,442.777706731464,66.8321651703576].
[570.568649288138,442.863785579528,66.6686601436739].
[570.522562539482,442.882992366682,66.6321772408849].
[570.522562539482,442.882992366682,66.6321772408849].
[570.522562539482,442.882992366682,66.6321772408849].
[570.522562539482,442.882992366682,66.6321772408849].
[570.500091678934,442.852119631981,66.655636279194].
[570.399384268816,442.713757634299,66.7607723947845].
[570.233345819638,442.485637265664,66.9341125448775].
[570.17872974452,442.328076258189,67.0757252620016].
[570.36282591628,442.211159531133,67.2626610867269].
[570.70339737627,442.069296970722,67.5321887417569].
[570.909964408578,441.983252978367,67.695665528173].
[570.956055743578,441.964053968573,67.7321421297066].
[570.956055743578,441.964053968573,67.7321421297066].
[570.956055743578,441.964053968573,67.7321421297066].
[570.956055743578,441.964053968573,67.7321421297066].
[570.956055743578,441.964053968573,67.7321421297066].
[570.956055743578,441.964053968573,67.7321421297066].
[570.956055743578,441.964053968573,67.7321421297066].
[570.956055743578,441.964053968573,67.7321421297066].
[570.956055743578,441.964053968573,67.7321421297066].
[570.956055743578,441.983252978367,67.7086893926529].
[570.932435269125,442.080962918269,67.59055765285].
[570.826575646936,442.294315415452,67.3354361136847].
[570.652042636124,442.552638596744,67.0289580575042].
[570.546183013934,442.766040783917,66.7737962592645].
[570.522562539482,442.863785579528,66.655636279194].
[570.522562539482,442.882992366682,66.6321772408849].
[570.52243973675,442.882962185924,66.6296101949794].
[570.52188937309,442.88282692515,66.6181054934016].
[570.520981976817,442.882603917834,66.5991374471972].
[570.520431613157,442.88246865706,66.5876327456193].
[570.520308810425,442.882438476302,66.5850656997138].
[570.520308810425,442.882438476302,66.5850656997138].
[570.520308810425,442.882438476302,66.5850656997138].
[570.520308810425,442.882438476302,66.5850656997138].
[570.520308810425,442.882438476302,66.5850656997138].
[570.520308810425,442.882438476302,66.5876327456194].
[570.497960752609,442.851595922359,66.6225964855063].
[570.397803706152,442.713369185451,66.7467006473012].
[570.232672653246,442.485471824132,66.9315454989719].
[570.156141471304,442.297182224267,67.0991771600456].
[570.239677192265,442.041973484581,67.3912170999131].
[570.414250030556,441.672056181719,67.8340321452163].
[570.520133809332,441.447689995976,68.1026130467748].
[570.566225144332,441.428490986182,68.1390896483084].
[570.666908397863,441.566813179571,68.0339855331661].
[570.832907019562,441.794867922021,67.8606981428928].
[570.933590273093,441.93319011541,67.7555940277505].
[570.956055743578,441.964053968573,67.7321421297066].
[570.956055743578,441.964053968573,67.7321421297066].
[570.956055743578,441.964053968573,67.7321421297066].
[570.956055743578,441.964053968573,67.7321421297066].
[570.956055743578,441.964053968573,67.7321421297066].
[570.956055743578,441.964053968573,67.7321421297066].
[570.956055743578,441.964053968573,67.7321421297066].
[570.956055743578,441.964053968573,67.7321421297066].
[570.956055743578,441.964053968573,67.7321421297066].
[570.956055743578,441.964053968573,67.7321421297066].
[570.956055743578,441.964053968573,67.7321421297066].
[570.956055743578,441.964053968573,67.7321421297066].
[570.978522017782,441.994918925914,67.7086893926529].
[571.079208873333,442.133246067887,67.6035815173299].
[571.245213433761,442.361308969171,67.4330061000791].
[571.345900289313,442.499636111143,67.3400802287956].
[571.368494850061,442.530533799132,67.3367122209215].
[571.369069790465,442.530680487718,67.348894224961].
[571.370017706937,442.530922336311,67.3516123974732].
[571.370721432321,442.531101882714,67.354341130986].
[571.371426893102,442.531281871882,67.3665704661464].
[571.440915468656,442.543188427368,67.3867332311517].
[571.771117602569,442.626466401957,67.3889115447442].
[572.37834456369,442.850976484387,67.3465947247509].
[572.851490359285,443.131256463654,67.2723271625349].
[573.020701950198,443.281213225097,67.2272816090287].
[573.111667335926,443.323722197834,67.2172305874609].
[573.418949794979,443.376011046121,67.2172305874609].
[573.94882234406,443.493267957139,67.2134369937416].
[574.380866496233,443.7150776854,67.1730882964585].
[574.716616528501,444.09310465971,67.0372661280505].
[574.982491457887,444.459177425811,66.8336028714126].
[575.081559973202,444.678307175231,66.6446039518584].
[574.998738157111,444.933535375802,66.3475228729385].
[574.824867984679,445.303274064289,65.9047458097537].
[574.718256436557,445.527475733342,65.6121765211271].
[574.693224092023,445.577494592115,65.5189440695787].
[574.646438996644,445.577494592115,65.4889608807239].
[574.439940624922,445.585106337757,65.4025745661003].
[574.077233174556,445.619219815005,65.1988207998211].
[573.724086731023,445.675463430563,64.9658979592226].
[573.305512867557,445.690335529243,64.8576345466532].
[572.841890344632,445.600078467849,64.8791618100359].
[572.512205887141,445.405758699046,64.9532498114126].
[572.300061519703,445.233553665075,64.9981864557644].
[572.199334280453,445.162168143362,65.0082131764151].
[572.154384484517,445.119657966242,65.0316273137527].
[572.053660714606,444.981284713214,65.13656219715].
[571.887595292689,444.753145787649,65.3095705714456].
[571.786871522778,444.595546944129,65.4379187857433].
[571.81047966097,444.478508579246,65.5796357280271].
[572.017007765788,444.336449612572,65.8125652091357].
[572.3575150452,444.250286493797,66.0162995061147].
[572.564172994389,444.231060903306,66.1024520606082].
[572.610837565587,444.231060903306,66.1284268139987].
[572.611796992923,444.211877146436,66.1725886858932].
[572.612378915019,444.114250036337,66.2899857999527].
[572.612508759389,443.920281885272,66.4655738839881].
[572.635974678303,443.729006967452,66.6043403924331].
[572.741141630623,443.571530177372,66.7799777553335].
[572.914532621888,443.417931978373,67.0310032914244].
[573.019699574209,443.33170723285,67.1832579754344].
[573.043165493122,443.312254041959,67.2172305874609].
[573.043165493122,443.31210403428,67.2172305874609].
[573.043165493122,443.312070563043,67.2172305874609].
[573.043165493122,443.312070563043,67.2172305874609].
[573.043165493122,443.312070563043,67.2172305874609].
[573.043165493122,443.312070563043,67.2172305874609].
[573.043165493122,443.312070563043,67.2172305874609].
[573.043165493122,443.312070563043,67.2172305874609].
[573.043165493122,443.312070563043,67.2172305874609].
[573.043165493122,443.312070563043,67.2172305874609].
[573.043165493122,443.312070563043,67.2172305874609].
[573.043165493122,443.312070563043,67.2172305874609].
[573.043165493122,443.312070563043,67.2172305874609].
[573.043165493122,443.312070563043,67.2172305874609].
[573.043165493122,443.342928963285,67.1938299893659].
[573.042039529147,443.500442892889,67.0521889338515].
[573.014523509397,443.814578262687,66.7145030084311].
[572.905501044444,444.125732761598,66.3145487118187].
[572.710816078187,444.400283440989,65.9846729435839].
[572.50318312533,444.733778709748,65.6100578993425].
[572.306271468528,445.014233879544,65.233299057011].
[572.20046713362,445.131299728088,65.0450044115991].
[572.176858995428,445.150533212351,65.0082131764151].
[572.176858995428,445.150533212351,65.0082131764151].
[572.176858995428,445.150533212351,65.0082131764151].
[572.176858995428,445.150533212351,65.0082131764151].
[572.176858995428,445.150533212351,65.0082131764151].
[572.176858995428,445.150533212351,65.0082131764151].
[572.176858995428,445.150533212351,65.0082131764151].
[572.154384484517,445.119657966242,65.0316273137527].
[572.031186977769,444.95041053052,65.1599755280505].
[571.764401255101,444.583903117822,65.4379151715427].
[571.49761778295,444.217398796862,65.7158524704261].
[571.374422971288,444.04815506362,65.8441978769603].
[571.351949234451,444.017280880927,65.8676112078608].
[571.351949234451,444.017280880927,65.8676112078608].
[571.351949234451,444.017280880927,65.8676112078608].
[571.351949234451,444.017280880927,65.8676112078608].
[571.351949234451,444.017280880927,65.8676112078608].
[571.351949234451,444.017280880927,65.8676112078608].
[571.351949234451,444.017280880927,65.8676112078608].
[571.351949234451,444.017280880927,65.8676112078608].
[571.351949234451,444.017280880927,65.8676112078608].
[571.351949234451,444.017280880927,65.8676112078608].
[571.351949234451,444.017280880927,65.8676112078608].
[571.351949234451,444.017280880927,65.8676112078608].
[571.351949234451,444.017280880927,65.8676112078608].
[571.351949234451,444.017280880927,65.8676112078608].
[571.351949234451,444.017280880927,65.8676112078608].
[571.351949234451,444.017280880927,65.8676112078608].
[571.351949234451,444.017280880927,65.8676112078608].
[571.351949234451,444.017280880927,65.8676112078608].
[571.351949234451,444.017280880927,65.8676112078608].
[571.351949234451,444.017280880927,65.8676112078608].
[571.351949234451,444.017280880927,65.8676112078608].
[571.351949234451,444.017280880927,65.8676112078608].
[571.351949234451,444.017280880927,65.8676112078608].
[571.351949234451,444.017280880927,65.8676112078608].
[571.351949234451,444.017280880927,65.8676112078608].
[571.351949234451,444.017280880927,65.8676112078608].
[571.351949234451,444.017280880927,65.8676112078608].
[571.351949234451,444.017280880927,65.8676112078608].
[571.351949234451,444.017280880927,65.8676112078608].
[571.351949234451,444.017280880927,65.8676112078608].
[571.351949234451,444.017280880927,65.8676112078608].
[571.351949234451,444.017280880927,65.8676112078608].
[571.351949234451,444.017280880927,65.8676112078608].
[571.351949234451,444.017280880927,65.8676112078608].
[571.351949234451,444.017280880927,65.8676112078608].
[571.351949234451,444.017280880927,65.8676112078608].
[571.351949234451,444.017280880927,65.8676112078608].
[571.396772763804,444.079003592694,65.8207837396227].
[571.597657885397,444.355625595412,65.6082339504185].
[571.928861458334,444.811698175238,65.2501959357716].
[572.129746579927,445.088320177956,65.0205002417149].
[572.174445873761,445.15001627613,64.9589723023406].
[572.173889088797,445.149897002278,64.9443080071349].
[572.172971105583,445.149700352942,64.9245552404717].
[572.150188763621,445.11875916361,64.9360369783851].
[572.050207971934,444.980543069579,65.0438235218215].
[571.862643077234,444.721731700337,65.2643934176012].
[571.661592200906,444.445068372284,65.513701571198].
[571.474029481369,444.186275988059,65.7339579840535].
[571.374174450998,444.048099824917,65.8441978769603].
[571.351949234451,444.017280880927,65.8676112078608].
[571.351949234451,444.017280880927,65.8676112078608].
[571.351949234451,444.017280880927,65.8676112078608].
[571.351949234451,444.017280880927,65.8676112078608].
[571.351949234451,444.017280880927,65.8676112078608].
[571.351949234451,444.017280880927,65.8676112078608].
[571.351949234451,444.017280880927,65.8676112078608].
[571.351949234451,444.017280880927,65.8676112078608].
[571.351949234451,444.017280880927,65.8676112078608].
[571.351949234451,444.017280880927,65.8676112078608].
[571.351949234451,444.017280880927,65.8676112078608].
[571.351949234451,444.017280880927,65.8676112078608].
[571.396897482199,444.059796825466,65.8575749748067].
[571.644419490362,444.250340069421,65.812595698821].
[572.1830516034,444.564492768717,65.7384374097627].
[572.724968139179,444.755036012672,65.6934581337771].
[572.976423375808,444.797551957211,65.683421900723].
[573.022501313309,444.797551957211,65.683421900723].
[573.022501313309,444.797551957211,65.683421900723].
[573.04497188638,444.828420372485,65.6600133258574].
[573.145678008116,444.966763011837,65.5551033717302].
[573.334185679986,445.225720942249,65.3587267178833].
[573.5356013914,445.502410984957,65.1489031969232].
[573.746586127851,445.792246248202,64.9291112057209].
[573.970481669925,446.099817423575,64.7092627140013].
[574.259717303526,446.497147995513,64.4679777281575].
[574.594989324896,446.875221326631,64.289038867449].
[575.025198253674,447.096477385554,64.2207322613348].
[575.553862017684,447.213129625588,64.2107145161732].
[575.860882299648,447.2651582111,64.2107145161732].
[575.929387784332,447.276767357717,64.2107145161732].
[575.929387784332,447.276767357717,64.2107145161732].
[575.929387784332,447.276767357717,64.2107145161732].
[575.929387784332,447.276767357717,64.2107145161732].
[575.929387784332,447.276767357717,64.2107145161732].
[575.929387784332,447.276767357717,64.2107145161732].
[575.95185751502,447.307633195567,64.1873082779776].
[576.052559861462,447.445964283706,64.0824087960787].
[576.21858996205,447.67403369112,63.9094587889865].
[576.319292308491,447.812364779258,63.8045593070875].
[576.34176203918,447.843230617108,63.7811530688919].
[576.34176203918,447.843230617108,63.7811530688919].
[576.34176203918,447.843230617108,63.7811530688919].
[576.34176203918,447.843230617108,63.7811530688919].
[576.34176203918,447.843230617108,63.7811530688919].
[576.34176203918,447.843230617108,63.7811530688919].
[576.34176203918,447.843230617108,63.7811530688919].
[576.34176203918,447.843230617108,63.7811530688919].
[576.341896883227,447.84325507486,63.7842780232026].
[576.342501212319,447.843364686898,63.7982830967818].
[576.343632951071,447.843569959476,63.8245106683356].
[576.344843959797,447.843789609889,63.8525752883425].
[576.345979049462,447.84399549025,63.8788805159048].
[576.346585729096,447.844105528625,63.8929400623324].
[576.34672109762,447.844130081505,63.8960771711785].
[576.391527470703,447.905837930316,63.849360294685].
[576.592471030652,448.18241540289,63.6399897799041].
[576.924154330373,448.638477119695,63.2947961587274].
[577.170771953175,448.926780253096,63.0822394333156].
[577.440667498847,449.052061533287,63.0212429514623].
[577.900270931454,449.189473008809,63.0146239337723].
[578.42196065394,449.326779204428,63.0864034965488].
[578.943807839378,449.390154041579,63.2540315711072].
[579.407190715688,449.401710009047,63.4053277446044].
[579.634499931201,449.420992214702,63.4310703386163].
[579.675857143968,449.569133904544,63.2289552205551].
[579.668257218733,449.988242742424,62.7464209137853].
[579.663647631066,450.530747894572,62.2353460148819].
[579.708576349528,450.807363543152,62.0257972869915].
[579.91454248367,450.782600318255,62.144661482375].
[580.254123230073,450.640005606811,62.4177287841145].
[580.460231585356,450.553537904115,62.5869225718255].
[580.506826232789,450.534331063298,62.6398782773381].
[580.507877112783,450.534481517101,62.6662579246533].
[580.508514503719,450.534572771946,62.6822579895424].
[580.508656724861,450.534593133654,62.6858280865834].
[580.508656724861,450.534593133654,62.6858280865834].
[580.508656724861,450.534593133654,62.6858280865834].
[580.508656724861,450.534593133654,62.6858280865834].
[580.508656724861,450.534593133654,62.6858280865834].
[580.508656724861,450.534593133654,62.6858280865834].
[580.532134891493,450.515306422192,62.7229078873353].
[580.637356734278,450.428869378232,62.8890880250954].
[580.81083822462,450.286358785278,63.1630727529882].
[580.892581900773,450.219208452779,63.2921730899964].
[580.81083822462,450.286358785278,63.1630727529882].
[580.637356734278,450.428869378232,62.8890880250954].
[580.532134891493,450.515306422192,62.7229078873353].
[580.508656724861,450.534593133654,62.6858280865834].
[580.531264535518,450.534593133654,62.6858280865834].
[580.632585713445,450.534593133654,62.6894120520362].
[580.777171057622,450.534613574459,62.7054742708342].
[580.77781092457,450.534705183792,62.7319563926211].
[580.656888353296,450.557971183648,62.7480186114191].
[580.77119380332,450.661656863741,62.7794043941254].
[581.427005671306,450.832475052527,62.9040034946461].
[582.372296364929,450.936069123286,63.1094326819848].
[582.907042888027,450.959184084885,63.2340317825055].
[583.02149737223,450.959205221266,63.2657681855205].
[583.022165297082,450.959299947955,63.2834017755236].
[583.023266518991,450.95945612586,63.3124746504407].
[583.023934443842,450.959550852548,63.3301082404438].
[583.160729954087,450.982665644183,63.3621546283961].
[583.773136972369,451.086164226528,63.4881429850225].
[584.782825449738,451.256804540728,63.695862668453].
[585.395232468021,451.360303123073,63.8175803587631].
[585.554173917176,451.406446851239,63.8265523624013].
[585.676542153809,451.509750111081,63.7949961694105].
[586.033507285605,451.680068392916,63.8036060336001].
[586.709900481999,451.783371652758,63.9237007275021].
[587.509764363919,451.806421725671,64.1287445422322].
[587.942809867579,451.806421725671,64.2531099024504].
[588.034426309015,451.806421725671,64.2808595651928].
[588.011986984841,451.775611923332,64.3041496659027].
[587.911420910946,451.637531968931,64.4085286557012].
[587.723176887224,451.379067804973,64.6039098640028].
[587.522047991316,451.102912361094,64.8126644684247].
[587.333808603447,450.844454562289,65.0080408651064].
[587.233088606579,450.706353643213,65.1124164797296].
[587.187507076025,450.644621180289,65.1544811711432].
[587.06318758515,450.475516104349,65.2530144963191].
[586.795417067994,450.109542508166,65.460683253552].
[586.527579763105,449.743546988865,65.6711034295696].
[586.380731640165,449.543591167512,65.7885875401966].
[586.233975246795,449.374452867331,65.8288357398054].
[585.920940349249,449.146656662457,65.8430161549923].
[585.402546915683,449.016198697404,65.8123325106234].
[584.734405759643,449.019706745879,65.6496946902165].
[584.075472926839,449.083985324686,65.3295706606479].
[583.390435273432,449.152793631418,64.9359409539068].
[582.451742024084,449.21731398002,64.4854618580502].
[581.317285095202,449.236345311787,64.1121289813435].
[579.986477803393,449.174764599317,63.7630895222162].
[578.70722018697,449.060525567339,63.36657719142].
[577.712344980428,448.991151512998,63.0355062767198].
[577.210500581447,448.952393766483,62.8904322733004].
[576.917345242551,448.848594793191,62.8639627245744].
[576.494104576992,448.677598665098,62.840298349501].
[575.880707062336,448.573897508809,62.7342419783784].
[575.156063470395,448.550758653198,62.5593845834151].
[574.698788735202,448.488973776155,62.4973848545851].
[574.382196175624,448.181168995869,62.6918646604335].
[573.925302825146,447.555253713459,63.1336196534101].
[573.455513053402,446.911603781481,63.5891542507544].
[573.143053795701,446.483138493093,63.8993475469208].
[572.974768341948,446.252080035203,64.0721333235775].
[572.750837384588,445.94442109961,64.3059118607259].
[572.373747769336,445.426337351747,64.6995843554383].
[571.925909120074,444.849467220845,65.1201965460448].
[571.347291624903,444.226840426361,65.5138475821515].
[570.720976912248,443.777672864849,65.6957630537358].
[570.060352248587,443.611348374709,65.6154827892625].
[569.333368236326,443.588015366753,65.4057584895321].
[568.919789332849,443.587989897993,65.2785542716588].
[568.804579391457,443.564553587767,65.2501711741532].
[568.680529798161,443.459842695997,65.2478948722403].
[568.320862707548,443.279832116182,65.2592905577681].
[567.640142661174,443.110479502293,65.3392635006343].
[566.789760179176,442.869458022094,65.4886459495209].
[566.151961378499,442.502664483414,65.5831623130066].
[565.727335026591,442.184141728436,65.6047596759382].
[565.525783675777,442.048613329708,65.6047596759382].
[565.480811490592,442.025265047009,65.6047596759382].
[565.480811490592,442.025265047009,65.6047596759382].
[565.480811490592,442.025265047009,65.6047596759382].
[565.480713507904,442.025241535054,65.6028671425687].
[565.480274379964,442.025136161783,65.5943853964512].
[565.479550380389,442.024962430629,65.5804013612145].
[565.432913461803,442.044085755623,65.5357970926772].
[565.225771345701,442.130239290522,65.3720146453858].
[564.884413278966,442.272321220717,65.105103300791].
[564.677369145552,442.358498267572,64.9432133868691].
[564.584951849749,442.396964702235,64.8709513632339].
[564.377810398657,442.483182255189,64.7089853556298].
[564.036291882197,442.62533096865,64.4419485537625].
[563.829150431104,442.711548521603,64.2799825461583].
[563.782930925948,442.730786258001,64.243843044943].
[563.782930925948,442.730786258001,64.243843044943].
[563.782930925948,442.730786258001,64.243843044943].
[563.782930925948,442.730786258001,64.243843044943].
[563.782930925948,442.730786258001,64.243843044943].
[563.782930925948,442.730786258001,64.243843044943].
[563.782930925948,442.730786258001,64.243843044943].
[563.782930925948,442.730786258001,64.243843044943].
[563.782930925948,442.730786258001,64.243843044943].
[563.782930925948,442.730786258001,64.243843044943].
[563.783016413579,442.730805359681,64.243843044943].
[563.783399542561,442.730890967471,64.243843044943].
[563.784031215462,442.731032110856,64.245454357779].
[563.784414344443,442.731117718646,64.2526757609047].
[563.784499832074,442.731136820326,64.2645818418425].
[563.784499832074,442.731136820326,64.2718032449683].
[563.784499832074,442.731136820326,64.2734145578042].
[563.784499832074,442.731136820326,64.2734145578042].
[563.784499832074,442.731136820326,64.2734145578042].
[563.784499832074,442.731136820326,64.2734145578042].
[563.784499832074,442.731136820326,64.2734145578042].
[563.784499832074,442.731136820326,64.2734145578042].
[563.784499832074,442.731136820326,64.2734145578042].
[563.784499832074,442.731136820326,64.2734145578042].
[563.784499832074,442.731136820326,64.2734145578042].
[563.784499832074,442.731136820326,64.2734145578042].
[563.784499832074,442.731136820326,64.2734145578042].
[563.784499832074,442.731136820326,64.2734145578042].
[563.784499832074,442.731136820326,64.2734145578042].
[563.784499832074,442.731136820326,64.2734145578042].
[563.784499832074,442.731136820326,64.2734145578042].
[563.784499832074,442.731136820326,64.2734145578042].
[563.784499832074,442.731136820326,64.2734145578042].
[563.784499832074,442.731136820326,64.2734145578042].
[563.784499832074,442.731136820326,64.2734145578042].
[563.784499832074,442.731136820326,64.2734145578042].
[563.784499832074,442.731136820326,64.2734145578042].
[563.784499832074,442.731136820326,64.2734145578042].
[563.784499832074,442.731136820326,64.2734145578042].
[563.784499832074,442.731136820326,64.2734145578042].
[563.784499832074,442.731136820326,64.2734145578042].
[563.784499832074,442.731136820326,64.2734145578042].
[563.784499832074,442.731136820326,64.2734145578042].
[563.806994450547,442.762053899357,64.2498729018245].
[563.9078083363,442.900614634541,64.1443665195225].
[564.074022334122,443.129062665922,63.9704159028266].
[564.174836219875,443.267623401105,63.8649095205246].
[564.197330838348,443.298540480137,63.8413678645448].
[564.197330838348,443.298540480137,63.8413678645448].
[564.174836219875,443.267623401105,63.8649095205246].
[564.074022334122,443.129062665922,63.9704159028266].
[563.9078083363,442.900614634541,64.1443665195225].
[563.806994450547,442.762053899357,64.2498729018245].
[563.784499832074,442.731136820326,64.2734145578042].
[563.784499832074,442.731136820326,64.2734145578042].
[563.784499832074,442.731136820326,64.2734145578042].
[563.784499832074,442.731136820326,64.2734145578042].
[563.784499832074,442.731136820326,64.2734145578042].
[563.784499832074,442.731136820326,64.2734145578042].
[563.784499832074,442.731136820326,64.2734145578042].
[563.784499832074,442.731136820326,64.2734145578042].
[563.784499832074,442.731136820326,64.2734145578042].
[563.784499832074,442.731136820326,64.2734145578042].
[563.784499832074,442.731136820326,64.2734145578042].
[563.784499832074,442.731136820326,64.2734145578042].
[563.784499832074,442.731136820326,64.2734145578042].
[563.784499832074,442.731136820326,64.2734145578042].
[563.784499832074,442.731136820326,64.2734145578042].
[563.784499832074,442.731136820326,64.2734145578042].
[563.784499832074,442.731136820326,64.2734145578042].
[563.784499832074,442.731136820326,64.2734145578042].
[563.806994450547,442.762053899357,64.2498729018245].
[563.9078083363,442.900614634541,64.1443665195225].
[564.074022334122,443.129062665922,63.9704159028266].
[564.174836219875,443.267623401105,63.8649095205246].
[564.197330838348,443.298540480137,63.8413678645448].
[564.197330838348,443.298540480137,63.8413678645448].
[564.197330838348,443.298540480137,63.8413678645448].
[564.197330838348,443.298540480137,63.8413678645448].
[564.197330838348,443.298540480137,63.8413678645448].
[564.151087541834,443.317792861432,63.8050641832589].
[563.943839465272,443.404076048259,63.6423623716267].
[563.602145153133,443.546332973684,63.3741124340071].
[563.394897076571,443.63261616051,63.2114106223749].
[563.348653780057,443.651868541805,63.1751069410889].
[563.348653780057,443.651868541805,63.1751069410889].
[563.348653780057,443.651868541805,63.1751069410889].
[563.348653780057,443.651868541805,63.1751069410889].
[563.348653780057,443.651868541805,63.1751069410889].
[563.279884978616,443.64019759499,63.1623402120331].
[563.017954301432,443.587892040207,63.1178904310153].
[562.717184217118,443.501654759461,63.0807728638953].
[562.750873303964,443.430095383537,63.141438344009].
[562.889470949915,443.332134796954,63.2914225493197].
[562.935740658531,443.189867232428,63.4781861284985].
[562.935661706788,443.10357759266,63.5822501722431].
[562.889044889494,443.103562590164,63.5630348020646].
[562.681125218231,443.189784993405,63.3900517216985].
[562.338931625593,443.331941703639,63.1161739513462].
[562.131588604703,443.418179109377,62.9525852147912].
[562.108152875642,443.468417625244,62.8941867799944].
[562.209540536075,443.60715815056,62.7945815090469].
[562.376144351219,443.835787074455,62.6303601801619].
[562.477070573221,443.974431747977,62.5307549092144].
[562.499574142113,444.005364208674,62.5085299691562].
[562.477070573221,443.974431747977,62.5320841424521].
[562.376216574474,443.835802076952,62.6376466234728].
[562.209936441507,443.607240389584,62.8116897313197].
[562.10908244276,443.468610718559,62.9172522123405].
[562.086578873869,443.437678257862,62.9408063856363].
[562.086578873869,443.437678257862,62.9408063856363].
[562.086578873869,443.418424436722,62.9408063856363].
[562.086578873869,443.346415849515,62.9408063856363].
[562.086578873869,443.234818509802,62.9408063856363].
