[383.207431050454,259.90485203891,174.639841453837].
[383.24155030204,259.932080703182,174.799414593742].
[383.263565872568,259.949650097316,174.902379739598].
[383.122489116444,259.923633661607,174.891278727578].
[382.463845167328,259.785982254136,174.718141807136].
[381.377924878603,259.559033450697,174.43268728366].
[380.719280929488,259.421382043226,174.259550363218].
[380.572317599641,259.390667862633,174.220918294432].
[380.572317599641,259.390667862633,174.220918294432].
[380.56926723804,259.388252878932,174.206796903].
[380.555596465797,259.377429672878,174.14350921736].
[380.533057172812,259.359585222839,174.039165463871].
[380.519386400569,259.348762016784,173.975877778231].
[380.516336038969,259.346347033084,173.961756386799].
[380.516336038969,259.346347033084,173.961756386799].
[380.516336038969,259.346347033084,173.961756386799].
[380.516336038969,259.346347033084,173.961756386799].
[380.513271056451,259.343920473944,173.947567309066].
[380.499534757804,259.333045390368,173.883976274472].
[380.476887430043,259.315115408757,173.77913238311].
[380.463151131395,259.304240325181,173.715541348516].
[380.466201492995,259.306655308882,173.729662739948].
[380.493608563886,259.328353598512,173.856541460182].
[380.538795184632,259.364128030163,174.065729105032].
[380.566202255523,259.385826319793,174.192607825267].
[380.572317599641,259.390667862633,174.220918294432].
[380.572317599641,259.390667862633,174.220918294432].
[380.572317599641,259.390667862633,174.220918294432].
[380.475913170866,259.359911413771,174.220918294432].
[379.993097346897,259.222070573063,174.182233060931].
[379.053263926935,258.994809447016,174.008857872767].
[378.246132273084,258.856968606308,173.72301051223].
[377.922232156745,258.826212157446,173.549635324066].
[377.871471007546,258.826212157446,173.510950090566].
[377.871471007546,258.826212157446,173.510950090566].
[377.871471007546,258.826212157446,173.510950090566].
[377.871471007546,258.826212157446,173.510950090566].
[377.871471007546,258.826212157446,173.510950090566].
[377.871471007546,258.82868745779,173.510950090566].
[377.871471007546,258.842244503278,173.510950090566].
[377.776321102206,258.871575362512,173.501801858056].
[377.349888811401,258.900871969024,173.460802324403].
[376.60112416507,258.883733370625,173.393205521181].
[375.969893661708,258.748812392368,173.352205987528].
[375.537088587125,258.522303649492,173.343057755018].
[375.332290374568,258.384919152245,173.343057755018].
[375.235807774933,258.370277641373,173.301308425131].
[374.964031435367,258.458067479634,173.102421597649].
[374.390817119291,258.64820404341,172.741142243032].
[373.83683911167,258.843503530869,172.466996730176].
[373.588099025951,258.954327661349,172.372456186303].
[373.543929486088,259.008266108746,172.360676874271].
[373.543929486088,259.031262359117,172.360676874271].
[373.543929486088,259.036393516146,172.360676874271].
[373.543929486088,259.036393516146,172.360676874271].
[373.543929486088,259.036393516146,172.360676874271].
[373.543929486088,259.036393516146,172.360676874271].
[373.493170741108,259.052476512595,172.319216167198].
[373.26568582851,259.124555501998,172.133402169457].
[372.890626614346,259.243393664998,171.827046678987].
[372.64029283214,259.284118900151,171.664036786807].
[372.487132557967,259.159684118861,171.724776990385].
[372.318300978632,258.928009469791,171.893277805662].
[372.215899449438,258.787491692052,171.995478716314].
[372.19305057983,258.756137937801,172.018282821875].
[372.19305057983,258.756137937801,172.018282821875].
[372.19305057983,258.756137937801,172.018282821875].
[372.19305057983,258.756137937801,172.018282821875].
[372.19305057983,258.756137937801,172.018282821875].
[372.19305057983,258.756137937801,172.018282821875].
[372.19305057983,258.756137937801,172.018282821875].
[372.19305057983,258.756137937801,172.018282821875].
[372.19305057983,258.756137937801,172.018282821875].
[372.17020186781,258.724784399798,172.041086770156].
[372.067801044881,258.584267591211,172.143286975927].
[371.89897062998,258.352594540003,172.311786629052].
[371.79656980705,258.212077731416,172.413986834824].
[371.79656980705,258.180724193413,172.436790783105].
[371.89897062998,258.180724193413,172.436790783105].
[372.067801044881,258.212077731416,172.413986834824].
[372.198126906227,258.336522134606,172.353239530474].
[372.346126957707,258.496163662212,172.370518892582].
[372.568634685665,258.517920565676,172.5445780225].
[372.766246209451,258.477242580077,172.57292996922].
[372.913637895044,258.456015453971,172.415183074677].
[372.98609807937,258.432913598508,172.382546193676].
[372.979402783919,258.363458517095,172.52065459724].
[372.876936367148,258.199781488388,172.622640836473].
[372.707997806285,257.96285748942,172.645397042366].
[372.628394737498,257.853648877096,172.622640836473].
[372.707997806285,257.96285748942,172.52065459724].
[372.876936367148,258.194626767679,172.352507715299].
[372.979402783919,258.335201940922,172.250521476066].
[373.002266131903,258.366568501841,172.227765270173].
[373.025129600857,258.381911188458,172.227765270173].
[373.12759655978,258.450672339379,172.227765270173].
[373.347356609047,258.564040311501,172.246786760673].
[373.677585671103,258.632801462422,172.332035166748].
[374.075965364152,258.648144149039,172.472586027137].
[374.303727467285,258.648144149039,172.557834433212].
[374.354548061833,258.648144149039,172.576855923711].
[374.354548061833,258.648144149039,172.576855923711].
[374.354548061833,258.648144149039,172.576855923711].
[374.354548061833,258.648144149039,172.576855923711].
[374.354548061833,258.648144149039,172.576855923711].
[374.354548061833,258.648144149039,172.576855923711].
[374.354548061833,258.648144149039,172.576855923711].
[374.354548061833,258.648144149039,172.576855923711].
[374.354548061833,258.648144149039,172.576855923711].
[374.354548061833,258.648144149039,172.576855923711].
[374.354548061833,258.648144149039,172.576855923711].
[374.405334003502,258.632131035039,172.618605253599].
[374.632940803205,258.56036523704,172.805712769049].
[375.008200975231,258.442043439371,173.11420090968].
[375.235807774933,258.370277641373,173.301308425131].
[375.283340674443,258.351729105784,173.328297999057].
[375.268761550957,258.340366134561,173.262149362085].
[375.244724639956,258.321631762208,173.153088697281].
[375.22687687805,258.30772121367,173.072109540742].
[375.208974814817,258.293768342667,172.990884007333].
[375.184822662176,258.274944150961,172.881300466279].
[375.170173641101,258.263526701547,172.814834688831].
[375.166905002682,258.260979124231,172.800004169264].
[375.166905002682,258.260979124231,172.800004169264].
[375.166905002682,258.260979124231,172.800004169264].
[375.166905002682,258.260979124231,172.800004169264].
[375.217752081076,258.245025856824,172.842072281894].
[375.445632876573,258.173528272651,173.030608482479].
[375.821344791293,258.05564868482,173.341452126681].
[376.04922558679,257.984151100646,173.529988327265].
[376.100072665184,257.968197833239,173.572056439896].
[376.100072665184,257.968197833239,173.572056439896].
[376.100072665184,257.968197833239,173.572056439896].
[376.100072665184,257.968197833239,173.572056439896].
[376.100072665184,257.968197833239,173.572056439896].
[376.100072665184,257.968197833239,173.572056439896].
[376.100072665184,257.968197833239,173.572056439896].
[376.100072665184,257.968197833239,173.572056439896].
[376.100072665184,257.968197833239,173.572056439896].
[376.100072665184,257.968197833239,173.572056439896].
[376.100072665184,257.968197833239,173.572056439896].
[376.100072665184,257.968197833239,173.572056439896].
[376.100072665184,257.968197833239,173.572056439896].
[376.100072665184,257.968197833239,173.572056439896].
[376.122935068126,257.999555802782,173.549364247477].
[376.225397249514,258.140092472151,173.447664896732].
[376.394328827412,258.371798268253,173.279991013943].
[376.547595099044,258.496381830703,173.220338600817].
[376.79814563796,258.456242935329,173.386087709168].
[377.173539910826,258.338364533352,173.696774890023].
[377.4012280468,258.266867668435,173.885216190792].
[377.448854878091,258.248415775583,173.927263128411].
[377.411749910871,258.205858254686,173.935395233645].
[377.28579699219,258.046854466098,173.971840800793].
[377.102603187335,257.80394420066,174.031929382571].
[376.996949954343,257.660905295574,174.068374949719].
[376.974084473844,257.62954655628,174.076507054953].
[376.974084473844,257.62954655628,174.076507054953].
[376.977272624796,257.632056987224,174.076507054953].
[376.991560926074,257.643307958147,174.076507054953].
[377.037972940811,257.693204767506,174.068374949719].
[377.154688401571,257.844943668262,174.031929382571].
[377.326750389061,258.0790795374,173.971840800793].
[377.429177548544,258.219567467233,173.935395233645].
[377.452032137043,258.250914561516,173.927263128411].
[377.452032137043,258.250914561516,173.927263128411].
[377.452032137043,258.250914561516,173.927263128411].
[377.452032137043,258.250914561516,173.927263128411].
[377.452032137043,258.250914561516,173.927263128411].
[377.452032137043,258.250914561516,173.927263128411].
[377.502801095404,258.234972486439,173.969280989866].
[377.730331781203,258.163525062806,174.157591980306].
[378.105466462616,258.045728175726,174.468064315752].
[378.332997148414,257.974280752093,174.656375306192].
[378.332997148414,257.974280752093,174.656375306192].
[378.105466462616,258.045728175726,174.468064315752].
[377.730331781203,258.163525062806,174.157591980306].
[377.502801095404,258.234972486439,173.969280989866].
[377.452032137043,258.250914561516,173.927263128411].
[377.452032137043,258.250914561516,173.927263128411].
[377.452032137043,258.250914561516,173.927263128411].
[377.452032137043,258.250914561516,173.927263128411].
[377.452032137043,258.250914561516,173.927263128411].
[377.452032137043,258.250914561516,173.927263128411].
[377.452032137043,258.250914561516,173.927263128411].
[377.429177548544,258.219567467233,173.949947395025].
[377.326750389061,258.079079537399,174.051611224778].
[377.157876552523,257.847454099206,174.219226543351].
[377.05544939304,257.706966169372,174.320890373104].
[377.032594804541,257.67561907509,174.343574639718].
[377.032594804541,257.67561907509,174.343574639718].
[377.032594804541,257.67561907509,174.343574639718].
[377.032594804541,257.67561907509,174.343574639718].
[377.032594804541,257.67561907509,174.343574639718].
[377.032594804541,257.67561907509,174.343574639718].
[377.032594804541,257.67561907509,174.343574639718].
[377.032594804541,257.67561907509,174.343574639718].
[377.032594804541,257.67561907509,174.343574639718].
[377.032594804541,257.67561907509,174.343574639718].
[377.032594804541,257.67561907509,174.343574639718].
[377.032594804541,257.67561907509,174.343574639718].
[377.032594804541,257.67561907509,174.343574639718].
[377.032594804541,257.67561907509,174.343574639718].
[377.032594804541,257.67811752491,174.343574639718].
[377.007855020319,257.702758582002,174.316192074123].
[376.893769282246,257.78399366455,174.178815482957].
[376.696580672814,257.934670231075,173.902742406222].
[376.561987869428,258.1452916227,173.620983830681].
[376.522863129265,258.383105778333,173.402794156877].
[376.519653411743,258.514857984157,173.243885950502].
[376.519653411743,258.543692907165,173.170235534611].
[376.522863129266,258.543692907165,173.170235534611].
[376.561987869428,258.496392705964,173.285924962317].
[376.696580672814,258.284407911213,173.618582502249].
[376.893769282246,257.934904071042,174.054332592268].
[377.007855020319,257.722919276292,174.293479499316].
[377.032594804541,257.67561907509,174.343574639718].
[377.032594804541,257.706966169372,174.320890373104].
[377.032594804541,257.847454099206,174.219226543351].
[377.032594804541,258.0790795374,174.051611224778].
[377.032594804541,258.18822037295,173.972631661639].
[377.032594804541,258.079079537399,174.051611224778].
[377.032594804541,257.847454099206,174.219226543351].
[377.032594804541,257.706966169372,174.320890373104].
[377.032594804541,257.67561907509,174.343574639718].
[377.032594804541,257.67561907509,174.343574639718].
[377.032594804541,257.67561907509,174.343574639718].
[377.032594804541,257.67561907509,174.343574639718].
[376.981782899854,257.691561306748,174.301535627904].
[376.754059741975,257.76300943213,174.113129848127].
[376.429419632436,257.86486524454,173.844540243301].
[376.429419632436,257.86486524454,173.844540243301].
[376.754059741975,257.76300943213,174.113129848127].
[376.981782899854,257.691561306748,174.301535627904].
[377.032594804541,257.67561907509,174.343574639718].
[377.032594804541,257.67561907509,174.343574639718].
[377.032594804541,257.67561907509,174.343574639718].
[377.032594804541,257.67561907509,174.343574639718].
[377.05544939304,257.706966169372,174.320890373104].
[377.157876552523,257.847454099206,174.219226543351].
[377.326750389061,258.0790795374,174.051611224778].
[377.429177548544,258.219567467233,173.949947395025].
[377.4012280468,258.266867668435,173.885216190792].
[377.173539910826,258.338364533352,173.696774890023].
[376.79814563796,258.456242935329,173.386087709168].
[376.570457501987,258.527739800246,173.197646408399].
[376.570457501987,258.527739800246,173.197646408399].
[376.79814563796,258.456242935329,173.386087709168].
[377.173539910826,258.338364533352,173.696774890023].
[377.4012280468,258.266867668435,173.885216190792].
[377.452032137043,258.250914561516,173.927263128411].
[377.452032137043,258.250914561516,173.927263128411].
[377.452032137043,258.250914561516,173.927263128411].
[377.452032137043,258.250914561516,173.927263128411].
[377.452032137043,258.250914561516,173.927263128411].
[377.452032137043,258.250914561516,173.91273149436].
[377.452032137043,258.250914561516,173.847605228859].
[377.468538822822,258.277275486312,173.732077453905].
[377.542516656066,258.395416954857,173.630413251369].
[377.670833469818,258.595185591428,173.555640743342].
[377.773261004883,258.735674036405,173.519102806308].
[377.836673319201,258.798878896583,173.510950090566].
[377.84226834872,258.789878663789,173.533634440359].
[377.746188800178,258.654376503242,173.635298642894].
[377.577314344411,258.42275021572,173.802914576083].
[377.474886809346,258.282261770743,173.904578778618].
[377.452032137043,258.250914561516,173.927263128411].
[377.452032137043,258.250914561516,173.91273149436].
[377.448854878091,258.248415775583,173.847605228859].
[377.434615391369,258.23721699398,173.740230169647].
[377.411138446728,258.218753324545,173.675103904146].
[377.419764505729,258.238913371686,173.637908466161].
[377.519063513128,258.376955105797,173.53633634378].
[377.688018313203,258.608667250588,173.368872225099].
[377.790494579555,258.749207770632,173.267300102718].
[377.813360125277,258.780566599376,173.244636298784].
[377.813360125277,258.746696975213,173.25269862777].
[377.813360125277,258.594903850786,173.288831479465].
[377.838166387017,258.328746783475,173.390771934753].
[377.949340339134,258.105728351316,173.616782542545].
[378.132635198738,257.954428047284,173.937900366839].
[378.243809150855,257.883202739553,174.127778122936].
[378.268615412595,257.867310225232,174.170145577063].
[378.268615412595,257.867310225232,174.170145577063].
[378.268615412595,257.867310225232,174.170145577063].
[378.268615412595,257.867310225232,174.170145577063].
[378.268615412595,257.867310225232,174.170145577063].
[378.268615412595,257.867310225232,174.170145577063].
[378.291483909106,257.898669704773,174.147510420026].
[378.393973399976,258.039213141484,174.046066684129].
[378.562950003596,258.270930095046,173.878814238978].
[378.665439494466,258.411473531757,173.777370503081].
[378.688307990978,258.442833011298,173.754735346044].
[378.688307990978,258.442833011298,173.754735346044].
[378.688307990978,258.442833011298,173.754735346044].
[378.688307990978,258.442833011298,173.754735346044].
[378.688307990978,258.442833011298,173.754735346044].
[378.665439494466,258.411473531757,173.777370503081].
[378.562950003596,258.270930095046,173.878814238978].
[378.393973399976,258.039213141484,174.046066684129].
[378.291483909106,257.898669704773,174.147510420026].
[378.268615412595,257.867310225232,174.170145577063].
[378.268615412595,257.867310225232,174.170145577063].
[378.268615412595,257.867310225232,174.170145577063].
[378.268615412595,257.867310225232,174.170145577063].
[378.268615412595,257.867310225232,174.170145577063].
[378.268615412595,257.867310225232,174.170145577063].
[378.268615412595,257.867310225232,174.170145577063].
[378.245746962588,257.851832297221,174.170145577063].
[378.143257680135,257.782465036423,174.170145577063].
[377.974281420136,257.652216270297,174.19278068807].
[377.848923734179,257.511673119387,174.294224217676].
[377.723566210135,257.378845987389,174.461476322713].
[377.554590293757,257.276310745277,174.585554917297].
[377.45210121972,257.119886392409,174.70963335162].
[377.406364459217,256.85681109303,174.899520135491].
[377.303875593596,256.575725648612,175.102406575835].
[377.134900020837,256.312650756666,175.292293065622].
[377.032411155216,256.172108177356,175.393736182649].
[376.986674487721,256.125238073013,175.416371201597].
[376.833289584163,256.039875009615,175.434018077436].
[376.41658441366,255.841284868971,175.513105888007].
[375.850050401685,255.596617649643,175.643499643549].
[375.454042707016,255.414374575669,175.72258745412].
[375.315176325411,255.340478381381,175.740234329959].
[375.295547535044,255.327526169608,175.740234329959].
[375.295547535044,255.327526169608,175.740234329959].
[375.295547535044,255.327526169608,175.740234329959].
[375.295547535044,255.327526169608,175.740234329959].
[375.221783035524,255.312030609513,175.740234329959].
[374.8716228432,255.242584327199,175.720723892925].
[374.210839013383,255.128086764376,175.62878433723].
[373.587175083788,255.061664311973,175.44175410101].
[373.068587749509,255.062364138288,175.215108550982].
[372.537967895503,255.109380492762,174.973647206263].
[371.993436193832,255.203055327506,174.741636708648].
[371.519457666802,255.326630609912,174.468228593244].
[371.105533507725,255.40972879343,174.198350457541].
[370.889127963476,255.436488902978,174.063214269369].
[370.841596399798,255.442253719486,174.036436469056].
[370.794111629549,255.454155391767,174.032668588037].
[370.581299653715,255.473777932012,174.015782116855].
[370.207561611545,255.470273622004,173.987941032632].
[369.89225156491,255.403884421607,173.971054561451].
[369.675776045126,255.290048754218,173.967286680431].
[369.573277974325,255.221003931779,173.967286680431].
[369.499463844212,255.221568595418,173.925506977378].
[369.271149934844,255.293144064719,173.738263338843].
[368.894723936074,255.411152063416,173.429550769187].
[368.666410026706,255.482727532716,173.242307130652].
[368.615466307545,255.498698178644,173.200527427599].
[368.615466307545,255.498698178644,173.200527427599].
[368.615466307545,255.498698178644,173.200527427599].
[368.615466307545,255.495981092515,173.200527427599].
[368.615466307545,255.483803957304,173.200527427599].
[368.615466307545,255.463727255466,173.200527427599].
[368.615466307545,255.451550120256,173.200527427599].
[368.611939789265,255.448833034126,173.200527427599].
[368.57678358634,255.420163054655,173.223298669289].
[368.463998787653,255.291673121015,173.325352294289].
[368.30520512026,255.079829034351,173.493610276578].
[368.214951444695,254.951339100711,173.595663901577].
[368.195600000201,254.92266912124,173.618435143267].
[368.195600000201,254.92266912124,173.618435143267].
[368.195600000201,254.92266912124,173.618435143267].
[368.195600000201,254.92266912124,173.618435143267].
[368.195600000201,254.92266912124,173.618435143267].
[368.195600000201,254.92266912124,173.618435143267].
[368.195600000201,254.92266912124,173.618435143267].
[368.195600000201,254.92266912124,173.618435143267].
[368.195600000201,254.92266912124,173.618435143267].
[368.172722158555,254.891282221819,173.641206264395].
[368.047313065175,254.719229164487,173.766030349637].
[367.775736579819,254.346644024559,174.036339985441].
[367.504160446622,253.97405936777,174.306649270728].
[367.378751774967,253.802006889017,174.431472936213].
[367.304872505979,253.770620155773,174.43523812606].
[367.076299423636,253.770620155773,174.350059991889].
[366.676560843705,253.755172098495,174.209624990282].
[366.345423064822,253.68593870903,174.12444685611].
[366.125320919545,253.571792147177,174.105441045392].
[366.022756223005,253.502558757712,174.105441045392].
[365.976985789883,253.487110700433,174.105441045392].
[365.874421636553,253.455713538729,174.12821969179].
[365.705321935347,253.315001222277,174.230306502393].
[365.602757782018,253.083005833094,174.39861919849].
[365.57987262606,252.942293516642,174.500706009093].
[365.57987262606,252.910896354938,174.523484655491].
[365.57987262606,252.910896354938,174.523484655491].
[365.57987262606,252.910896354938,174.523484655491].
[365.57987262606,252.910896354938,174.523484655491].
[365.57987262606,252.910896354938,174.523484655491].
[365.630889529987,252.894968605961,174.565253459263].
[365.859531430719,252.823585387459,174.752448250607].
[366.236498195829,252.705894356744,175.061080284859].
[366.465140096561,252.634511138242,175.248275076203].
[366.516157000488,252.618583389265,175.290043879974].
[366.516157000488,252.618583389265,175.290043879974].
[366.516157000488,252.618583389265,175.290043879974].
[366.516157000488,252.618583389265,175.290043879974].
[366.516157000488,252.618583389265,175.290043879974].
[366.512573144106,252.615805027027,175.274348389659].
[366.496511414131,252.603353271348,175.204006082257].
[366.470030098276,252.582823796903,175.088031223814].
[366.453968368301,252.570372041225,175.017688916412].
[366.450384511919,252.567593678986,175.001993426096].
[366.450384511919,252.567593678986,175.001993426096].
[366.450384511919,252.567593678986,175.001993426096].
[366.450384511919,252.567593678986,175.001993426096].
[366.450384511919,252.567593678986,175.001993426096].
[366.450384511919,252.567593678986,175.001993426096].
[366.453968368301,252.570372041225,175.017688916412].
[366.470030098276,252.582823796903,175.088031223814].
[366.496511414131,252.603353271348,175.204006082257].
[366.512573144106,252.615805027027,175.274348389659].
[366.516157000488,252.618583389265,175.290043879974].
[366.466795486644,252.553008036158,175.31984985392].
[366.245572529553,252.259119692852,175.453430961583].
[365.88083753463,251.774579730032,175.673668975151].
[365.655990247633,251.47787480763,175.791438951809].
[365.590385614061,251.399676422773,175.750384352742].
[365.563605237064,251.378864561826,175.633555018761].
[365.547362117337,251.366241530077,175.562694445748].
[365.543737787431,251.363424950981,175.546883314744].
[365.543737787431,251.363424950981,175.546883314744].
[365.543737787431,251.363424950981,175.546883314744].
[365.547362117337,251.366241530077,175.562694445748].
[365.563605237064,251.378864561826,175.633555018761].
[365.590385614061,251.399676422773,175.750384352742].
[365.606628733789,251.412299454523,175.821244925755].
[365.610253063695,251.415116033618,175.83705605676].
[365.610253063695,251.415116033618,175.83705605676].
[365.610253063695,251.415116033618,175.83705605676].
[365.610253063695,251.415116033618,175.83705605676].
[365.610253063695,251.415116033618,175.83705605676].
[365.610253063695,251.415116033618,175.83705605676].
[365.610253063695,251.415116033618,175.83705605676].
[365.610253063695,251.415116033618,175.83705605676].
[365.508052557753,251.446889068147,175.753172437821].
[365.050021667288,251.589285929726,175.377232139641].
[364.294856395541,251.824058664291,174.757411373519].
[363.836825505076,251.96645552587,174.38147107534].
[363.734624999134,251.998228560398,174.297587456401].
[363.734624999134,251.998228560398,174.297587456401].
[363.734624999134,251.998228560398,174.297587456401].
[363.734624999134,251.998228560398,174.297587456401].
[363.734624999134,251.998228560398,174.297587456401].
[363.734624999134,251.998228560398,174.297587456401].
[363.785742835658,251.982336576597,174.339543698011].
[364.014837084909,251.911113646489,174.527578527468].
[364.440007986157,251.77780583593,174.863711796751].
[364.881795756894,251.632592395256,175.168791521918].
[365.283585926433,251.48673140497,175.40372217271].
[365.496279447919,251.394745612554,175.520767068419].
[365.543737787431,251.366241530077,175.546883314744].
[365.543737787431,251.363424950981,175.546883314744].
[365.543737787431,251.363424950981,175.546883314744].
[365.543737787431,251.363424950981,175.546883314744].
[365.543737787431,251.363424950981,175.546883314744].
[365.543737787431,251.363424950981,175.546883314744].
[365.543737787431,251.363424950981,175.546883314744].
[365.543737787431,251.363424950981,175.546883314744].
[365.543737787431,251.363424950981,175.546883314744].
[365.543737787431,251.363424950981,175.546883314744].
[365.543737787431,251.363424950981,175.546883314744].
[365.543737787431,251.363424950981,175.546883314744].
[365.543737787431,251.363424950981,175.546883314744].
[365.543737787431,251.363424950981,175.546883314744].
[365.543737787431,251.363424950981,175.546883314744].
[365.543737787431,251.363424950981,175.546883314744].
[365.543737787431,251.363424950981,175.546883314744].
[365.543737787431,251.363424950981,175.546883314744].
[365.543737787431,251.363424950981,175.546883314744].
[365.543737787431,251.363424950981,175.546883314744].
[365.52083749419,251.332014223025,175.569613966549].
[365.395305291169,251.159830494312,175.694216248593].
[365.123462122912,250.786962264415,175.964045649398].
[364.85161919929,250.414094370066,176.23387480738].
[364.726087289229,250.241911043186,176.358476798634].
[364.680286955177,250.179089933514,176.403937851686].
[364.577655715457,250.038317851833,176.505808816827].
[364.408445407493,249.806223926444,176.673765643922].
[364.282914126961,249.634041463044,176.798367010311].
[364.157383139385,249.461859401473,176.922968085913].
[363.988173453152,249.229766328869,177.090924295883].
[363.834377865768,249.104806824496,177.150724070172].
[363.582173437197,249.144261179564,176.984906152725].
[363.204114415636,249.261097378447,176.674042529137].
[362.923609812642,249.347785143355,176.443394211424].
[362.64298164286,249.434511095618,176.212644289418].
[362.264660380211,249.551428338068,175.90156503491].
[362.035196935192,249.622342230263,175.71288592945].
[361.983996719957,249.638165258385,175.670785930432].
[361.983996719957,249.638165258385,175.670785930432].
[361.983996719957,249.638165258385,175.670785930432].
[361.983996719957,249.638165258385,175.670785930432].
[361.983996719957,249.638165258385,175.670785930432].
[361.983996719957,249.638165258385,175.670785930432].
[361.983996719957,249.638165258385,175.670785930432].
[361.983996719957,249.638165258385,175.670785930432].
[361.983996719957,249.638165258385,175.670785930432].
[361.983996719957,249.638165258385,175.670785930432].
[361.983996719957,249.638165258385,175.670785930432].
[361.983996719957,249.638165258385,175.670785930432].
[361.983996719957,249.638165258385,175.670785930432].
[361.983996719957,249.638165258385,175.670785930432].
[361.983996719957,249.638165258385,175.670785930432].
[361.983996719957,249.638165258385,175.670785930432].
[361.983996719957,249.638165258385,175.670785930432].
[361.983996719957,249.638165258385,175.670785930432].
[362.086361659956,249.606530170195,175.754956745996].
[362.545129492732,249.464751541214,176.132184170151].
[363.301509776944,249.230998099882,176.754127048247].
[363.75658892142,249.086339085455,177.115386807753].
[363.842422307376,249.041795005299,177.127995515183].
[363.815166382589,249.020511675662,177.010009545326].
[363.798634828546,249.007602683696,176.938447437191].
[363.791239549576,249.001827933386,176.906434611778].
[363.774627762684,248.988856290008,176.834525190145].
[363.747239556291,248.967469665654,176.715966597135].
[363.730627769399,248.954498022275,176.644057175502].
[363.730627769399,248.954498022275,176.644057175502].
[363.747239556291,248.967469665654,176.715966597135].
[363.774627762684,248.988856290008,176.834525190145].
[363.791239549576,249.001827933386,176.906434611778].
[363.794946140245,249.004722298251,176.922479772543].
[363.74912278773,248.94187663804,176.967900418741].
[363.543756769595,248.660221929553,177.171461632375].
[363.205165447216,248.195851820678,177.507077335182].
[362.99979942908,247.917102740644,177.710638548816].
[362.90650787249,247.883069425567,177.730011864852].
[362.693770141097,247.975306141915,177.613275829951].
[362.291809001352,248.105003100298,177.420810646153].
[361.849537454888,248.178675593458,177.304074611252].
[361.377801082777,248.147403343499,177.265035687881].
[360.942867492292,247.936483977945,177.223210988462].
[360.549165248574,247.585753638641,177.200713204248].
[360.307482740908,247.33301641422,177.2864122582].
[360.124874909064,247.104982574387,177.471604386016].
[359.864015803894,246.740538937744,177.75801443282].
[359.582446818416,246.346377475484,178.050770392161].
[359.357973340721,246.036196710543,178.277395318582].
[359.142821735358,245.74108535637,178.490956324492].
[358.937424980797,245.459354182305,178.69483459647].
[358.745189145493,245.195675100843,178.885649246867].
[358.638603508633,245.051775036625,178.971109460608].
[358.598266110469,245.006742989566,178.920002548694].
[358.569541536298,244.984319153885,178.798240252503].
[358.552119201376,244.970718410036,178.724387686666].
[358.548231752995,244.967683673883,178.707908951823].
[358.548231752995,244.967683673883,178.707908951823].
[358.544325370955,244.964634157171,178.691349957972].
[358.526818181259,244.950967171452,178.617137696214].
[358.497953705217,244.928434121391,178.494782361708].
[358.480446515521,244.914767135672,178.42057009995].
[358.47654013348,244.91171761896,178.404011106099].
[358.47654013348,244.91171761896,178.404011106099].
[358.47654013348,244.91171761896,178.404011106099].
[358.47654013348,244.91171761896,178.404011106099].
[358.47654013348,244.91171761896,178.404011106099].
[358.47654013348,244.91171761896,178.404011106099].
[358.47654013348,244.91171761896,178.404011106099].
[358.47654013348,244.91171761896,178.404011106099].
[358.47654013348,244.91171761896,178.404011106099].
[358.47654013348,244.91171761896,178.404011106099].
[358.47654013348,244.91171761896,178.404011106099].
[358.47654013348,244.880260416872,178.42671708332].
[358.482045673594,244.692161283577,178.593557547496].
[358.506719792546,244.248555216832,179.052998627905].
[358.547400537299,243.75941823445,179.635634609386].
[358.572074656251,243.516793996556,179.950005927549].
[358.577580196365,243.469676262039,180.015085261784].
[358.526196334017,243.485336858639,179.972711858452].
[358.295909839744,243.555522783259,179.782807439865].
[357.91623159828,243.671239810084,179.469707985542].
[357.685945104007,243.741425734704,179.279803566956].
[357.63456124166,243.757086331304,179.237430163624].
[357.63456124166,243.757086331304,179.237430163624].
[357.63456124166,243.757086331304,179.237430163624].
[357.63456124166,243.757086331304,179.237430163624].
[357.63456124166,243.757086331304,179.237430163624].
[357.63456124166,243.757086331304,179.237430163624].
[357.63456124166,243.757086331304,179.237430163624].
[357.485774638884,243.725482150405,179.19803767616].
[356.818959347412,243.583842038293,179.02149279564].
[355.719566792733,243.350316972669,178.730419495894].
[355.052751501261,243.208676860557,178.553874615375].
[354.903964898485,243.177072679658,178.514482127911].
[354.903964898485,243.177072679658,178.514482127911].
[354.903964898485,243.177072679658,178.514482127911].
[354.903964898485,243.177072679658,178.514482127911].
[355.006873366204,243.145762777234,178.599286338224].
[355.468077121223,243.005441529747,178.979352440703].
[356.22847356225,242.774090904284,179.605975508131].
[356.689677317269,242.633769656797,179.986041610609].
[356.792585784988,242.602459754373,180.070845820922].
[356.792585784988,242.602459754373,180.070845820922].
[356.792585784988,242.602459754373,180.070845820922].
[356.792585784988,242.602459754373,180.070845820922].
[356.792585784988,242.599342768277,180.070845820922].
[356.840064495979,242.569761950112,180.096661449685].
[357.100378652558,242.458086327936,180.238419964812].
[357.664213219282,242.245052500627,180.545969917137].
[358.228194972804,242.03395447115,180.854232945114].
[358.542287046569,242.003643170909,180.984274141386].
[358.830042334711,242.294249317916,180.953994576154].
[359.271954219464,242.86704324697,180.815725082444].
[359.717648801656,243.458091556116,180.556006557488].
[360.163394622239,244.060449717931,180.194994065896].
[360.699710884663,244.776181841673,179.84320144965].
[361.647457783886,245.957496456529,179.298007868794].
[363.124741342001,247.488826852353,178.567834559324].
[364.941724265723,248.938320626885,178.06450989532].
[366.861110729104,250.431258537164,177.639716419488].
[368.843211353047,252.173416994624,177.017380770335].
[371.106765363955,254.142419134005,176.33775601868].
[373.455308801228,256.155510126957,175.668205917172].
[375.670053860783,257.93258270584,175.043244068622].
[377.77654567348,259.265525112523,174.475650463971].
[379.626522312868,260.278470491259,174.045808026193].
[381.133981762424,260.984981764529,173.76907108736].
[382.023306099093,261.484581094214,173.501943129301].
[382.31889371652,261.724406361235,173.233502153501].
[382.312935510534,261.714050603496,173.141453062948].
[382.108404930482,261.433464268796,173.317397984272].
[381.77119101264,260.97085561051,173.653010067148].
[381.566660432587,260.69026927581,173.856569085182].
[381.521023491505,260.627662002013,173.901989241476].
[381.521023491505,260.627662002013,173.901989241476].
[381.521023491505,260.627662002013,173.901989241476].
[381.521023491505,260.627662002013,173.901989241476].
[381.521023491505,260.627662002013,173.901989241476].
[381.521023491505,260.627662002013,173.901989241476].
[381.521023491505,260.627662002013,173.901989241476].
[381.521023491505,260.627662002013,173.901989241476].
[381.521023491505,260.627662002013,173.901989241476].
[381.475387032373,260.565055389383,173.947408918108].
[381.270858612271,260.284472017823,174.150965786452].
[380.933648255587,259.821868244929,174.486574325086].
[380.729119835486,259.54128487337,174.69013119343].
[380.632866243357,259.478678260739,174.716601321854].
[380.383190304931,259.463376833381,174.612712978346].
[379.833387363021,259.379488820639,174.387710300165].
[379.10850640527,259.19780310984,174.162670372198].
[378.412551613581,259.016087320492,174.058737420571].
[378.060355500403,258.932163287477,174.039775060156].
[377.986863024396,258.916851514488,174.039775060156].
[377.986863024396,258.916851514488,174.054079932752].
[377.986863024396,258.916851514488,174.132427034055].
[377.947467734042,258.859141155796,174.347463572583].
[377.770910291836,258.600501272005,174.720826951128].
[377.479816281372,258.174076194146,175.135367254176].
[377.303258839166,257.915436310354,175.353658946213].
[377.218240896105,257.795124426295,175.444719782292].
[377.013774352112,257.514563854268,175.648771554184].
[376.676666011884,257.051997671447,175.985196050827].
[376.472199467891,256.771437099419,176.189247822719].
[376.380954790738,256.646234910755,176.26594989768].
[376.176491062408,256.365678202265,176.420010483951].
[375.836216541361,255.900609454707,176.714687804909].
[375.594720626314,255.577496931068,176.96886630415].
[375.403761120138,255.327249660217,177.139113914847].
[375.132949603858,254.955662646448,177.381901645143].
[374.882459718006,254.600173096145,177.693932805112].
[374.768474592182,254.437349554964,177.868778050271].
[374.688895936567,254.33460026038,177.922504486844].
[374.457522960494,254.032670422214,178.011337657276].
[374.045825060458,253.484452780161,178.22983596592].
[373.609565770756,252.901542273709,178.550020336795].
[373.166376172503,252.301883532559,178.883189335081].
[372.708185831292,251.675166471862,179.13919229594].
[371.966215588449,250.832434734003,179.339666311494].
[370.732849349,249.925417114699,179.442492999964].
[369.342756067281,249.312640093775,179.46543673543].
[368.612657292975,249.092071601522,179.47293256488].
[368.489229170486,249.080105948107,179.529265327055].
[368.540050829484,249.12048567242,179.686560596735].
[368.570875723844,249.144977213246,179.888172733556].
[368.577753687459,249.150442014673,179.997576728376].
[368.577753687459,249.150442014673,180.020315513635].
[368.577753687459,249.150442014673,180.020315513635].
[368.577753687459,249.150442014673,180.020315513635].
[368.577753687459,249.150442014673,180.020315513635].
[368.577753687459,249.150442014673,180.020315513635].
[368.577753687459,249.150442014673,180.020315513635].
[368.577753687459,249.150442014673,180.020315513635].
[368.577753687459,249.150442014673,180.020315513635].
[368.577753687459,249.150442014673,180.020315513635].
[368.577753687459,249.150442014673,180.020315513635].
[368.577753687459,249.150442014673,180.020315513635].
[368.593744603933,249.176344224027,179.997576728376].
[368.668846847154,249.295156674041,179.880607448762].
[368.805822877038,249.501483985934,179.629956551454].
[368.93421609777,249.675806908075,179.32623842379].
[369.062640317563,249.850176712077,179.022448783025].
[369.199726323776,250.056638587946,178.771840742648].
[369.325870093095,250.159746240169,178.696935018934].
[369.57025504817,250.114858012384,178.86227473089].
[369.997697150903,249.982314167896,179.214226004543].
[370.45428199869,249.840733563941,179.590173104002].
[370.881498896593,249.708259552335,179.941938946396].
[371.132565749309,249.668839228094,180.126396074467].
[371.359632923016,249.809074758973,180.152856096491].
[371.858906007148,250.110355263457,180.119211344323].
[372.530296004876,250.399634277634,180.067252167046].
[372.993966083651,250.73383809318,179.941551696628].
[373.352727486987,251.412865405007,179.616337287546].
[373.961715428698,252.450100544541,179.100208881218].
[375.008142992334,253.518608584075,178.7162644983].
[376.230190076794,254.414315463046,178.508988832714].
[377.5318156588,255.100072442772,178.344365584994].
[378.781522720303,255.804854247323,178.151583977821].
[379.860423974449,256.81245139266,177.672084517214].
[381.056999885884,258.359649824682,176.680536339094].
[382.486046162195,260.303803486155,175.426636152134].
[384.017422444441,262.293662644925,174.267223214049].
[385.601086269293,264.062892784399,173.31383686276].
[387.1141135298,265.407854280148,172.709357856491].
[388.441447177416,266.440963934521,172.366195262258].
[389.548795207917,267.198121658255,172.164097636861].
[390.163881528339,267.635620892674,171.939364847532].
[390.340363309566,267.84622782415,171.642295259765].
[390.312970845574,267.922554476363,171.415997155026].
[390.10938119187,267.936713410407,171.330935370602].
[389.746045502259,267.925961069384,171.307948836161].
[389.412646384996,267.86282942963,171.280346214973].
[389.05545792306,267.700132283981,171.290449642995].
[388.547187599727,267.453624729338,171.399261941346].
[387.952465733858,267.18861172952,171.505766490667].
[387.513975614662,266.958999186274,171.56861110511].
[387.237114856803,266.704512996623,171.680794233658].
[386.871296122881,266.303852749286,171.871630245543].
[386.274102413712,265.86598246867,172.010491866818].
[385.537024856787,265.569092020786,172.055495267964].
[384.789677545594,265.390798629796,172.060443854161].
[383.839855877817,265.176748354868,172.061231796416].
[382.869399430581,264.844216480382,172.073881704523].
[382.208814593221,264.39894408821,172.120570565702].
[381.855237778464,264.004988188402,172.205227751329].
[381.685884887976,263.78547603688,172.317595536203].
[381.525069222615,263.572590350046,172.491922903333].
[381.251804596858,263.199231242125,172.723158253504].
[380.958721330858,262.796910167104,172.969343337923].
[380.686302648238,262.422955765877,173.22891397008].
[380.268403203374,261.849297104969,173.648194054806].
[379.705024194747,261.075935829562,174.195590097142].
[379.207851977897,260.393457899371,174.632276771205].
[378.846472538078,259.944797563346,174.897280476617].
[378.494790829243,259.658367849561,175.120081158616].
[378.030412495334,259.27178846002,175.418656896274].
[377.644318438408,258.711283932778,175.818522535853].
[377.4512739974,258.210645485487,176.118711935016].
[377.239380264006,257.849990890941,176.277853116842].
[376.713637831381,257.475095267853,176.380791500995].
[375.931009026116,257.037814279853,176.479631152782].
[375.189721245917,256.502298452374,176.622571889178].
[374.400565267012,255.896048893674,176.784351461619].
[373.561621406767,255.378186790001,176.887836274678].
[373.084882670617,255.123065827772,176.921937587066].
[372.835836341453,255.008131305216,176.926570382548].
[372.440352527035,254.879329455697,176.931206164623].
[371.941105693469,254.723792975501,176.951982298483].
[371.589084849505,254.521597963663,176.986236352301].
[371.369887111399,254.33688794536,177.007012486161].
[371.244845613799,254.221103120665,177.034474838103].
[371.119804789693,254.065522313683,177.13677642679].
[370.951255967825,253.83419108598,177.305443232085].
[370.826215530593,253.662574592096,177.415722811255].
[370.701175766846,253.490959022562,177.474304253873].
[370.529280402808,253.257001556021,177.533254073108].
[370.412046674414,253.104914486028,177.569008945859].
[370.364497916212,253.054187552988,177.576986936342].
[370.349493349018,253.042408775307,177.576986936342].
[370.346145377537,253.039780574756,177.576986936342].
[370.393546965421,253.039780574756,177.580615633272].
[370.628811104367,253.052504282825,177.61541378975].
[371.154900037221,253.124882200947,177.729540453237].
[371.939077269482,253.303055225769,177.897538421922].
[372.961547473748,253.542299190883,177.996575672712].
[373.879815112691,253.768513085853,177.998531738142].
[374.410934729544,254.026717726046,177.956294179132].
[374.79533776155,254.458628364943,177.874258772082].
[375.257548052914,255.067524066725,177.736961233629].
[375.869091005587,255.867084091162,177.521639871611].
[376.70869568648,256.971219976023,177.139732861635].
[377.880083551176,258.528741985088,176.444534024841].
[379.571505782936,260.709302698422,175.372195077876].
[381.885557939842,263.360511606831,174.105241462203].
[384.806168401404,266.222415978127,172.834740004441].
[388.12102380311,269.255940635635,171.469831197885].
[391.493066210081,272.380572217502,169.935872577523].
[394.557442989699,275.397510755206,168.220531518536].
[397.111409284814,278.059368594517,166.546899116736].
[399.134924882049,280.13601763748,165.231995806627].
[400.361648022751,281.459620110839,164.358023380171].
[400.748821182447,282.005953391394,163.915593210801].
[400.600362743894,282.17425216436,163.624636843912].
[400.193467920257,282.31123344035,163.288074889616].
[399.703024106982,282.48321270766,162.903168159375].
[399.073815174156,282.704968591367,162.443966326374].
[398.493117771996,282.905598034161,162.019038472384].
[398.223503505347,282.997433116905,161.815559805405].
[398.173885192096,283.014188018509,161.776265814561].
[398.173885192096,283.014188018509,161.776265814561].
[398.173885192096,283.014188018509,161.776265814561].
[398.173885192096,283.014188018509,161.776265814561].
[398.173885192096,283.014188018509,161.776265814561].
[398.173885192096,283.014188018509,161.776265814561].
[398.173885192096,283.014188018509,161.776265814561].
[398.151213238168,282.99979190217,161.776265814561].
[398.049604590047,282.935272984916,161.776265814561].
[397.832425678707,282.828899273677,161.75999421141].
[397.508280678434,282.764380356423,161.687069945413].
[397.118708307209,282.749984240084,161.566838156913].
[396.896171955057,282.749984240084,161.493913890916].
[396.823839444608,282.718823685934,161.484413689942].
[396.722203975253,282.579171770975,161.531035244073].
[396.482260624313,282.334511177287,161.654005575767].
[396.033580321277,282.099093405242,161.811382004051].
[395.374460487703,281.821740922121,161.921465790089].
[394.882489340416,281.526834688163,161.987822114487].
[394.685770920026,281.341563058642,162.024980153951].
[394.538745965292,281.156266952785,162.06215157351].
[394.219735816303,280.861246493533,162.128532043148].
[393.727525452224,280.598134020141,162.238630790937].
[393.215519534323,280.414770806667,162.396054898149].
[392.877263001444,280.21872202171,162.519130237871].
[392.667432046069,280.042625742837,162.578596452793].
[392.538107315806,279.926277777381,162.65291634596].
[392.413769356706,279.772140684965,162.806184671239].
[392.231045945039,279.516286784061,163.019832142472].
[392.031836436678,279.239956389558,163.276644779622].
[391.829099162719,278.954942717962,163.537852221135].
[391.609598621276,278.649235421824,163.767712127531].
[391.308499125682,278.241198753065,164.007126255503].
[390.997108593955,277.825454768611,164.209158309214].
[390.736607142368,277.474865917608,164.388216320394].
[390.369470584824,277.057154102698,164.615621074163].
[389.752491056347,276.590881338655,164.842121235081].
[388.990627808649,276.173024501529,165.022527218446].
[388.402725508115,275.831881739461,165.132709281642].
[387.883397244537,275.583397995635,165.219533777342].
[387.212591227501,275.283215462272,165.363403139504].
[386.638543458357,274.863260691626,165.6223658737].
[386.263706445807,274.425519107728,165.929299825231].
[385.916075341465,273.946025388409,166.28290831081].
[385.430934039068,273.297649947769,166.750635367572].
[384.945606902005,272.696346192137,167.128152232693].
[384.560094073948,272.296422225199,167.271293859711].
[384.176548110307,272.053098833204,167.265269132607].
[383.680292144281,271.896582514131,167.217273774483].
[383.288739579792,271.740965565751,167.211236245316].
[383.114358775251,271.519174613675,167.331220079721].
[382.967217483058,271.185129546412,167.621301722746].
[382.675040372357,270.82609191311,167.974628722392].
[382.303829154749,270.472806344759,168.251574739678].
[382.011657181282,270.160244392713,168.398064828158].
[381.864521100806,269.974634410395,168.46817715045].
[381.717387626084,269.772441669558,168.585356725418].
[381.447925100601,269.40214275095,168.802912088407].
[381.1057509747,269.017200672481,169.02975710107].
[380.632738084187,268.749369226087,169.210161813109].
[379.971002866939,268.470125115494,169.320484578491].
[379.454653218328,268.142734149423,169.394557808476].
[379.105660865547,267.833742087686,169.456430980977].
[378.589069210485,267.506235526103,169.514352189604].
[377.949632022051,267.257991385431,169.545297554941].
[377.578096506943,267.129826933782,169.575286458654].
[377.38083899782,266.944071288638,169.701825685675].
[377.11125312247,266.573584918451,169.975848838993].
[376.841668417081,266.203100156116,170.249870803094].
[376.717179650557,266.032017783278,170.376408605979].
[376.694469795526,266.000808092685,170.399492256333].
[376.694469795526,266.000808092685,170.399492256333].
[376.744545687248,265.998987065645,170.438727529017].
[377.019015970839,265.990825788659,170.614567821775].
[377.636015894324,265.977370117697,170.920622033874].
[378.354649593215,265.981644514146,171.168808356282].
[378.945509226919,266.054311773287,171.327322066898].
[379.501537314193,266.244927993312,171.402172244693].
[380.161227575013,266.519665695632,171.429537639258].
[380.912707996718,266.792481522231,171.438607361347].
[381.672497016097,267.059660000139,171.404173169728].
[382.306181264949,267.507582062203,171.275640734514].
[382.994538603452,268.431208637702,170.883331955861].
[383.832978221022,270.031110924882,169.824013617296].
[384.924537855322,272.516073523799,167.915110704786].
[386.473893235853,275.616868526292,165.633482755581].
[388.514544530707,278.668869556176,163.695387610631].
[391.000616206067,281.283590523639,162.333091842379].
[393.772243970546,283.355210047929,161.468844633448].
[396.336992129557,284.942780993289,160.884774313157].
[398.519664837769,286.021222131773,160.540322085182].
[400.305153035785,286.786118148971,160.239218180794].
[401.341305984773,287.389713405199,159.861200225541].
[401.670772132712,287.68399408124,159.57748757378].
[401.703405368953,287.736849406977,159.432164281611].
[401.68639270358,287.724241679165,159.333319315638].
[401.678376414315,287.718300976112,159.292274030057].
[401.68639270358,287.724241679165,159.333319315638].
[401.703405368953,287.736849406977,159.42042816184].
[401.713724072105,287.744496380444,159.484998467565].
[401.693395501774,287.715092751945,159.560787685101].
[401.57164951198,287.561474811618,159.698609787411].
[401.313355697314,287.252793848542,159.870374994149].
[401.036838422926,286.940376960366,160.089681533971].
[400.784578701769,286.704993886224,160.359054954713].
[400.41702910268,286.49560163605,160.485012506937].
[399.865632161335,286.26641215466,160.421612866283].
[399.182143032349,286.106842626123,160.368372939559].
[398.552657298917,285.944327760976,160.523460709436].
[398.085421044766,285.629208846516,160.700629913789].
[397.678915874174,285.203032682914,160.820720371743].
[397.352000976095,284.816968906713,160.983206261196].
[397.013011335425,284.369376445263,161.277102718844].
[396.609330025681,283.821307839947,161.624351080402].
[396.105448142296,283.222527842309,161.943754512306].
[395.384343071517,282.548134204166,162.268088505661].
[394.517069890408,281.742545216525,162.673758890863].
[393.813626333245,280.918651842135,163.198648569245].
[393.068714987272,280.206781717472,163.648810896236].
[392.084967642026,279.520855375791,163.902386008995].
[391.078424694847,278.89993673309,164.064858125862].
[390.402022238851,278.371424037143,164.313844602399].
[389.926969762998,277.803393194651,164.709663674873].
[389.498185474487,277.213949254045,165.147606792716].
[388.993902783118,276.520718683931,165.647144739575].
[388.449563632265,275.857482109117,166.067289080496].
[387.78837560314,275.329763310288,166.307747481479].
[386.955548647793,274.898495767028,166.421382768537].
[386.116649936885,274.507893936543,166.478695569735].
[385.385042023733,274.216069532618,166.563500159687].
[384.910811864396,273.947328943935,166.722179798478].
[384.556719570013,273.553574819355,166.892094668708].
[384.246990724567,273.139072136315,167.050807207713].
[384.021190251417,272.828649765607,167.265930921951].
[383.826443373488,272.549617365082,167.568481041435].
[383.613299760018,272.24866767427,167.858885733652].
[383.301782524517,271.818636113218,168.193301935595].
[382.905674528555,271.275865470546,168.5815412818].
[382.451330815607,270.661052123755,168.955747447169].
[381.899552830098,269.923768136388,169.324225583636].
[381.258985705087,269.064514037099,169.782534673352].
[380.623705926607,268.201135990839,170.339908739465].
[379.991685546681,267.350765828539,170.928568844749].
[379.344939797192,266.604630584566,171.362347351693].
[378.638924500709,266.064205170272,171.566211880414].
[378.043838764979,265.82779306158,171.622126443848].
[377.774587502989,265.781997465056,171.629446787763].
[377.747312601317,265.813176159744,171.610676047391].
[377.877616390699,265.988592464755,171.522208765532].
[378.19626431793,266.410052847544,171.349222852632].
[378.639685475492,266.98867467253,171.162584236683].
[379.134268101996,267.633921980755,170.967999359423].
[379.692606670167,268.444328180808,170.680345523028].
[380.278769966251,269.582158024191,170.132092338501].
[380.978669005603,271.117091598169,169.275405996586].
[382.263247281036,273.124596946695,168.152404158923].
[384.391908358179,275.621198341388,166.820042966698].
[387.282485227907,278.454040343673,165.442385398613].
[390.715812364629,281.661794080008,163.828803180796].
[394.59290501222,285.325281278394,161.808854963632].
[398.823934235327,289.273580770036,159.577637440347].
[402.926908808498,293.107708624234,157.309808342272].
[406.36746046471,296.536165082403,155.120119125112].
[409.26222281522,299.321888502381,153.362041588466].
[411.422180886112,301.14283178197,152.287198026815].
[412.544590098035,301.959383848898,151.800723003723].
[412.881542629604,302.146220967158,151.665254870898].
[412.876833477016,302.030359915592,151.685942607162].
[412.61100033778,301.704916448309,151.763880945679].
[412.04640158181,301.253119676191,151.847170286433].
[411.470907951859,300.78600032499,151.94845859473].
[411.095996335045,300.397701641037,152.117953172438].
[410.760398121829,299.953282810323,152.427406862338].
[410.368803546549,299.414531241518,152.832076932062].
[409.932087354452,298.813701841757,153.283375246855].
[409.345266501427,298.09097720708,153.799791871636].
[408.443724055582,297.229871375736,154.306840522746].
[407.348535720212,296.434453855743,154.625430336289].
[406.336813035922,295.809057205423,154.834166679513].
[405.338909063548,295.163428126531,155.113238615177].
[404.388016579138,294.251796855322,155.547083276371].
[403.520509077638,293.150966019818,156.213525486668].
[402.689285363936,292.008943007838,157.031483174188].
[401.857993622908,290.866867277199,157.860086217403].
[400.992052437584,289.767077796166,158.5622987091].
[400.046809067895,288.859245280709,159.02218531707].
[399.101052772938,288.198246382336,159.301128104574].
[398.299383560245,287.488281310101,159.621626949375].
[397.507095860103,286.575005945223,160.121509772505].
[396.598026986986,285.708026983024,160.607702958296].
[395.661047774986,285.053353655865,160.934240483653].
[394.810759640423,284.360788580202,161.242604413708].
[393.820174451533,283.472583594966,161.658481885833].
[392.583889669504,282.49373605472,162.077201367022].
[391.291111640325,281.48946041292,162.492284693742].
[390.033758576459,280.4805964902,162.96882787411].
[389.023911089234,279.474347826526,163.591514542889].
[388.297016896227,278.644691264726,164.151314089314].
[387.551609375674,278.085751687895,164.414328699337].
[386.459105590338,277.592949761695,164.50661022748].
[385.376077941846,277.113305435837,164.6290969204].
[384.666045041172,276.603151430991,164.832505982172].
[384.128646249952,276.051072196989,165.073297160831].
[383.362034004032,275.505173461168,165.298334586971].
[382.268296845807,275.002046559098,165.539219681724].
[381.249859634812,274.514450001173,165.742857353884].
[380.552167965192,274.028862111497,165.873988107157].
[380.046716441314,273.587482240133,165.965928448097].
[379.348660124466,273.101765214347,166.10362467182].
[378.306515402752,272.582628394753,166.353220722423].
[377.132475990958,271.970210985743,166.694118614163].
[376.276394532398,271.301761709831,167.006385676706].
[375.72984399801,270.652025810589,167.36043524566].
[375.12401865415,269.818669190425,167.908613148704].
[374.408918344421,268.922373373917,168.460287566342].
[373.561775792692,268.231979386494,168.814681503791].
[372.417061579191,267.678476383268,169.037575688609].
[371.236147278441,267.087378692761,169.176469618143].
[370.454728893697,266.563576318183,169.238621149115].
[370.078929086293,266.245997508898,169.278360757023].
[369.95137944848,266.0726493663,169.384821212274].
[369.928706741587,265.951528365595,169.524735847688].
[369.928706741587,265.951528365595,169.48600577317].
[369.977317063614,266.091871910224,169.305487750637].
[370.19517341255,266.332146973905,169.27359419235].
[370.606128505131,266.66234285856,169.334426913851].
[371.05734914516,266.986614332323,169.241700634064].
[371.59139917356,267.433050323081,169.118450966864].
[372.368613903974,268.207183359728,169.026469897366].
[373.688682292121,269.211513292222,168.856706602894].
[375.425360764402,270.616052341888,168.373523021655].
[377.46394625224,272.833555818269,167.22273648748].
[380.151626076151,275.77881248389,165.562872246376].
[383.886386663883,279.01931150771,164.040001966562].
[388.506308139914,282.523072125852,162.540300033328].
[393.366904806693,286.497039913823,160.460205027616].
[398.166561163383,290.749305876512,157.940205809074].
[402.549190533402,294.849377065469,155.376807867129].
[406.287818484009,298.449350703884,153.046801544227].
[409.222407549851,301.249080558771,151.179533797676].
[411.352735624521,302.987013136094,150.014140550952].
[412.85534849901,303.746968292286,149.531215220355].
[413.543517205275,303.948801567682,149.418570969477].
[413.682425194126,303.973375959383,149.418570969477].
[413.639273196436,303.912682171805,149.502679636357].
[413.445879360025,303.64067148738,149.743029702339].
[413.125036263706,303.190788826171,150.05644859182].
[412.92272133566,302.912446142798,150.228060116669].
[412.864860944433,302.841312653869,150.263951212168].
[412.953712108839,302.800368521699,150.338658839046].
[413.389906395519,302.6438348426,150.673475193895].
[414.112351080333,302.388083848522,151.225494039913].
[414.54860592993,302.231576140891,151.549768119749].
[414.637728518498,302.190748404766,151.577228547921].
[414.623467627751,302.180500608049,151.499331086436].
[414.614817960277,302.174285005145,151.452083887731].
[414.590320534657,302.141855179794,151.454225666484].
[414.489180357474,302.002730388868,151.51107165162].
[414.320482036067,301.771951302459,151.615402336355].
[414.210618878706,301.626547287212,151.719787837797].
[414.153049239651,301.555510648663,151.823515802233].
[414.051911804412,301.416389629455,151.938440088284].
[413.897599766668,301.195969452258,152.090250606332].
[413.805185311608,301.063127657371,152.225528190511].
[413.761998659113,301.004457388511,152.285817014497].
[413.636328268206,300.874357280694,152.296443437772].
[413.263708924841,300.659858465615,152.268068975947].
[412.551417128826,300.531216747077,152.140903460513].
[411.710167832971,300.508723536478,151.931242970316].
[411.255770678111,300.519499656678,151.804077454881].
[411.137279745083,300.494978844958,151.799005657867].
[411.036101682959,300.357250048639,151.903440956053].
[410.869287259806,300.127769175134,152.075625653585].
[410.768109197681,299.988581989536,152.180060951772].
[410.745533320476,299.957525130523,152.203363616581].
[410.722958055608,299.926469113882,152.22666564934].
[410.621782737791,299.787285703533,152.331098114871].
[410.454972839235,299.557811054362,152.503278142145].
[410.353797521418,299.418627644012,152.607710607676].
[410.286073563729,299.325462121068,152.666573018697].
[410.083731160569,299.047106625503,152.836985368497].
[409.748052201851,298.586684177928,153.149228873339].
[409.491257886152,298.239519819948,153.425708248718].
[409.22838908797,297.887971266552,153.669945899951].
[408.885391044446,297.422255177201,153.943449935163].
[408.680913757137,297.142347459584,154.102641333169].
[408.635751196891,297.080224476034,154.138161735301].
[408.539783482057,297.080224476034,154.120911597704].
[408.06452041514,297.054040161643,154.043601844575].
[407.152991373735,296.936690206022,153.916139610158].
[406.346184305189,296.682648423392,153.885451736625].
[405.855182566208,296.293867592438,154.07714636725].
[405.492447172745,295.820169420361,154.433044341818].
[405.29983136141,295.548738545028,154.693108558849].
[405.256852964579,295.488174130345,154.824012161042].
[405.256852964579,295.488174130345,154.875131609852].
[405.2117089668,295.42606079558,154.933194170722].
[405.009387605364,295.147688142041,155.142293066363].
[404.675816073248,294.688729226969,155.487038863286].
[404.473494711811,294.41035657343,155.696137758927].
[404.428350714033,294.348243238664,155.742794028998].
[404.424441079759,294.427574913181,155.658808733997].
[404.360087286644,294.800342413695,155.256720765513].
[404.12131219199,295.465333359309,154.521005199345].
[403.757745945253,295.955321737294,153.954769666682].
[403.546187849166,296.125244071538,153.755640861761].
[403.55452085216,296.218862273996,153.694795629816].
[403.773337046133,296.510586114667,153.537249728741].
[404.116868588889,296.976689536966,153.277500450528].
[404.321385271142,297.256665215465,153.119954549453].
[404.366519717823,297.318781681193,153.084801307316].
[404.364298362064,297.317209999976,153.084801307316].
[404.354342936242,297.310166213441,153.084801307316].
[404.292777997139,297.236419195287,153.119954549453].
[404.080468856517,296.95091113738,153.277500450528].
[403.744622626965,296.49022948882,153.537249728741].
[403.542268912166,296.211765217447,153.694795629816].
[403.451969057094,296.104737562586,153.739464057849].
[403.249626898362,295.903537162947,153.782108162481].
[402.866940775012,295.554577432666,153.873915012952].
[402.395529464583,295.276129063901,154.01290919451].
[401.724822155718,295.077853161547,154.181278801669].
[400.950096139192,294.883984224969,154.277628878596].
[400.364525236448,294.674472403599,154.299127486691].
[400.123506040691,294.557851436147,154.299127486691].
[400.031578515182,294.549084047511,154.262046886842].
[399.809932582897,294.705852705077,154.024145462694].
[399.437665238596,295.189372620404,153.416548258498].
[399.195277367563,295.853690449706,152.665806080473].
[399.121463613089,296.226971888367,152.217235569403].
[399.1091719533,296.306412288307,152.090885551509].
[399.106779191269,296.306412288307,152.078695434803].
[399.111554214986,296.309735028775,152.103022173375].
[399.132954386589,296.324626518411,152.212047051753].
[399.168237304707,296.349178434127,152.39179868777].
[399.18963747631,296.364069923764,152.500823566148].
[399.194412500027,296.367392664231,152.52515030472].
[399.194412500027,296.367392664231,152.52515030472].
[399.198333308578,296.350079745893,152.561964629323].
[399.215905153408,296.272488628999,152.72695498553].
[399.244876227745,296.08243797944,153.045843948256].
[399.262448072576,295.726424059114,153.420872485574].
[399.266368881127,295.250069542509,153.803981227036].
[399.28893169077,295.002708525223,153.990586840902].
[399.390051188143,295.079793267983,153.932435213373].
[399.556769054345,295.309310548354,153.759290659448].
[399.678106894039,295.477941073958,153.630839893187].
[399.791282027478,295.640859791076,153.502386625347].
[399.940676493109,295.858255117857,153.317249477905].
[400.028933331393,295.988463340504,153.146465427625].
[400.038595120037,296.01049560055,152.980497584255].
[400.021190305446,295.998313202248,152.837809566447].
[400.01063375177,295.990924204169,152.771862442016].
[400.008278266257,295.989275495844,152.759822374292].
[400.008278266257,295.989275495844,152.759822374292].
[400.008278266257,295.989275495844,152.759822374292].
[400.008278266257,295.989275495844,152.759822374292].
[400.008278266257,295.989275495844,152.759822374292].
[400.008278266257,296.006555862488,152.736424291426].
[400.030859604006,296.097802107639,152.617845731098].
[400.15464413743,296.318421854929,152.373803663949].
[400.422704406235,296.637144723784,152.124198364632].
[400.690766597076,296.945945742712,151.967781838183].
[400.814553432215,297.099047923261,151.910669388334].
[400.837135431055,297.130130214676,151.900986248543].
[400.837135431055,297.130130214676,151.900986248543].
[400.837135431055,297.130130214676,151.900986248543].
[400.883908858056,297.112842037506,151.926187380259].
[401.093532814628,297.035361802837,152.039131016834].
[401.439144290676,296.905996629574,152.225343592846].
[401.646446478657,296.819618686515,152.326328234328].
[401.682814460746,296.783045690567,152.297932868443].
[401.665658782388,296.763740044821,152.209567182811].
[401.655253337476,296.754817395298,152.15597068521].
[401.652931568886,296.753188369477,152.144011690116].
[401.652931568886,296.753188369477,152.144011690116].
[401.652931568886,296.753188369477,152.144011690116].
[401.652931568886,296.753188369477,152.144011690116].
[401.652931568886,296.753188369477,152.144011690116].
[401.652931568886,296.753188369477,152.144011690116].
[401.652931568886,296.753188369477,152.144011690116].
[401.650599522706,296.751552132576,152.13199975708].
[401.640148016829,296.744219027538,152.078166008078].
[401.622916396779,296.732128781283,151.989409161016].
[401.612464890902,296.724795676246,151.935575412013].
[401.610132844722,296.723159439344,151.923563478977].
[401.610132844722,296.723159439344,151.923563478977].
[401.560936112404,296.723159439344,151.907474276242].
[401.291228208384,296.723159439344,151.835367472195].
[400.664305038502,296.697099273723,151.7164834506].
[399.843076245162,296.518092622673,151.691111935344].
[398.959963685918,296.001725559289,151.893799589863].
[397.913869607609,295.159634583889,152.315045415687].
[396.662122227931,294.190533972198,152.755502086022].
[395.297298984889,293.173933860905,153.156672901178].
[393.685094056715,292.065985653555,153.543782817158].
[391.88352664789,290.697101879266,154.132216758139].
[390.074592577195,289.066020189443,155.028871621861].
[388.280302312661,287.408841161841,155.941177831107].
[386.645189530395,285.945202225984,156.635840784688].
[385.152084279295,284.628513699222,157.232528470987].
[384.004106362821,283.441579126341,157.910693305432].
[383.17206869446,282.469288257174,158.521545114812].
[382.432175494941,281.833706427028,158.855875600463].
[381.750896158358,281.495694247847,159.015667271466].
[381.404081020904,281.26123670272,159.171417372411].
[381.309093934609,280.999731340533,159.324477535743].
[381.207554536915,280.769756329028,159.482519782914].
[381.017488438247,280.549530958568,159.663502273264].
[380.814412189322,280.368530020682,159.768010067555].
[380.62434972087,280.287908661528,159.791328908432].
[380.522812869639,280.27370638542,159.791328908432].
[380.52422698222,280.225580338432,159.838645785024].
[380.632101446345,280.007775836427,160.050705313691].
[380.809956369915,279.642675213042,160.400332369258].
[380.91783083404,279.411335347317,160.612391897924].
[380.938916555296,279.35158661134,160.659708774516].
[380.925541737662,279.339930486325,160.659708774516].
[380.880821567014,279.293022021889,160.668985863229].
[380.765852127169,279.143729142412,160.710562890318].
[380.59536658734,278.911183516785,160.779111819253].
[380.471103676535,278.740245358567,160.843963211119].
[380.346842630973,278.56930976621,160.957548766075].
[380.179345374882,278.338897712626,161.129524353084].
[380.032418183568,278.136782187467,161.2803798988].
[379.806572655077,277.826105265192,161.512263800911].
[379.44892333642,277.348778514074,161.856202782382].
[379.091259978684,276.995251542611,162.058828033614].
[378.64135335003,276.796166636002,162.078555403474].
[378.148879142907,276.639886727427,162.034337177762].
[377.889126184136,276.424071690806,162.045877291441].
[377.814959798504,276.127269715293,162.211809806131].
[377.719655395884,275.749908669395,162.504254435692].
[377.539840298187,275.329696153667,162.739749406223].
[377.315640148293,274.950240359504,162.956736085744].
[376.959339227328,274.573909360349,163.219782540481].
[376.407707970381,274.126668630671,163.491473481017].
[375.724291479837,273.583836932609,163.803136022072].
[375.13568315718,272.995673181312,164.133454054537].
[374.785244897644,272.56169479079,164.392807377879].
[374.549530069346,272.23749977071,164.618991982359].
[374.346165234419,271.957797949578,164.827295836229].
[374.15583246379,271.696020034112,165.022251122644].
[374.054151174274,271.556170674891,165.126401894238].
[374.03146301186,271.524966064971,165.149641072583].
[374.03146301186,271.524966064971,165.149641072583].
[374.03146301186,271.524966064971,165.149641072583].
[374.03146301186,271.524966064971,165.149641072583].
[374.028251720546,271.524966064971,165.135039544691].
[373.959204791919,271.587362656506,164.969059712639].
[373.690530025146,271.898239397368,164.387341690366].
[373.272289750126,272.49927516119,163.474867372258].
[373.024132103712,273.009711632221,162.837982955289].
[373.016268026442,273.192989321693,162.657192101454].
[373.272806145556,273.121873220007,162.76512159008].
[373.828451199734,272.903381098206,163.049694218782].
[374.384227873299,272.68366634143,163.334932310721].
[374.640923611928,272.572363578412,163.466894760316].
[374.68775972509,272.545202271174,163.491009834433].
[374.68775972509,272.545202271174,163.491009834433].
[374.68775972509,272.555625446977,163.491009834433].
[374.594132769756,272.60629642254,163.443008574822].
[374.171231218232,272.769148543146,163.212930514752].
[373.351798318225,273.029458235672,162.78238630633].
[372.28269860451,273.204021756267,162.395869396327].
[370.670428789496,273.284671670805,162.10335471967].
[368.462493282735,273.379499290534,161.7529315662].
[365.630187623466,273.529517504536,161.171260252026].
[362.02308024066,273.694309290566,160.283972525844].
[357.678336373089,273.781648699679,159.364796645285].
[352.490993827953,273.800057407005,158.613492061861].
[346.182838511397,273.827862404401,157.757459987327].
[338.707103886702,274.003415730728,156.543288331354].
[330.058394887322,274.507692524587,154.893326140492].
[320.475696102877,275.33268549018,152.868372421612].
[309.893122433405,276.206122283725,150.168893991598].
[298.351237575484,276.90399301843,146.483320644075].
[286.540551801125,277.459154529647,142.313979088776].
[274.958605809967,277.718948976219,138.574614883797].
[263.718270195887,277.610859142773,135.862212302554].
[252.730702713439,277.021472468045,134.511510955635].
[241.88863259438,275.777591871509,134.148915002965].
[231.224062716571,273.676128761606,134.34624874721].
[220.937087313866,270.256605827105,135.402956860077].
[211.441430573066,265.240825136742,137.741615485613].
[202.50895320592,258.930567737905,140.87502663275].
[193.771668728261,251.716138301285,144.127127263363].
[185.251692771723,243.966400944655,147.405133678395].
[177.51015774555,236.013563430668,150.764788009591].
[170.679222658926,228.302111937872,153.763069200168].
[164.396722829999,220.834485571221,156.217588139706].
[158.681179389795,213.613806149644,158.001027469342].
[153.693252688513,207.177905330778,158.733740350138].
[149.701046843216,201.922479301972,158.476446793857].
[146.6246868966,198.009186607054,157.150137917531].
[144.60274795937,195.830572375329,154.480532967825].
[143.744510767976,195.253195875039,150.333939909178].
[143.676567503224,195.989893776516,144.668356659067].
[144.243829882613,198.242467198247,137.971040897473].
[145.427555869598,201.669154385674,131.494421459768].
[146.741612486718,204.979694359714,126.702117266082].
[147.946084588993,206.940181831063,124.135183992975].
[148.95570359582,207.447963557275,122.503461292077].
[149.670271740226,206.770388827907,121.003121375859].
[150.296625582912,204.980587014692,120.182791644566].
[151.028453616444,202.796332889861,120.002365943653].
[151.891828275576,200.965626010658,120.050630192893].
[152.609165207709,199.411994944444,120.235949035997].
[153.157874081694,197.900677676759,120.685390126601].
[153.716849226166,196.008139354395,121.620937605417].
[154.261381936359,193.760351571686,122.9956897025].
[154.669818213324,191.652642985837,124.060356376193].
[155.091999328506,189.987107001764,124.6340467078].
[155.687604361443,188.458178705978,124.840962530067].
[156.416882333919,186.989345458181,124.863685380167].
[157.129796098601,185.637885310599,124.850177287159].
[157.742653332728,184.68571872405,124.847113237178].
[158.236838123599,184.11829064782,124.846889210877].
[158.778067084173,183.684914598904,124.746016337441].
[159.26839288148,183.497868663699,124.248580856098].
[159.532251700923,183.645351992768,123.296224695481].
[159.645848864333,183.973667095037,122.500095222285].
[159.726806275047,184.124781174345,122.2645374992].
[159.898066315153,183.954007132804,122.552201391308].
[160.163877793321,183.599191336683,123.103615949385].
[160.300377751387,183.364631615673,123.43806578507].
[160.225551282343,183.215559717828,123.536074901378].
[160.042872733525,183.008388263471,123.640871451045].
[159.871353029323,182.815854435355,123.809216579542].
[159.525033052199,182.679274054505,123.894136067183].
[158.854659509886,182.427171910762,123.884747603133].
[158.216989902682,182.035132785773,123.864870541107].
[157.934557057692,181.79734903666,123.860435369074].
[157.860349861973,181.710603639402,123.860435369074].
[157.6639313024,181.55962148972,123.855996008809].
[157.03683181315,181.310694008045,123.808937325397].
[155.980326509331,181.15457781005,123.630527801823].
[154.875022464023,181.116329607754,123.302939996468].
[153.838537391943,181.168685748766,123.024249540552].
[152.710323581229,181.327089004644,122.997561671979].
[151.551212059167,181.528889251862,123.176596137307].
[150.424663863119,181.761315096906,123.398774802317].
[149.159166633168,182.026411082464,123.638871656919].
[147.964177269856,182.263182035362,123.874562337252].
[146.973106696302,182.464068682814,124.122357782531].
[146.104232533747,182.710885561679,124.341575970309].
[145.287564176335,183.040491736836,124.468058708852].
[144.452324894556,183.446943925381,124.4410997705].
[143.62330374555,183.871796753366,124.389290564694].
[142.648069012201,184.170416460482,124.389302351299].
[141.737262467579,184.317240733928,124.409086862912].
[141.1032301786,184.432884562418,124.440810561109].
[140.60370445232,184.601892869335,124.569819944699].
[140.186175904605,184.754731137036,124.775390423758].
[139.986249193661,184.832810537602,124.910325067343].
[139.947102269872,184.895720294033,124.959598956366].
[139.908044236293,184.980426722911,124.983950736564].
[139.64881139285,185.028395074627,124.996736873046].
[138.982909966092,184.991136404127,124.998307309413].
[138.185802415602,184.816056005601,124.996081971459].
[137.804751121971,184.553646919535,124.995033402504].
[137.903235937141,184.418779527942,124.996081971459].
[138.273649629482,184.467952242023,124.998307309413].
[138.612472671255,184.604167028592,124.999657045111].
[138.771888535774,184.62683837248,124.999958211853].
[138.840833196425,184.365010351855,124.993464151504].
[138.855232967127,183.870077340763,124.964359792214].
[138.776654503041,183.527310104648,124.916374815984].
[138.742397023099,183.48924912687,124.863508285222].
[138.794889594822,183.714510936206,124.750519560702].
[138.839354395967,184.16606163491,124.574939542666].
[138.785850037691,184.667899144858,124.474595037587].
[138.501595338849,184.927637655148,124.4783959669].
[138.032938570572,184.980709696484,124.523839837451].
[137.74868387173,184.980709696484,124.551402938236].
[137.685258075254,184.980709696484,124.557553097328].
[137.685258075254,184.980709696484,124.557553097328].
[137.685258075254,184.980709696484,124.557553097328].
[137.660807624516,184.962273706055,124.557553097328].
[137.551228306676,184.879649329249,124.557553097328].
[137.310757956998,184.74342476173,124.581358003314].
[136.915357551828,184.675822181619,124.688044190293].
[136.369253783615,184.724709213256,124.87070608301].
[135.945328476875,184.835706111744,125.00771585758].
[135.696381364528,184.892753496759,125.105362847759].
[135.498234373181,184.861723083191,125.242561007179].
[135.388845649745,184.752388599351,125.425533494006].
[135.364437726367,184.529988873487,125.549405313464].
[135.378742762609,184.141901589491,125.652782665103].
[135.481655050581,183.728324473765,125.790053979259].
[135.821028945556,183.40752161227,125.875981761354].
[136.457839795374,183.11274484402,125.918690952403].
[137.197974553572,182.703716299816,126.078358868386].
[137.775328483327,182.05073315505,126.410550413513].
[138.213692520871,181.170548921137,126.754958362128].
[138.689544853687,180.292218558712,127.041513188908].
[139.360121113294,179.667498805075,127.245011751289].
[140.11390022456,179.214644224073,127.338670135531].
[140.832431110895,178.885026830096,127.350115209476].
[141.436762686759,178.746710271664,127.301994310242].
[141.84822433098,178.785429884466,127.146035379615].
[142.119181846227,178.988088859065,126.853364336352].
[142.338737360287,179.267799697874,126.570539872827].
[142.477340400945,179.45887903495,126.417293451777].
[142.676361479662,179.650049290822,126.264429866236].
[143.170526902582,179.963757914327,125.983180212402].
[143.930015466629,180.317623098803,125.671405629192].
[144.733433308875,180.631449085245,125.420147145359].
[145.495183134577,180.796365521899,125.186227821152].
[146.131967518342,180.862366368861,124.968753830359].
[146.816887622672,180.930439365182,124.768776137104].
[147.571714390899,181.028425264645,124.662674345081].
[148.003294248943,181.143767314437,124.587765039752].
[148.10704634776,181.209339019859,124.357643206842].
[148.111197230357,181.223970044991,123.978236446072].
[148.111197230357,181.223970044991,123.748114613162].
[148.151287841118,181.197707963134,123.696767491731].
[148.330961493188,181.080009477914,123.695563362399].
[148.66737532926,180.871510012239,123.690166829135].
[149.027132498912,180.677266482987,123.680224844104].
[149.36413063561,180.491385334174,123.670146712225].
[149.523619025951,180.327606539867,123.609448933177].
[149.471500133416,180.207101846785,123.372727889669].
[149.319321582876,180.107608209062,122.989114915381].
[149.227020626224,180.05441688941,122.757075470487].
[149.242560904123,180.028192540728,122.75619166232].
[149.404508554387,179.963854483513,122.984270153811].
[149.671515090118,179.824078949759,123.38378474181].
[149.833462740382,179.608707924672,123.717078627193].
[149.869598145521,179.345340896953,123.941440675439].
[149.869598145521,179.19430792908,124.04665606933].
[149.869598145521,179.160607918771,124.070132797019].
[149.869598145521,179.160607918771,124.070132797019].
[149.894331623905,179.19430792908,124.04665606933].
[150.005179383648,179.345340896953,123.941440675439].
[150.187936442946,179.594352163662,123.767969817526].
[150.298784202689,179.745385131535,123.662754423634].
[150.323517681072,179.779085141844,123.639277695945].
[150.323517681072,179.779085141844,123.639277695945].
[150.323517681072,179.779085141844,123.639277695945].
[150.323517681072,179.779085141844,123.639277695945].
[150.323517681072,179.779085141844,123.639277695945].
[150.323517681072,179.779085141844,123.639277695945].
[150.323517681072,179.779085141844,123.639277695945].
[150.323517681072,179.779085141844,123.639277695945].
[150.323517681072,179.779085141844,123.639277695945].
