[466.034677816577,378.95294059559,93.5548279532093].
[466.041970776382,378.84792970832,93.7490812938369].
[466.097128803375,378.344291221556,94.3165721541285].
[466.36525376986,377.284188826768,95.2626593706198].
[466.929128898127,376.092382252711,96.2091170488981].
[467.477124310258,374.907638367818,97.2623796355991].
[467.724417543872,373.641919283996,98.3607517273407].
[467.768547565245,372.619087460258,99.0910850270625].
[467.768547565245,371.868099223617,99.5288297346181].
[467.770330877877,370.951847600342,100.138130763869].
[467.895584142978,369.975976851873,101.007332331625].
[468.627276645953,369.310571976776,101.980485668929].
[470.483916225597,368.768313387183,103.277109544846].
[473.155350809194,368.08462624996,105.017229580236].
[476.058836454896,367.310522124435,106.953489624322].
[479.154979154136,366.315048469386,109.257527924552].
[482.028632562994,365.250045459621,111.573663898138].
[484.053274085964,364.358940139777,113.356717143338].
[485.296808657373,363.542430379497,114.698640927015].
[486.274953365324,362.690217232913,115.903637724926].
[487.332459422155,361.952290879412,117.151296363487].
[488.409454722007,361.431081546257,118.246716970831].
[489.411968141788,361.038477489863,119.117403407141].
[490.637653605447,360.575889986021,120.112140807314].
[491.768317090516,360.149886557025,121.03504517929].
[492.220629818892,359.940508033551,121.448794680242].
[491.931142332648,359.833185554061,121.436168934611].
[491.097589767836,359.678168096278,121.237131718359].
[490.263918944962,359.523128645804,121.03806626423].
[489.830677581117,359.468740775598,120.902419018606].
[489.543830469124,359.532827554288,120.685671071527].
[489.185361960612,359.660026842106,120.344436221802].
[488.965712439199,359.736515570589,120.122524365571].
[488.914391096631,359.688168191622,120.099545054002].
[488.863520790253,359.40239538453,120.222678057579].
[488.649364811857,358.918577809355,120.412973191669].
[488.209182539134,358.532243443391,120.541049731847].
[487.580280052381,358.220980988164,120.581087102093].
[486.841778715149,357.910015132446,120.601086160941].
[486.420191308813,357.622761031402,120.693333312623].
[486.420169876038,357.315858497863,120.951254156995].
[486.942753879965,357.015170897654,121.437264112523].
[488.123380808725,356.722896810815,122.203280504144].
[489.540673147422,356.496244922107,123.152683624657].
[490.804469367239,356.280890806523,124.012004235817].
[491.959601274362,355.915730159561,124.856515112693].
[492.957218431003,355.424501689964,125.823678960064].
[493.783587916869,355.01612198027,126.681606982783].
[494.564266065163,354.704120879873,127.408210775939].
[495.045607934954,354.511257479104,127.880547234481].
[495.370055905535,354.256460110523,128.390749520329].
[495.746180696032,353.72231542887,129.21548368333].
[495.975465545241,353.112497290155,129.946734143525].
[496.027444685649,352.802854732472,130.26147621886].
[496.027733702447,352.741566161971,130.320714235872].
[496.00553180446,352.710931151932,130.348481567755].
[495.906029800909,352.573634562271,130.461385955925].
[495.719489334531,352.347270754503,130.647533822256].
[495.519196847829,352.209974164842,130.760438210426].
[495.258319582109,352.214821037336,130.70757368475].
[494.83260684627,352.373839802474,130.357746929652].
[494.274411220293,352.636017422997,129.780980117461].
[493.854090483713,352.830335944727,129.35041885511].
[493.354044186851,353.02402036056,128.910534996466].
[492.649139437621,353.284852242292,128.313983193254].
[492.174237835473,353.46101001339,127.915104372347].
[491.866607802372,353.576779562968,127.668314939451].
[491.516697132878,353.709451822314,127.39453665144].
[491.234190698233,353.789921615301,127.210929867841].
[490.871471837606,353.794657211948,127.091680742364].
[490.349938762802,353.735410890698,126.942594384475].
[489.982677938357,353.655103776544,126.784999639624].
[489.669318313315,353.690745627034,126.51566171098].
[489.178874119498,353.882202248704,126.020958062034].
[488.674257796079,354.085865992559,125.506974594147].
[488.342805145939,354.179541632075,125.242629806599].
[488.212621721934,354.196566928211,125.180869709995].
[488.18801849071,354.196566928211,125.176983410276].
[488.235441772585,354.178902191025,125.217776716358].
[488.497890192528,354.082080792481,125.44136707632].
[489.066159001506,353.872437385803,125.925498120364].
[489.634339559109,353.662826536462,126.409553979514].
[489.896682294478,353.566044126639,126.633054302538].
[489.992356915934,353.531043350708,126.71456335889].
[490.206680913751,353.453003313976,126.897154588934].
[490.560437551828,353.323500995784,127.201602965052].
[490.776536764859,353.243575456432,127.399460312858].
[490.8272857479,353.225200722797,127.465371496335].
[490.829060963114,353.226228219467,127.480637614097].
[490.829457067169,353.228408836512,127.484043945398].
[490.826307579993,353.247386487007,127.443462028486].
[490.812192557739,353.388340660766,127.212723385136].
[490.788920820312,353.794573960425,126.693872059027].
[490.774805798057,354.328381428686,126.150944265562].
[490.771656310881,354.621815691188,125.891373083211].
[490.771245830905,354.683048903367,125.83897666891].
[490.769406187283,354.681697898031,125.823141497054].
[490.766373127713,354.679470466796,125.797033712389].
[490.764533484091,354.67811946146,125.781198540533].
[490.764533484091,354.677818011423,125.781198540533].
[490.766373127713,354.677818011423,125.797033712389].
[490.817214602884,354.660457311778,125.863897927985].
[491.081094827403,354.565001093857,126.103121361136].
[491.648891082856,354.357615795448,126.590348150879].
[492.216188798919,354.149386603458,127.073966565988].
[492.478491353531,354.053194754451,127.300463710656].
[492.527916180649,354.036776104047,127.355530271545].
[492.530631129782,354.0388078392,127.379166258304].
[492.532277829671,354.040040148863,127.393502208945].
[492.484887646891,354.057978702234,127.356129843755].
[492.267726321801,354.154515967527,127.13018789652].
[491.90083037932,354.42474445277,126.587399021071].
[491.663693280616,354.909453791481,125.876593824532].
[491.601923395175,355.461952665473,125.303604031804].
[491.598796834177,355.756492279869,125.056477246184].
[491.598796834177,355.818336163652,125.01117912165].
[491.598796834177,355.818336163652,125.01117912165].
[491.598796834177,355.818336163652,125.01117912165].
[491.598796834177,355.818336163652,125.01117912165].
[491.598796834177,355.818336163652,125.01117912165].
[491.646591516779,355.800654214774,125.051950373779].
[491.908556826001,355.703738471156,125.275419870589].
[492.475779617989,355.493890767099,125.759289251162].
[493.042914374848,355.284075632201,126.243083533371].
[493.304774258459,355.187198891463,126.466463096868].
[493.330380808996,355.138897127312,126.533017575707].
[493.231076205655,355.001618430699,126.648685744737].
[493.067350593849,354.77528412358,126.839390315358].
[492.968045990509,354.638005426968,126.955058484388].
[492.945888138462,354.638273102429,126.95820904659].
[492.872887370012,354.812129038504,126.775463391462].
[492.545720623925,355.198992623594,126.244137331939].
[492.006313850585,355.59887803887,125.542617404087].
[491.679147104498,355.788328140865,125.156057739453].
[491.606146336048,355.823705742142,125.074860413167].
[491.606146336048,355.823705742142,125.074860413167].
[491.606146336048,355.823705742142,125.074860413167].
[491.606146336048,355.823705742142,125.074860413167].
[491.606146336048,355.823705742142,125.074860413167].
[491.606146336048,355.823705742142,125.074860413167].
[491.606146336048,355.823705742142,125.074860413167].
[491.606146336048,355.823705742142,125.074860413167].
[491.606146336048,355.823705742142,125.074860413167].
[491.606146336048,355.823705742142,125.074860413167].
[491.606146336048,355.823705742142,125.074860413167].
[491.606146336048,355.823705742142,125.074860413167].
[491.628677530453,355.854624470079,125.052186888203].
[491.729655338156,355.993192595142,124.954002153195].
[491.896139597586,356.221652810376,124.801842674366].
[491.997512065046,356.360508523057,124.725578497007].
[492.02181200177,356.392716129276,124.718281441134].
[492.024728164855,356.394841130315,124.721712395145].
[492.003969787752,356.365215010402,124.744409886384].
[491.903404902604,356.226951188496,124.84613298479].
[491.736950753438,355.99851853253,125.013846020853].
[491.635991208533,355.859967123007,125.11556911926].
[491.635596548776,355.859679535389,125.11556911926].
[491.734787351361,355.99694206663,125.013846020853].
[491.898325337442,356.223249721557,124.842702030779].
[491.997516140027,356.360512252798,124.725602463281].
[492.019648599693,356.391139663376,124.677553460383].
[492.019648599693,356.391139663376,124.662176991291].
[492.019648599693,356.391139663376,124.65874603728].
[492.019648599693,356.391139663376,124.65874603728].
[492.019648599693,356.391139663376,124.65874603728].
[492.020043259451,356.391427250994,124.662176991291].
[492.02181200177,356.392716129276,124.677553460383].
[492.024728164855,356.394841130315,124.702904972043].
[492.003969787752,356.365215010402,124.740978932373].
[491.903404902604,356.226951188496,124.84613298479].
[491.736950753438,355.99851853253,125.013846020853].
[491.635991208533,355.859967123007,125.11556911926].
[491.635596548776,355.859679535389,125.112138165249].
[491.734787351361,355.99694206663,124.995038597751].
[491.920464511653,356.253883715315,124.779300247527].
[492.118876209325,356.528438281561,124.56058374718].
[492.304596269219,356.78542199055,124.363495556912].
[492.403817164306,356.922714025554,124.246543420771].
[492.425956338517,356.953348019312,124.198586142412].
[492.425956338517,356.953348019312,124.18325093912].
[492.425956338517,356.953348019312,124.179829192754].
[492.425956338517,356.953348019312,124.179829192754].
[492.425956338517,356.953348019312,124.179829192754].
[492.425956338517,356.953348019312,124.179829192754].
[492.425956338517,356.953348019312,124.179829192754].
[492.380885505213,356.891502716349,124.22512835678].
[492.178892044202,356.614331298007,124.428145125091].
[491.845861128492,356.157352884957,124.762863189313].
[491.643867667481,355.880181466615,124.965879957624].
[491.598796834177,355.818336163652,125.01117912165].
[491.598796834177,355.818336163652,125.01117912165].
[491.598796834177,355.818336163652,125.01117912165].
[491.598796834177,355.818336163652,125.01117912165].
[491.598796834177,355.818336163652,125.01117912165].
[491.598796834177,355.818336163652,125.01117912165].
[491.598796834177,355.818336163652,125.01117912165].
[491.598796834177,355.818336163652,125.01117912165].
[491.598796834177,355.818336163652,125.01117912165].
[491.598796834177,355.81862874492,125.01117912165].
[491.598796834177,355.819940003194,125.01117912165].
[491.599197298866,355.8221019026,125.014649031455].
[491.600992057086,355.823413160873,125.030200088304].
[491.603951113139,355.823705742142,125.055839446513].
[491.605745871359,355.823705742142,125.071390503362].
[491.46586819808,355.797575813338,125.042758393843].
[490.837185200341,355.680469597011,124.898887124706].
[489.800662169441,355.48739408722,124.657861720862].
[489.194519157078,355.401221609737,124.477972586525].
[489.155258225212,355.513727080217,124.332972878498].
[489.32180744162,355.742298211889,124.176266856585].
[489.445364926385,355.89413890069,124.087786748598].
[489.569362027262,355.984556931288,124.068896922801].
[489.7852536934,356.083486326356,124.086687889541].
[490.101831406508,356.144901966209,124.166421470729].
[490.476391176712,356.159462025747,124.297879922023].
[490.641334930094,356.177190877579,124.33711063298].
[490.474425530383,356.255291309041,124.173380328888].
[490.121130882255,356.384057151642,123.874102348584].
[489.859003733125,356.479897514945,123.652052894423].
[489.596772544655,356.576828935363,123.429915307924].
[489.19538407479,356.725661309165,123.08989676755].
[488.766414113608,356.884720730165,122.726513783194].
[488.364834547843,357.033623961151,122.386333364355].
[488.15028254386,357.113178523511,122.204585096266].
[488.102409520852,357.130929545751,122.164031576101].
[488.102409520852,357.130929545751,122.164031576101].
[488.102409520852,357.130929545751,122.164031576101].
[488.102409520852,357.130929545751,122.164031576101].
[488.102409520852,357.130929545751,122.164031576101].
[488.102409520852,357.130929545751,122.164031576101].
[488.149820801964,357.113178523511,122.200651068636].
[488.362303422337,357.033296026145,122.364768248091].
[488.7126280382,356.900663024268,122.635351732747].
[488.925110658573,356.818685331752,122.799468912202].
[488.924627430571,356.817203577309,122.795374593568].
[488.709979132546,356.896376192638,122.612907951044].
[488.356083917873,357.027450441008,122.31207131632].
[488.141435619848,357.106950991343,122.129604673795].
[488.093541110734,357.124689961871,122.088890862627].
[488.141435619848,357.106950991343,122.129604673795].
[488.381403757752,357.009722638066,122.352759496069].
[488.848774622076,356.79919788901,122.835947901266].
[489.250512637386,356.588705608225,123.319061786519].
[489.41188279615,356.49151613701,123.54212736816].
[489.41188279615,356.491186774498,123.54212736816].
[489.2984071465,356.569490537324,123.359775597687].
[489.111317429215,356.699524690065,123.059128354959].
[488.997841779565,356.779932768461,122.876776584486].
[488.972521939685,356.798807309263,122.836088404737].
[488.972521939685,356.737241288732,122.881478951238].
[488.927419570703,356.459845427045,123.08490526739].
[488.725284776592,356.002496969476,123.420298561849].
[488.39202084199,355.725101107788,123.623724878].
[488.189886047879,355.663205724746,123.669115424502].
[488.144783678897,355.663205724746,123.669115424502].
[488.144783678897,355.663205724746,123.669115424502].
[488.144783678897,355.663205724746,123.669115424502].
[488.144783678897,355.663205724746,123.669115424502].
[488.144783678897,355.663205724746,123.669115424502].
[488.16733472524,355.694153226683,123.646420290281].
[488.268401503164,355.832850307872,123.544707755293].
[488.435032449687,356.061523135812,123.377012135363].
[488.559112292145,356.231496033112,123.256538215726].
[488.684800738286,356.40261201828,123.149760388974].
[488.854845563138,356.633710778063,123.0111314653].
[488.957982962937,356.773879261294,122.927048772768].
[488.980996027471,356.805155077405,122.908287388118].
[488.980996027471,356.805155077405,122.908287388118].
[488.980534285574,356.805155077405,122.904353360488].
[488.978464901965,356.805155077405,122.886722271855].
[488.927641784078,356.822906099645,122.821034028465].
[488.713089780096,356.902460662005,122.639285760377].
[488.362303422337,357.033623961151,122.364768248091].
[488.149820801964,357.113178523511,122.200651068636].
[488.102409520852,357.130929545751,122.164031576101].
[488.102409520852,357.130929545751,122.164031576101].
[488.102409520852,357.130929545751,122.164031576101].
[488.102409520852,357.130929545751,122.164031576101].
[488.102409520852,357.130929545751,122.164031576101].
[488.102409520852,357.130929545751,122.164031576101].
[488.102409520852,357.130929545751,122.164031576101].
[488.102409520852,357.130929545751,122.164031576101].
[488.102409520852,357.130929545751,122.164031576101].
[488.102409520852,357.130929545751,122.164031576101].
[488.102409520852,357.130929545751,122.164031576101].
[488.102409520852,357.130929545751,122.164031576101].
[488.102409520852,357.130929545751,122.164031576101].
[488.102409520852,357.130929545751,122.164031576101].
[488.102409520852,357.130929545751,122.164031576101].
[488.102409520852,357.130929545751,122.164031576101].
[488.102409520852,357.130929545751,122.164031576101].
[488.102409520852,357.130929545751,122.164031576101].
[488.10192629285,357.130589559033,122.159937257468].
[488.099760615198,357.129065844276,122.141587794398].
[488.096190016388,357.126553663346,122.11133464433].
[488.094507566737,357.125369935307,122.097079499894].
[488.096190016388,357.126553663346,122.11133464433].
[488.099760615198,357.129065844277,122.141587794398].
[488.10192629285,357.130589559034,122.159937257468].
[488.102409520852,357.130929545751,122.164031576101].
[488.102409520852,357.130929545751,122.164031576101].
[488.102409520852,357.130929545751,122.164031576101].
[488.102409520852,357.130929545751,122.164031576101].
[488.079855773976,357.099975834516,122.186758206043].
[487.978776893106,356.961250925185,122.28861189506].
[487.812125992197,356.732532216395,122.456540238642].
[487.711047111327,356.593807307064,122.558393927658].
[487.688493364451,356.562853595829,122.57700241921].
[487.688493364451,356.562853595829,122.558546203397].
[487.688493364451,356.562853595829,122.52811704781].
[487.688493364451,356.562853595829,122.513778970387].
[487.688493364451,356.562853595829,122.52811704781].
[487.688493364451,356.562853595829,122.558546203397].
[487.688493364451,356.562853595829,122.57700241921].
[487.688493364451,356.562853595829,122.581120557601].
[487.688493364451,356.562853595829,122.581120557601].
[487.688493364451,356.562853595829,122.581120557601].
[487.713826406278,356.514168841184,122.644385680783].
[487.82736122295,356.295978908404,122.927920291881].
[488.014548490163,355.936244525177,123.395389836179].
[488.127612924016,355.717718717988,123.67494273319].
[488.1508378563,355.667528678675,123.720363051863].
[488.147362171258,355.665046883823,123.690941943098].
[488.145254061716,355.663541599155,123.673097138589].
[488.192661646682,355.663205724746,123.687101076939].
[488.407235811616,355.663205724746,123.767707178892].
[488.783553042561,355.676435273881,123.90060417373].
[489.099163486323,355.735725999648,123.981210275683].
[489.313622116125,355.833479880374,123.999195928121].
[489.414658394954,355.89277060614,123.999195928121].
[489.43720263603,355.905679069203,123.999195928121].
[489.484618169427,355.886545588228,124.036197061787].
[489.697119847219,355.804871938833,124.202024638125].
[490.047475883455,355.672687477019,124.475428090503].
[490.259977561247,355.593065264555,124.641255666842].
[490.307393094644,355.606302816863,124.655600192775].
[490.282079665124,355.76263492218,124.513237334922].
[490.16863274471,356.070538943353,124.162870456473].
[490.029445723014,356.339985360396,123.796008176699].
[490.200831786713,356.450262936426,123.753174749506].
[490.84445696089,356.463492248686,124.00337886161].
[491.578825713346,356.443436362162,124.267666941554].
[491.919478647515,356.379447321365,124.493997315516].
[491.888842775211,356.220806520724,124.697014083827].
[491.722328272641,355.987843551849,124.887021867765].
[491.621332121545,355.849258637733,124.988529669576].
[491.599197298866,355.81862874492,125.014649031455].
[491.600992057086,355.819940003194,125.030200088304].
[491.603951113139,355.8221019026,125.055839446513].
[491.606144606097,355.823704478232,125.071390503362].
[491.608332075905,355.825302653323,125.074860413167].
[491.611278349254,355.82745521363,125.078315333452].
[491.613065354372,355.828760807452,125.093799211931].
[491.61346408911,355.829052124811,125.119327811733].
[491.61346408911,355.829052124811,125.134811690213].
[491.61346408911,355.829052124811,125.138266610498].
[491.61346408911,355.829052124811,125.138266610498].
[491.565680711711,355.833564617493,125.097789029658].
[491.303717240209,355.853788206627,124.898590131273].
[490.713818869351,355.887131268201,124.519765434508].
[490.045355460471,355.907354857335,124.206899051569].
[489.594196678177,355.880933611173,124.109399497512].
[489.344347720282,355.742298211889,124.193394895989].
[489.155258225212,355.513727080217,124.361212241389].
[489.05424101911,355.375091680933,124.462998606605].
[489.031701033734,355.344157942089,124.485710214577].
[489.031701033734,355.344157942089,124.485710214577].
[489.031701033734,355.344157942089,124.485710214577].
[489.031701033734,355.344157942089,124.485710214577].
[489.031701033734,355.344157942089,124.485710214577].
[489.031701033734,355.344157942089,124.485710214577].
[489.031701033734,355.344157942089,124.485710214577].
[489.031701033734,355.344157942089,124.485710214577].
[489.031701033734,355.344157942089,124.485710214577].
[489.031701033734,355.344157942089,124.485710214577].
[489.031701033734,355.344157942089,124.485710214577].
[489.031701033734,355.344157942089,124.485710214577].
[489.031701033734,355.344157942089,124.485710214577].
[489.031701033734,355.344157942089,124.485710214577].
[489.031701033734,355.344157942089,124.485710214577].
[489.03125204155,355.343834333172,124.481888432401].
[489.029239798187,355.342384018626,124.464760392998].
[489.025922169752,355.339992854185,124.43268262415].
[489.023909926388,355.338542539639,124.398352042721].
[489.045558504647,355.368835496687,124.343504295686].
[489.144592944584,355.506049425744,124.224729792717].
[489.33042190675,355.763218886956,124.030763506132].
[489.530512942957,356.039104960198,123.827618418095].
[489.719224673214,356.298353239934,123.637488875011].
[489.868557916316,356.419625917518,123.580368761929].
[490.155670484389,356.35517467394,123.801021230612].
[490.728419625652,356.148564089885,124.327093274956].
[491.300954279617,355.941910722689,124.85211545669].
[491.565261216004,355.846466306836,125.094174700742].
[491.61346408911,355.829052124811,125.138266610498].
[491.590937262621,355.798137528622,125.160963806586].
[491.489979030555,355.659587920769,125.262685582224].
[491.323527045896,355.431158235255,125.412630459973].
[491.152245454884,355.292608627402,125.434730648703].
[490.766724511945,355.266187381239,125.285665882591].
[490.032756926013,355.286325178942,125.024588959337].
[489.364195421563,355.31952679436,124.707653709182].
[489.079527721005,355.339664592063,124.526198372835].
[489.031701033734,355.344157942089,124.485710214577].
[489.031701033734,355.344157942089,124.485710214577].
[489.031701033734,355.344157942089,124.485710214577].
[489.031701033734,355.344157942089,124.485710214577].
[489.031701033734,355.344157942089,124.485710214577].
[489.031701033734,355.344157942089,124.485710214577].
[489.031701033734,355.344157942089,124.485710214577].
[489.031701033734,355.344157942089,124.485710214577].
[489.031701033734,355.344157942089,124.485710214577].
[489.031701033734,355.344157942089,124.485710214577].
[489.031701033734,355.344157942089,124.485710214577].
[489.031701033734,355.344157942089,124.485710214577].
[489.031701033734,355.344157942089,124.485710214577].
[489.031701033734,355.344157942089,124.485710214577].
[489.05424101911,355.375091680933,124.462998606605].
[489.155258225212,355.513727080217,124.361212241389].
[489.32180744162,355.742298211889,124.193394895989].
[489.445364926385,355.911867752522,124.068896627282].
[489.568923432282,356.081438694551,123.944397329667].
[489.7354748158,356.310012800351,123.776577800656].
[489.836493336321,356.448650003535,123.674790111013].
[489.859033614983,356.479584144884,123.652078207522].
[489.859033614983,356.479584144884,123.652078207522].
[489.859033614983,356.479584144884,123.652078207522].
[489.859033614983,356.479584144884,123.652078207522].
[489.859033614983,356.479584144884,123.652078207522].
[489.859033614983,356.479584144884,123.652078207522].
[489.859033614983,356.479584144884,123.652078207522].
[489.859033614983,356.479584144884,123.652078207522].
[489.859033614983,356.479584144884,123.652078207522].
[489.859033614983,356.479584144884,123.652078207522].
[489.859033614983,356.479584144884,123.652078207522].
[489.859033614983,356.479584144884,123.652078207522].
[489.859033614983,356.479584144884,123.652078207522].
[489.859033614983,356.479584144884,123.652078207522].
[489.859472209963,356.479898586699,123.655835934797].
[489.861437856293,356.481307817143,123.672676900054].
[489.864678659208,356.483631245352,123.700442957693].
[489.866644305538,356.485040475796,123.717283922951].
[489.819718698334,356.503106924396,123.684572863623].
[489.607447071079,356.582991006878,123.521131101296].
[489.257470324059,356.715618612483,123.251661191227].
[489.045198696805,356.79757982626,123.0882194289].
[488.99783449462,356.816788864644,123.051750642297].
[488.99783449462,356.817113972338,123.051750642297].
[488.99783449462,356.817113972338,123.051750642297].
[488.99783449462,356.817113972338,123.051750642297].
[488.99783449462,356.817113972338,123.051750642297].
[488.99783449462,356.848050481341,123.028983660737].
[488.972549520783,357.004482912963,122.886706755954].
[488.859230129895,357.312779638681,122.538126451624].
[488.672398039755,357.58283898824,122.13873877226].
[488.536533286883,357.662534460896,121.958392272815].
[488.41020701066,357.541628004319,122.020217153411].
[488.243618066195,357.312965080682,122.188497604406].
[488.142576763808,357.174274006756,122.290564857365].
[488.120031401825,357.14332784522,122.313339139863].
[488.120031401825,357.14332784522,122.313339139863].
[488.120031401825,357.14332784522,122.313339139863].
[488.120031401825,357.14332784522,122.313339139863].
[488.120031401825,357.14332784522,122.313339139863].
[488.120031401825,357.14332784522,122.313339139863].
[488.120031401825,357.14332784522,122.313339139863].
[488.120031401825,357.14332784522,122.313339139863].
[488.120031401825,357.14332784522,122.313339139863].
[488.120031401825,357.14332784522,122.313339139863].
[488.120031401825,357.14332784522,122.313339139863].
[488.09472356585,357.192069576912,122.250297701397].
[487.98130171397,357.410514863102,121.967765575643].
[487.794300694212,357.770670252927,121.501948850256].
[487.681372892517,357.989115539118,121.223593173192].
[487.706111065063,358.02039334969,121.21937794866].
[487.924129015769,357.942125485287,121.429992548005].
[488.279775264413,357.813083592434,121.745075301375].
[488.494636700772,357.752623045599,121.906208183957].
[488.517184618921,357.828101351891,121.826832108033].
[488.403869991074,358.036366159551,121.557989502498].
[488.217045753862,358.293080828968,121.225700064388].
[488.103731126016,358.501406916409,120.956810989852].
[488.078447214957,358.594392129343,120.837293648134].
[488.078447214957,358.612209038277,120.814488223122].
[488.030592670961,358.630036839173,120.774347756444].
[487.816123484169,358.709935499597,120.594450665656].
[487.462523573995,358.841666120539,120.297850505537].
[487.248054387202,358.921564780963,120.11795341475].
[487.200199843207,358.939392581858,120.077812948072].
[487.200199843207,358.939392581858,120.077812948072].
[487.200199843207,358.939392581858,120.077812948072].
[487.200199843207,358.939392581858,120.077812948072].
[487.200199843207,358.939392581858,120.077812948072].
[487.199688623769,358.93904157692,120.073501198664].
[487.197397497201,358.937468481921,120.054177278471].
[487.193620068095,358.934874886736,120.022317520215].
[487.191328941527,358.933301791737,120.002993600022].
[487.190817722089,358.932950786798,119.998681850615].
[487.190817722089,358.932950786798,119.998681850615].
[487.190817722089,358.932950786798,119.998681850615].
[487.190817722089,358.932950786798,119.998681850615].
[487.238693801511,358.915134588849,120.038981123594].
[487.453259503388,358.835287929224,120.21958993485].
[487.85486514343,358.686165536163,120.557637985436].
[488.284332832499,358.527990124698,120.922738835941].
[488.687849316593,358.381031647483,121.278530132943].
[488.905743859074,358.302702895643,121.488542771363].
[488.955689630504,358.285225388701,121.546718999644].
[488.978699758954,358.31616854637,121.527914923222].
[489.079724832105,358.454846157897,121.425739132954].
[489.246287019083,358.714430516677,121.234480885082].
[489.347312092233,358.991787860544,121.030127741959].
[489.392395918469,359.251693805383,120.838867266477].
[489.493422536609,359.391801236443,120.736689913621].
[489.660445145183,359.425098744576,120.717821391723].
[489.763523813748,359.426526443296,120.735435896213].
[489.789449158417,359.42684500594,120.764477304438].
[489.791501208842,359.42684500594,120.782091808928].
[489.791959083182,359.42684500594,120.786022136136].
[489.791959083182,359.42684500594,120.786022136136].
[489.791959083182,359.42684500594,120.786022136136].
[489.791959083182,359.42684500594,120.786022136136].
[489.696347683639,359.462551005658,120.70605267451].
[489.267847119309,359.62257419434,120.347654412378].
[488.561369124391,359.886407829324,119.756755574219].
[488.132868560062,360.046431018006,119.398357312087].
[488.037257160519,360.082137017724,119.318387850461].
[488.037257160519,360.082137017724,119.318387850461].
[488.037257160519,360.082137017724,119.318387850461].
[488.037257160519,360.082137017724,119.318387850461].
[488.037257160519,360.082137017724,119.318387850461].
[488.037257160519,360.082137017724,119.318387850461].
[488.037257160519,360.082137017724,119.318387850461].
[487.941529688711,360.117886364536,119.238321305886].
[487.512508924577,360.278103821413,118.879487948165].
[486.805173265178,360.542257750503,118.287871758653].
[486.376693694914,360.70247520738,117.933582310412].
[486.283930553136,360.738224554192,117.878404531357].
[486.385489989886,360.703153759975,118.007482963643].
[486.818805613039,360.545977364844,118.402629470135].
[487.527019854398,360.28683729894,119.002170050688].
[487.957635760815,360.129660903809,119.374943524119].
[488.055003906494,360.094590109592,119.469037764354].
[488.055499848271,360.094590109592,119.473247752257].
[488.055499848271,360.094590109592,119.473247752257].
[488.055499848271,360.094590109592,119.473247752257].
[488.055499848271,360.094590109592,119.473247752257].
[488.055499848271,360.094590109592,119.473247752257].
[488.055499848271,360.094590109592,119.473247752257].
[488.055499848271,360.094590109592,119.473247752257].
[488.055499848271,360.094590109592,119.473247752257].
[488.055499848271,360.094590109592,119.473247752257].
[488.055499848271,360.094590109592,119.473247752257].
[488.055499848271,360.094590109592,119.473247752257].
[488.055499848271,360.094590109592,119.473247752257].
[488.055499848271,360.094590109592,119.473247752257].
[488.055499848271,360.094590109592,119.473247752257].
[488.055499848271,360.094590109592,119.473247752257].
[488.055499848271,360.094590109592,119.473247752257].
[488.100585106154,360.156493497827,119.427479945536].
[488.302643213643,360.433925236298,119.222362866381].
[488.635780713377,360.891332844682,118.884181974994].
[488.837838820866,361.168764583153,118.679064895839].
[488.88292407875,361.230667971388,118.633297089118].
[488.883409291439,361.230997246351,118.637442816256].
[488.885583863846,361.232472954355,118.656022676258].
[488.889652268604,361.235233854587,118.68665568665].
[488.916526813199,361.269123741024,118.686432876056].
[489.021575431147,361.410560501999,118.606310879888].
[489.190250767146,361.640682560004,118.467376892041].
[489.291727357608,361.779695272218,118.383109168735].
[489.314262042166,361.810640043481,118.364306498138].
[489.291727357608,361.810640043481,118.364306498138].
[489.117749495209,361.846534445058,118.285452023611].
[488.624146001185,362.007401992292,117.932050786975].
[487.98386663034,362.272627739181,117.349390651041].
[487.634238500128,362.433495286414,116.995989414405].
[487.561254087215,362.469389687991,116.917134939877].
[487.538707053204,362.438426368007,116.940079879023].
[487.437658257305,362.299658395252,117.04291196201].
[487.271056958129,362.07086868688,117.212453404542].
[487.17000816223,361.932100714126,117.315285487529].
[487.147461128218,361.901137394142,117.338230426675].
[487.147461128218,361.901137394142,117.338230426675].
[487.100740019219,361.919450278881,117.307908840181].
[486.891350535663,362.001880524915,117.172016917395].
[486.546125640264,362.138798067692,116.947969013783].
[486.336736156708,362.223512980441,116.812077090998].
[486.290015047708,362.243428475283,116.777198599241].
[486.290015047708,362.243786065931,116.756775966732].
[486.289472817623,362.274397036945,116.700129827378].
[486.287042710975,362.442555065434,116.553765423344].
[486.280886687384,362.825889082906,116.241807358838].
[486.268823391444,363.274166146327,115.813695373305].
[486.252398717268,363.579187296286,115.431574834794].
[486.242765527976,363.692411713774,115.253220152783].
[486.240616072906,363.710765339368,115.21855034094].
[486.240616072906,363.710765339368,115.21855034094].
[486.240616072906,363.710765339368,115.21855034094].
[486.240616072906,363.710765339368,115.21855034094].
[486.240616072906,363.710765339368,115.21855034094].
[486.240616072906,363.710765339368,115.21855034094].
[486.240616072906,363.710765339368,115.21855034094].
[486.240616072906,363.710765339368,115.21855034094].
[486.240616072906,363.710765339368,115.21855034094].
[486.240616072906,363.710765339368,115.21855034094].
[486.240616072906,363.710765339368,115.21855034094].
[486.240616072906,363.710765339368,115.21855034094].
[486.240616072906,363.710765339368,115.21855034094].
[486.240616072906,363.710765339368,115.21855034094].
[486.240616072906,363.710765339368,115.21855034094].
[486.240616072906,363.710765339368,115.21855034094].
[486.240616072906,363.710765339368,115.21855034094].
[486.240616072906,363.710765339368,115.21855034094].
[486.240616072906,363.710765339368,115.21855034094].
[486.240616072906,363.710765339368,115.21855034094].
[486.240616072906,363.710765339368,115.21855034094].
[486.240616072906,363.710765339368,115.21855034094].
[486.240616072906,363.710765339368,115.21855034094].
[486.240616072906,363.710765339368,115.21855034094].
[486.240616072906,363.710765339368,115.21855034094].
[486.240616072906,363.710765339368,115.21855034094].
[486.240616072906,363.710765339368,115.21855034094].
[486.240061306345,363.710405221342,115.21388368438].
[486.23701787043,363.708429622574,115.188282519533].
[486.230421719955,363.704147834782,115.132796174382].
[486.22381865541,363.699861558828,115.077251668559].
[486.220766939615,363.697880585307,115.051580853966].
[486.220209794933,363.69751892356,115.046894192821].
[486.220209794933,363.69751892356,115.046894192821].
[486.220209794933,363.69751892356,115.046894192821].
[486.220209794933,363.69751892356,115.046894192821].
[486.268033465595,363.679536014652,115.086386602188].
[486.482364287705,363.598942208343,115.263379301609].
[486.835736073085,363.466065485595,115.555190929905].
[487.050066895195,363.385471679286,115.732183629327].
[487.097890565857,363.367488770377,115.776206758875].
[487.097890565857,363.367488770377,115.801023439976].
[487.076414819146,363.354854944074,115.85471988653].
[486.979629403173,363.297868316849,115.903848766012].
[486.770725366251,363.185612134064,115.915007491907].
[486.455680339686,363.048558932872,115.911156252903].
[486.054025757936,362.892136024787,115.918703563468].
[485.735942982973,362.753178840256,115.908929596489].
[485.520570962126,362.636662030839,115.894348907695].
[485.417259028445,362.575342776737,115.889616608293].
[485.392728385284,362.560691711822,115.889616608293].
[485.392162210021,362.560321858901,115.889616608293].
[485.392162210021,362.560321858901,115.889616608293].
[485.392162210021,362.560321858901,115.889616608293].
