[364.255719645597,242.250391414576,180.353555657008].
[364.255719645597,242.250391414576,180.353555657008].
[364.255719645597,242.250391414576,180.353555657008].
[364.255719645597,242.250391414576,180.353555657008].
[364.255719645597,242.250391414576,180.353555657008].
[364.255719645597,242.250391414576,180.353555657008].
[364.255719645597,242.250391414576,180.353555657008].
[364.255719645597,242.250391414576,180.353555657008].
[364.203938449952,242.265673932066,180.309170110975].
[363.971871231383,242.33416542367,180.110247894437].
[363.589257071895,242.447088802738,179.782280604816].
[363.357189853326,242.515580294341,179.583358388277].
[363.305408657681,242.530862811831,179.538972842244].
[363.305408657681,242.530862811831,179.538972842244].
[363.305408657681,242.530862811831,179.538972842244].
[363.357189853326,242.515580294341,179.583358388277].
[363.589257071895,242.447088802738,179.782280604816].
[363.971871231383,242.33416542367,180.110247894437].
[364.203938449952,242.265673932066,180.309170110975].
[364.255719645597,242.250391414576,180.353555657008].
[364.255719645597,242.250391414576,180.353555657008].
[364.255719645597,242.250391414576,180.353555657008].
[364.255719645597,242.250391414576,180.353555657008].
[364.255719645597,242.250391414576,180.353555657008].
[364.203938449952,242.265673932066,180.309170110975].
[363.971871231383,242.33416542367,180.110247894437].
[363.589257071895,242.447088802738,179.782280604816].
[363.357189853326,242.515580294341,179.583358388277].
[363.305408657681,242.530862811831,179.538972842244].
[363.305408657681,242.530862811831,179.538972842244].
[363.305408657681,242.530862811831,179.538972842244].
[363.305408657681,242.530862811831,179.538972842244].
[363.305408657681,242.530862811831,179.538972842244].
[363.305408657681,242.530862811831,179.538972842244].
[363.305408657681,242.530862811831,179.538972842244].
[363.305408657681,242.530862811831,179.538972842244].
[363.305408657681,242.530862811831,179.538972842244].
[363.305408657681,242.530862811831,179.538972842244].
[363.305408657681,242.530862811831,179.538972842244].
[363.305408657681,242.530862811831,179.538972842244].
[363.305408657681,242.530862811831,179.538972842244].
[363.357189853326,242.515580294341,179.583358388277].
[363.589257071895,242.447088802738,179.782280604816].
[363.971871231383,242.33416542367,180.110247894437].
[364.203938449952,242.265673932066,180.309170110975].
[364.203938449952,242.265673932066,180.309170110975].
[363.971871231383,242.33416542367,180.110247894437].
[363.589257071895,242.447088802738,179.782280604816].
[363.357189853326,242.515580294341,179.583358388277].
[363.305408657681,242.530862811831,179.538972842244].
[363.305408657681,242.530862811831,179.538972842244].
[363.305408657681,242.530862811831,179.538972842244].
[363.305408657681,242.530862811831,179.538972842244].
[363.305408657681,242.530862811831,179.538972842244].
[363.305408657681,242.530862811831,179.538972842244].
[363.305408657681,242.530862811831,179.538972842244].
[363.305408657681,242.530862811831,179.538972842244].
[363.305408657681,242.530862811831,179.538972842244].
[363.305408657681,242.530862811831,179.538972842244].
[363.305408657681,242.530862811831,179.538972842244].
[363.305408657681,242.530862811831,179.538972842244].
[363.305408657681,242.530862811831,179.538972842244].
[363.305408657681,242.530862811831,179.538972842244].
[363.305408657681,242.530862811831,179.538972842244].
[363.305408657681,242.530862811831,179.538972842244].
[363.305408657681,242.530862811831,179.538972842244].
[363.305408657681,242.530862811831,179.538972842244].
[363.305408657681,242.530862811831,179.538972842244].
[363.305408657681,242.530862811831,179.538972842244].
[363.305408657681,242.530862811831,179.538972842244].
[363.305408657681,242.530862811831,179.538972842244].
[363.305408657681,242.530862811831,179.538972842244].
[363.305408657681,242.530862811831,179.538972842244].
[363.305408657681,242.530862811831,179.538972842244].
[363.305408657681,242.530862811831,179.538972842244].
[363.305408657681,242.530862811831,179.538972842244].
[363.305408657681,242.530862811831,179.538972842244].
[363.305408657681,242.530862811831,179.538972842244].
[363.305408657681,242.530862811831,179.538972842244].
[363.305408657681,242.530862811831,179.538972842244].
[363.305408657681,242.530862811831,179.538972842244].
[363.305408657681,242.530862811831,179.538972842244].
[363.305408657681,242.530862811831,179.538972842244].
[363.305408657681,242.530862811831,179.538972842244].
[363.305408657681,242.530862811831,179.538972842244].
[363.305408657681,242.530862811831,179.538972842244].
[363.305408657681,242.530862811831,179.538972842244].
[363.305408657681,242.530862811831,179.538972842244].
[363.305408657681,242.530862811831,179.538972842244].
[363.305408657681,242.530862811831,179.538972842244].
[363.305408657681,242.530862811831,179.538972842244].
[363.305408657681,242.530862811831,179.538972842244].
[363.305408657681,242.530862811831,179.538972842244].
[363.305408657681,242.530862811831,179.538972842244].
[363.305408657681,242.530862811831,179.538972842244].
[363.305408657681,242.530862811831,179.538972842244].
[363.305408657681,242.530862811831,179.538972842244].
[363.305408657681,242.530862811831,179.538972842244].
[363.305408657681,242.530862811831,179.538972842244].
[363.305408657681,242.530862811831,179.538972842244].
[363.305408657681,242.530862811831,179.538972842244].
[363.305408657681,242.530862811831,179.538972842244].
[363.305408657681,242.530862811831,179.538972842244].
[363.305408657681,242.530862811831,179.538972842244].
[363.305408657681,242.530862811831,179.538972842244].
[363.305408657681,242.530862811831,179.538972842244].
[363.305408657681,242.530862811831,179.538972842244].
[363.305408657681,242.530862811831,179.538972842244].
[363.305408657681,242.530862811831,179.538972842244].
[363.305408657681,242.530862811831,179.538972842244].
[363.305408657681,242.530862811831,179.538972842244].
[363.305408657681,242.530862811831,179.538972842244].
[363.305408657681,242.530862811831,179.538972842244].
[363.305408657681,242.530862811831,179.538972842244].
[363.305408657681,242.530862811831,179.538972842244].
[363.305408657681,242.530862811831,179.538972842244].
[363.305408657681,242.530862811831,179.538972842244].
[363.305408657681,242.530862811831,179.538972842244].
[363.305408657681,242.530862811831,179.538972842244].
[363.305408657681,242.530862811831,179.538972842244].
[363.305408657681,242.530862811831,179.538972842244].
[363.305408657681,242.530862811831,179.538972842244].
[363.305408657681,242.530862811831,179.538972842244].
[363.305408657681,242.530862811831,179.538972842244].
[363.305408657681,242.530862811831,179.538972842244].
[363.305408657681,242.530862811831,179.538972842244].
[363.305408657681,242.530862811831,179.538972842244].
[363.305408657681,242.530862811831,179.538972842244].
[363.305408657681,242.530862811831,179.538972842244].
[363.305408657681,242.530862811831,179.538972842244].
[363.305408657681,242.530862811831,179.538972842244].
[363.305408657681,242.530862811831,179.538972842244].
[363.305408657681,242.530862811831,179.538972842244].
[363.305408657681,242.530862811831,179.538972842244].
[363.305408657681,242.530862811831,179.538972842244].
[363.305408657681,242.530862811831,179.538972842244].
[363.305408657681,242.530862811831,179.538972842244].
[363.305408657681,242.530862811831,179.538972842244].
[363.305408657681,242.530862811831,179.538972842244].
[363.305408657681,242.530862811831,179.538972842244].
[363.305408657681,242.530862811831,179.538972842244].
[363.305408657681,242.530862811831,179.538972842244].
[363.305408657681,242.530862811831,179.538972842244].
[363.305408657681,242.530862811831,179.538972842244].
[363.305408657681,242.530862811831,179.538972842244].
[363.305408657681,242.530862811831,179.538972842244].
[363.305408657681,242.530862811831,179.538972842244].
[363.305408657681,242.530862811831,179.538972842244].
[363.305408657681,242.530862811831,179.538972842244].
[363.305408657681,242.530862811831,179.538972842244].
[363.305408657681,242.530862811831,179.538972842244].
[363.305408657681,242.530862811831,179.538972842244].
[363.305408657681,242.530862811831,179.538972842244].
[363.305408657681,242.530862811831,179.538972842244].
[363.305408657681,242.530862811831,179.538972842244].
[363.305408657681,242.530862811831,179.538972842244].
[363.305408657681,242.530862811831,179.538972842244].
[363.305408657681,242.530862811831,179.538972842244].
[363.305408657681,242.530862811831,179.538972842244].
[363.305408657681,242.530862811831,179.538972842244].
[363.305408657681,242.530862811831,179.538972842244].
[363.305408657681,242.530862811831,179.538972842244].
[363.305408657681,242.530862811831,179.538972842244].
[363.305408657681,242.530862811831,179.538972842244].
[363.305408657681,242.530862811831,179.538972842244].
[363.305408657681,242.530862811831,179.538972842244].
[363.305408657681,242.530862811831,179.538972842244].
[363.305408657681,242.530862811831,179.538972842244].
[363.305408657681,242.530862811831,179.538972842244].
[363.305408657681,242.530862811831,179.538972842244].
[363.305408657681,242.530862811831,179.538972842244].
[363.305408657681,242.530862811831,179.538972842244].
[363.305408657681,242.530862811831,179.538972842244].
[363.305408657681,242.530862811831,179.538972842244].
[363.305408657681,242.530862811831,179.538972842244].
[363.305408657681,242.530862811831,179.538972842244].
[363.305408657681,242.530862811831,179.538972842244].
[363.305408657681,242.530862811831,179.538972842244].
[363.305408657681,242.530862811831,179.538972842244].
[363.305408657681,242.530862811831,179.538972842244].
[363.305408657681,242.530862811831,179.538972842244].
[363.305408657681,242.530862811831,179.538972842244].
[363.305408657681,242.530862811831,179.538972842244].
[363.305408657681,242.530862811831,179.538972842244].
[363.305408657681,242.530862811831,179.538972842244].
[363.305408657681,242.530862811831,179.538972842244].
[363.305408657681,242.530862811831,179.538972842244].
[363.305408657681,242.530862811831,179.538972842244].
[363.305408657681,242.530862811831,179.538972842244].
[363.305408657681,242.530862811831,179.538972842244].
[363.305408657681,242.530862811831,179.538972842244].
[363.305408657681,242.530862811831,179.538972842244].
[363.305408657681,242.530862811831,179.538972842244].
[363.357189853326,242.515580294341,179.583358388277].
[363.589257071895,242.447088802738,179.782280604816].
[363.971871231383,242.33416542367,180.110247894437].
[364.200159978388,242.262622727765,180.292834125921].
[364.235007239319,242.233665661307,180.264006866284].
[364.207087900962,242.211120141558,180.143299356288].
[364.190153966249,242.19744559259,180.070086550618].
[364.186375494685,242.194394388289,180.053750565564].
[364.186375494685,242.194394388289,180.053750565564].
[364.186375494685,242.194394388289,180.053750565564].
[364.186375494685,242.194394388289,180.053750565564].
[364.186375494685,242.194394388289,180.053750565564].
[364.186375494685,242.194394388289,180.053750565564].
[364.186375494685,242.194394388289,180.053750565564].
[364.186375494685,242.194394388289,180.053750565564].
[364.186375494685,242.194394388289,180.053750565564].
[364.186375494685,242.194394388289,180.053750565564].
[364.186375494685,242.19744559259,180.053750565564].
[364.138372770604,242.223322591223,180.025701004585].
[363.923239486748,242.303635764095,179.899991593717].
[363.568544665618,242.421278804492,179.692731814091].
[363.353411381761,242.501776388036,179.567022403223].
[363.301575875227,242.524702676182,179.522449181141].
[363.28439853599,242.513978837701,179.44839526977].
[363.256077891417,242.491220043756,179.326301010916].
[363.238900552181,242.477416137451,179.252247099546].
[363.235067769726,242.474336069626,179.235723438442].
[363.235067769726,242.474336069626,179.235723438442].
[363.235067769726,242.474336069626,179.235723438442].
[363.238900552181,242.477416137451,179.252247099546].
[363.256077891417,242.491220043756,179.326301010916].
[363.28439853599,242.513978837701,179.44839526977].
[363.301575875227,242.527782744007,179.522449181141].
[363.305408657681,242.530862811831,179.538972842244].
[363.305408657681,242.530862811831,179.538972842244].
[363.305408657681,242.530862811831,179.538972842244].
[363.305408657681,242.530862811831,179.538972842244].
[363.305408657681,242.530862811831,179.538972842244].
[363.305408657681,242.530862811831,179.538972842244].
[363.305408657681,242.530862811831,179.538972842244].
[363.305408657681,242.530862811831,179.538972842244].
[363.305408657681,242.530862811831,179.538972842244].
[363.305408657681,242.530862811831,179.538972842244].
[363.305408657681,242.530862811831,179.538972842244].
[363.305408657681,242.530862811831,179.538972842244].
[363.305408657681,242.530862811831,179.538972842244].
[363.305408657681,242.530862811831,179.538972842244].
[363.305408657681,242.530862811831,179.538972842244].
[363.305408657681,242.530862811831,179.538972842244].
[363.305408657681,242.530862811831,179.538972842244].
[363.305408657681,242.530862811831,179.538972842244].
[363.305408657681,242.530862811831,179.538972842244].
[363.305408657681,242.530862811831,179.538972842244].
[363.305408657681,242.530862811831,179.538972842244].
[363.305408657681,242.530862811831,179.538972842244].
[363.305408657681,242.530862811831,179.538972842244].
[363.305408657681,242.530862811831,179.538972842244].
[363.305408657681,242.530862811831,179.538972842244].
[363.305408657681,242.530862811831,179.538972842244].
[363.305408657681,242.530862811831,179.538972842244].
[363.305408657681,242.530862811831,179.538972842244].
[363.305408657681,242.530862811831,179.538972842244].
[363.305408657681,242.530862811831,179.538972842244].
[363.305408657681,242.530862811831,179.538972842244].
[363.305408657681,242.530862811831,179.538972842244].
[363.305408657681,242.530862811831,179.538972842244].
[363.305408657681,242.530862811831,179.538972842244].
[363.305408657681,242.530862811831,179.538972842244].
[363.305408657681,242.530862811831,179.538972842244].
[363.305408657681,242.530862811831,179.538972842244].
[363.305408657681,242.530862811831,179.538972842244].
[363.305408657681,242.530862811831,179.538972842244].
[363.305408657681,242.530862811831,179.538972842244].
[363.305408657681,242.530862811831,179.538972842244].
[363.305408657681,242.530862811831,179.538972842244].
[363.305408657681,242.530862811831,179.538972842244].
[363.305408657681,242.530862811831,179.538972842244].
[363.305408657681,242.530862811831,179.538972842244].
[363.328443830212,242.562409095336,179.516564807315].
[363.431680311177,242.703789729327,179.416138962084].
[363.624923479031,242.968433015599,179.228156881667].
[363.831395603979,243.251193137349,179.0273060054].
[364.02463757864,243.515834789563,178.839325085691].
[364.127873222623,243.657214277322,178.738900054655].
[364.150908208399,243.688760305068,178.716492201397].
[364.150908208399,243.688760305068,178.716492201397].
[364.150908208399,243.688760305068,178.716492201397].
[364.150908208399,243.688760305068,178.716492201397].
[364.150908208399,243.688760305068,178.716492201397].
[364.150908208399,243.688760305068,178.716492201397].
[364.150908208399,243.688760305068,178.716492201397].
[364.150908208399,243.688760305068,178.716492201397].
[364.150908208399,243.688760305068,178.716492201397].
[364.150908208399,243.688760305068,178.716492201397].
[364.150908208399,243.688760305068,178.716492201397].
[364.150908208399,243.688760305068,178.716492201397].
[364.150908208399,243.688760305068,178.716492201397].
[364.150908208399,243.688760305068,178.716492201397].
[364.150908208399,243.685706988956,178.716492201397].
[364.147100224607,243.672022975508,178.700011737911].
[364.130034025269,243.649461851469,178.626151424831].
[364.10189661941,243.635777838021,178.504376355594].
[364.084830420071,243.632724521909,178.430516042514].
[364.08102243628,243.632724521909,178.414035579028].
[364.132839660536,243.617446607612,178.458625706871].
[364.365068348137,243.548975746092,178.658464795471].
[364.747948725052,243.436086380279,178.987943751562].
[364.932168172189,243.385946749167,179.159673175805].
[364.768822908182,243.452823709839,179.078284528129].
[364.414079937126,243.588274199691,178.870580641274].
[364.221952247884,243.701974846649,178.722194194165].
[364.277177814432,243.861684418598,178.593660312957].
[364.44738323663,244.094777897514,178.42808877054].
[364.550618043642,244.236156239055,178.327664553688].
[364.573652842664,244.267702011044,178.3052568821].
[364.573652842664,244.267702011044,178.3052568821].
[364.577429598946,244.270726888637,178.321633942069].
[364.594355846296,244.284283449481,178.395030832739].
[364.626020548317,244.309644325445,178.532337739835].
[364.65978915342,244.336690258324,178.678767752675].
[364.691334263178,244.361955350516,178.815556074633].
[364.70817662093,244.37544472255,178.888589196803].
[364.734944766979,244.409973716743,178.88243466907].
[364.838068916803,244.551232560592,178.781818867224].
[365.008091896142,244.78412902112,178.615931454553].
[365.111216045967,244.925387864968,178.515315652707].
[365.134226154032,244.956906973419,178.492865232728].
[365.130480336088,244.953910257467,178.47659074512].
[365.11369274475,244.940479908339,178.403653551883].
[365.086014685826,244.918337006059,178.283400449968].
[365.069227094488,244.904906656931,178.21046325673].
[365.065481276544,244.901909940979,178.194188769122].
[365.065481276544,244.901909940979,178.194188769122].
[365.065481276544,244.901909940979,178.194188769122].
[365.065481276544,244.901909940979,178.194188769122].
[365.065481276544,244.901909940979,178.194188769122].
[365.065481276544,244.901909940979,178.194188769122].
[365.065481276544,244.901909940979,178.194188769122].
[365.065481276544,244.901909940979,178.194188769122].
[365.065481276544,244.901909940979,178.194188769122].
[365.065481276544,244.901909940979,178.194188769122].
[365.065481276544,244.901909940979,178.194188769122].
[365.065481276544,244.901909940979,178.194188769122].
[365.065481276544,244.901909940979,178.194188769122].
[365.069227094488,244.904906656931,178.21046325673].
[365.086014685826,244.918337006059,178.283400449968].
[365.11369274475,244.940479908339,178.403653551883].
[365.130480336088,244.953910257467,178.47659074512].
[365.134226154032,244.956906973419,178.492865232728].
[365.134226154032,244.956906973419,178.492865232728].
[365.134226154032,244.956906973419,178.492865232728].
[365.134226154032,244.956906973419,178.492865232728].
[365.134226154032,244.956906973419,178.492865232728].
[365.134226154032,244.956906973419,178.492865232728].
[365.134226154032,244.956906973419,178.492865232728].
[365.082549089918,244.972305868841,178.448785235904].
[364.799232362026,245.056729485759,178.207119021316].
[364.185611732771,245.239578106532,177.68370702313].
[363.571877337228,245.422460627745,177.160197983486].
[363.288424369627,245.506924841803,176.918415557846].
[363.236708175163,245.522335397411,176.874302183243].
[363.240542619758,245.52537319878,176.890866906438].
[363.257727408187,245.538987679974,176.965104845336].
[363.289875829765,245.564456953732,177.087502514289].
[363.32416048206,245.591618635462,177.161740453186].
[363.379190979463,245.648508246624,177.172278693266].
[363.499383780253,245.803301489784,177.145269869754].
[363.696173829842,246.07071573883,177.078230606882].
[363.902359222956,246.353207165428,176.950342363771].
[364.09533309185,246.617597686487,176.777993835788].
[364.198425548039,246.758843070462,176.677114416189].
[364.217637576,246.787362714945,176.654605175138].
[364.200647455545,246.773933509937,176.654605175138].
[364.172635482559,246.751792493991,176.654605175138].
[364.155645362103,246.738363288983,176.638164563306].
[364.151854353805,246.735366828319,176.564482852946].
[364.151854353805,246.735366828319,176.443002249813].
[364.151854353805,246.735366828319,176.369320539453].
[364.151854353805,246.735366828319,176.352879927621].
[364.151854353805,246.735366828319,176.352879927621].
[364.151854353805,246.735366828319,176.352879927621].
[364.151854353805,246.735366828319,176.352879927621].
[364.151854353805,246.732355491237,176.352879927621].
[364.151854353805,246.703425282284,176.37536803356].
[364.199742959048,246.612002464531,176.481272491184].
[364.414364797759,246.4844614396,176.67038353558].
[364.768216388399,246.412278223395,176.808998420803].
[364.98283822711,246.396843890928,176.854431694791].
[365.030726832353,246.396843890928,176.859551453812].
[365.030726832353,246.396843890928,176.859551453812].
[365.030726832353,246.396843890928,176.859551453812].
[365.030726832353,246.396843890928,176.859551453812].
[365.00770814464,246.396843890928,176.859551453812].
[364.904545543505,246.396843890928,176.859551453812].
[364.734459168673,246.396843890928,176.859551453812].
[364.631296567538,246.396843890928,176.859551453812].
[364.631296567538,246.396843890928,176.859551453812].
[364.734459168673,246.396843890928,176.859551453812].
[364.904545543505,246.396843890928,176.859551453812].
[365.00770814464,246.396843890928,176.859551453812].
[365.030726832353,246.396843890928,176.859551453812].
[365.030726832353,246.396843890928,176.859551453812].
[365.030726832353,246.396843890928,176.859551453812].
[365.030726832353,246.396843890928,176.859551453812].
[365.030726832353,246.396843890928,176.859551453812].
[365.030726832353,246.396843890928,176.859551453812].
[364.979028397733,246.412278223395,176.81542135492].
[364.747332088343,246.481450102518,176.617643973042].
[364.365329454709,246.595495250963,176.291564196677].
[364.133633145319,246.664667130086,176.0937868148].
[364.081934710699,246.680101462553,176.049656715908].
[364.081934710699,246.680101462553,176.049656715908].
[364.081934710699,246.680101462553,176.049656715908].
[364.081934710699,246.680101462553,176.049656715908].
[364.081934710699,246.680101462553,176.049656715908].
[364.081934710699,246.680101462553,176.049656715908].
[364.081934710699,246.680101462553,176.049656715908].
[364.081934710699,246.680101462553,176.049656715908].
[364.081934710699,246.680101462553,176.049656715908].
[364.081934710699,246.680101462553,176.049656715908].
[364.081934710699,246.680101462553,176.049656715908].
[364.081934710699,246.680101462553,176.049656715908].
[364.081934710699,246.680101462553,176.049656715908].
[364.085744540076,246.680101462553,176.066178949839].
[364.150707615998,246.664667130086,176.167834330027].
[364.393480497703,246.595495250963,176.413647910074].
[364.764406559022,246.481450102518,176.691691488269].
[364.98283822711,246.412278223395,176.831943588851].
[364.98283822711,246.412278223395,176.831943588851].
[364.768216388399,246.4844614396,176.7082137222].
[364.414364797759,246.612002464531,176.504217659232].
[364.199742959048,246.703425282284,176.380487792582].
[364.151854353805,246.732355491237,176.352879927621].
[364.148044524428,246.732355491237,176.336357693689].
[364.130970053749,246.718859614751,176.262310178463].
[364.102819010755,246.696608676121,176.140226465066].
[364.085744540076,246.683112799635,176.066178949839].
[364.081934710699,246.680101462553,176.049656715908].
[364.081934710699,246.680101462553,176.049656715908].
[364.081934710699,246.680101462553,176.049656715908].
[364.081934710699,246.680101462553,176.049656715908].
[364.081934710699,246.680101462553,176.049656715908].
[364.081934710699,246.680101462553,176.049656715908].
[364.081934710699,246.680101462553,176.049656715908].
[364.081934710699,246.680101462553,176.049656715908].
[364.081934710699,246.680101462553,176.049656715908].
[364.081934710699,246.680101462553,176.049656715908].
[364.081934710699,246.680101462553,176.049656715908].
[364.081934710699,246.680101462553,176.049656715908].
[364.081934710699,246.680101462553,176.049656715908].
[364.085744540076,246.683112799635,176.066178949839].
[364.099009181378,246.693597339039,176.123704231135].
[364.110085753693,246.702352401183,176.171740429305].
[364.099009181378,246.693597339039,176.123704231135].
[364.085744540076,246.683112799635,176.066178949839].
[364.081934710699,246.680101462553,176.049656715908].
[364.081934710699,246.680101462553,176.049656715908].
[364.081934710699,246.680101462553,176.049656715908].
[364.081934710699,246.680101462553,176.049656715908].
[364.081934710699,246.680101462553,176.049656715908].
[364.081934710699,246.680101462553,176.049656715908].
[364.085744540076,246.683112799635,176.066178949839].
[364.102819010755,246.696608676121,176.140226465066].
[364.130970053749,246.718859614751,176.262310178463].
[364.148044524428,246.732355491237,176.336357693689].
[364.151854353805,246.735366828319,176.352879927621].
[364.151854353805,246.735366828319,176.352879927621].
[364.151854353805,246.735366828319,176.352879927621].
[364.155645362103,246.738363288983,176.369320539453].
[364.172635482559,246.751792493991,176.443002249813].
[364.200647455545,246.773933509937,176.564482852946].
[364.217637576,246.787362714945,176.638164563306].
[364.221428584299,246.790359175609,176.654605175138].
[364.221428584299,246.790359175609,176.654605175138].
[364.221428584299,246.790359175609,176.654605175138].
[364.217637576,246.787362714945,176.638164563306].
[364.200647455545,246.773933509937,176.564482852946].
[364.172635482559,246.751792493991,176.443002249813].
[364.155645362103,246.738363288983,176.369320539453].
[364.155645362103,246.738363288983,176.369320539453].
[364.172635482559,246.751792493991,176.443002249813].
[364.200647455545,246.773933509937,176.564482852946].
[364.217637576,246.787362714945,176.638164563306].
[364.221428584299,246.790359175609,176.654605175138].
[364.221428584299,246.790359175609,176.654605175138].
[364.192810093939,246.805860409701,176.61081260698].
[364.064550918486,246.875332121106,176.414547932904].
[363.853087287753,247.021399294184,176.068444755007].
[363.7248281123,247.232168285847,175.771263938328].
[363.69620962194,247.480629351392,175.561088779304].
[363.69620962194,247.62192663165,175.460172636702].
[363.7248281123,247.637941355742,175.481456068772].
[363.853087287753,247.568417089411,175.677757936265].
[364.064550918486,247.422274994497,176.023914136766].
[364.192810093939,247.211506002834,176.321094953444].
[364.221428584299,246.963119859124,176.531217089865].
[364.221428584299,246.821875133792,176.632096039051].
[364.221428584299,246.790359175609,176.654605175138].
[364.221428584299,246.790359175609,176.654605175138].
[364.221428584299,246.790359175609,176.654605175138].
[364.221428584299,246.790359175609,176.654605175138].
[364.221428584299,246.790359175609,176.654605175138].
[364.221428584299,246.790359175609,176.654605175138].
[364.221428584299,246.790359175609,176.654605175138].
[364.221428584299,246.790359175609,176.654605175138].
[364.221428584299,246.790359175609,176.654605175138].
[364.221428584299,246.790359175609,176.654605175138].
[364.221428584299,246.790359175609,176.654605175138].
[364.221428584299,246.790359175609,176.654605175138].
[364.221428584299,246.790359175609,176.654605175138].
[364.244431513292,246.821875133792,176.632096039051].
[364.34752348875,246.963119859124,176.531217089865].
[364.517493421525,247.195993042153,176.364895820576].
[364.620585396982,247.337237767485,176.264016871389].
[364.643588325976,247.368753725668,176.241507735302].
[364.643588325976,247.368753725668,176.241507735302].
[364.643588325976,247.368753725668,176.241507735302].
[364.636011979976,247.362772242842,176.208587317258].
[364.602057152912,247.335965096635,176.061048239518].
[364.546075107289,247.291767584477,175.817797423789].
[364.512120280226,247.26496043827,175.670258346049].
[364.512120280226,247.26496043827,175.670258346049].
[364.546075107289,247.291767584477,175.817797423789].
[364.602057152912,247.335965096635,176.061048239518].
[364.636011979976,247.362772242842,176.208587317258].
[364.643588325976,247.368753725668,176.241507735302].
[364.643588325976,247.368753725668,176.241507735302].
[364.659039253736,247.394314314714,176.202600420032].
[364.728285507803,247.508868927273,176.028229930431].
[364.846238573485,247.700722535303,175.740741595244].
[364.936215937177,247.831625148014,175.582769389787].
[364.996517343656,247.892553628416,175.617354085341].
[365.04131347379,247.927878661929,175.738521926813].
[365.061979498797,247.944175338087,175.812013937636].
[365.065746099079,247.947145578615,175.828412221781].
[365.065746099079,247.947145578615,175.828412221781].
[365.065746099079,247.947145578615,175.828412221781].
[365.05819420511,247.941190356439,175.795534269825].
[365.024348964448,247.914500902305,175.64818551189].
[364.968547596257,247.87049743157,175.40524848047].
[364.934702355595,247.843807977436,175.257899722534].
[364.927150461626,247.83785275526,175.225021770578].
[364.927150461626,247.83785275526,175.225021770578].
[364.927150461626,247.83785275526,175.225021770578].
[364.883089641999,247.843807977436,175.214090556508].
[364.68562274825,247.88602211873,175.165100253884].
[364.360054880266,247.999602410231,175.084328899889].
[364.162587986517,248.141004648711,175.035338597265].
[364.118527166891,248.216536691653,175.024407383194].
[364.066875912032,248.247597658874,174.980565503124].
[363.835391047661,248.317226435416,174.784079828388].
[363.453737027927,248.432024880354,174.460129717063].
[363.296914838557,248.517644767466,174.284968697417].
[363.579878478211,248.604848232988,174.336697290992].
[364.131565172287,248.723007446068,174.494266363743].
[364.4661800668,248.794674631529,174.589836837389].
[364.540842741801,248.810665742098,174.611161492479].
[364.540842741801,248.810665742098,174.611161492479].
[364.540842741801,248.810665742098,174.611161492479].
[364.540842741801,248.810665742098,174.611161492479].
[364.540842741801,248.810665742098,174.611161492479].
[364.540842741801,248.810665742098,174.611161492479].
[364.540842741801,248.810665742098,174.611161492479].
[364.540842741801,248.810665742098,174.611161492479].
[364.540842741801,248.810665742098,174.611161492479].
[364.540842741801,248.810665742098,174.611161492479].
[364.540842741801,248.842192985659,174.588644372538].
[364.540842741801,248.983488288542,174.487729642199].
[364.512220224194,249.232004610004,174.277490889894].
[364.383942999872,249.443033875072,173.980016044871].
[364.172449611586,249.589532985376,173.633426082876].
[364.044172387264,249.659266947561,173.436865968191].
[364.015549869657,249.674826697711,173.393007478322].
[364.015549869657,249.674826697711,173.393007478322].
[364.015549869657,249.674826697711,173.393007478322].
[364.015549869657,249.674826697711,173.393007478322].
[364.015549869657,249.674826697711,173.393007478322].
[364.015549869657,249.674826697711,173.393007478322].
[364.015549869657,249.674826697711,173.393007478322].
[364.015549869657,249.674826697711,173.393007478322].
[364.015549869657,249.674826697711,173.393007478322].
[364.015549869657,249.674826697711,173.393007478322].
[364.015549869657,249.674826697711,173.393007478322].
[364.015549869657,249.674826697711,173.393007478322].
[364.015549869657,249.674826697711,173.393007478322].
[364.015549869657,249.674826697711,173.393007478322].
[364.015549869657,249.674826697711,173.393007478322].
[364.015549869657,249.674826697711,173.393007478322].
[364.015549869657,249.674826697711,173.393007478322].
[364.015549869657,249.674826697711,173.393007478322].
[364.015549869657,249.677810339328,173.393007478322].
[364.015549869657,249.691182093355,173.393007478322].
[364.019379930518,249.713228388644,173.409651411001].
[364.036545072418,249.726600142671,173.484244342174].
[364.064845606983,249.729583784288,173.607227294443].
[364.082010748883,249.729583784288,173.681820225616].
[364.085840809744,249.729583784288,173.698464158294].
[364.085840809744,249.729583784288,173.698464158294].
[364.085840809744,249.729583784288,173.698464158294].
[364.085840809744,249.729583784288,173.698464158294].
[364.085840809744,249.729583784288,173.698464158294].
[364.034222000686,249.745182065786,173.654757770025].
[363.802882548305,249.815088713489,173.458879327414].
[363.473087081471,249.914747009024,173.17963676088].
[363.473087081471,249.914747009024,173.17963676088].
[363.802882548305,249.815088713489,173.458879327414].
[364.034222000686,249.745182065786,173.654757770025].
[364.085840809744,249.729583784288,173.698464158294].
[364.085840809744,249.729583784288,173.698464158294].
[364.082010748883,249.726600142671,173.681820225616].
[364.064845606983,249.713228388644,173.607227294443].
[364.036545072418,249.691182093355,173.484244342174].
[364.019379930518,249.677810339328,173.409651411001].
[364.015549869657,249.674826697711,173.393007478322].
[364.015549869657,249.674826697711,173.393007478322].
[364.015549869657,249.674826697711,173.393007478322].
[364.015549869657,249.674826697711,173.393007478322].
[364.015549869657,249.674826697711,173.393007478322].
[364.015549869657,249.674826697711,173.393007478322].
[364.015549869657,249.674826697711,173.393007478322].
[364.015549869657,249.674826697711,173.393007478322].
[364.015549869657,249.674826697711,173.393007478322].
[364.015549869657,249.674826697711,173.393007478322].
[364.015549869657,249.674826697711,173.393007478322].
[364.015549869657,249.674826697711,173.393007478322].
[364.015549869657,249.674826697711,173.393007478322].
[364.015549869657,249.674826697711,173.393007478322].
[364.015549869657,249.674826697711,173.393007478322].
[364.015549869657,249.674826697711,173.393007478322].
[364.015549869657,249.674826697711,173.393007478322].
[364.015549869657,249.674826697711,173.393007478322].
[364.015549869657,249.674826697711,173.393007478322].
[364.015549869657,249.674826697711,173.393007478322].
[364.015549869657,249.674826697711,173.393007478322].
[364.015549869657,249.674826697711,173.393007478322].
[364.015549869657,249.674826697711,173.393007478322].
[364.015549869657,249.674826697711,173.393007478322].
[364.015549869657,249.674826697711,173.393007478322].
[364.015549869657,249.674826697711,173.393007478322].
[364.015549869657,249.674826697711,173.393007478322].
[364.015549869657,249.674826697711,173.393007478322].
[364.015549869657,249.674826697711,173.393007478322].
[364.015549869657,249.674826697711,173.393007478322].
[364.015549869657,249.674826697711,173.393007478322].
[364.015549869657,249.674826697711,173.393007478322].
[364.015549869657,249.674826697711,173.393007478322].
[364.015549869657,249.674826697711,173.393007478322].
[364.015549869657,249.674826697711,173.393007478322].
[364.015549869657,249.674826697711,173.393007478322].
[364.015549869657,249.674826697711,173.393007478322].
[364.015549869657,249.674826697711,173.393007478322].
[364.015549869657,249.674826697711,173.393007478322].
[364.015549869657,249.674826697711,173.393007478322].
[364.015549869657,249.674826697711,173.393007478322].
[364.015549869657,249.674826697711,173.393007478322].
[364.015549869657,249.674826697711,173.393007478322].
