[401.764876289071,265.790309646062,174.627276639684].
[402.205169540053,265.790309646062,174.806569877135].
[402.762704623852,265.784543994733,175.090295871138].
[403.078352526912,265.754813737126,175.268524937362].
[403.142655133302,265.690847103471,175.303941355993].
[403.225676449218,265.583728849148,175.285565867888].
[403.602328394932,265.371073118807,175.277530745399].
[404.277999817461,265.05474196605,175.360079279679].
[404.917216192667,264.759819581061,175.547248318549].
[405.583309735446,264.459688077454,175.775596963761].
[406.353870763368,264.095155927259,176.135210347468].
[407.119120402638,263.620816357461,176.735550076841].
[407.813588659703,263.071667141124,177.520813533198].
[408.46377116554,262.600773589729,178.236263067932].
[409.070928718122,262.168081241349,178.839883589739].
[409.754158759915,261.599163299068,179.527077477076].
[410.479196532194,260.788162696734,180.615662679728].
[410.981026565394,259.750469349568,181.983431013324].
[411.291835235385,258.667906353442,183.407052080972].
[411.495682853512,257.559637231649,184.740459428521].
[411.624316784338,256.355933107097,185.910700641005].
[411.586138489882,254.962622765805,187.257025703612].
[411.355504610836,253.507742697581,188.815204646702].
[411.034935343427,252.396222988717,189.937978862307].
[410.73286862547,251.694825768453,190.569117196902].
[410.58337970276,251.390963956835,190.915131518443].
[410.664221457367,251.294442555411,191.228094757729].
[411.142770927485,251.178755973148,191.822697816128].
[411.916726803535,250.999755126962,192.643275021195].
[412.338969088381,250.83154396764,193.160714588282].
[412.24609539279,250.535279654346,193.458270017666].
[411.920367375965,250.086353067907,193.778149197707].
[411.715575519807,249.845354332097,193.938512338026].
[411.560200725738,249.924826307351,193.791288891113].
[411.113698776658,250.156022504504,193.364742266099].
[410.389458188291,250.296250086486,192.920643961088].
[409.900508814331,250.342322797293,192.66271504673].
[409.575046841658,250.408578779778,192.415093657102].
[409.148784882701,250.532612673776,192.025838307328].
[408.693193584657,250.665180831879,191.609799891637].
[408.26665632049,250.789294834311,191.220293137712].
[407.964989894954,250.853916047471,190.9874520602].
[407.532560913682,250.861133925872,190.783663125468].
[406.759113829227,250.848639309412,190.392482742169].
[406.05203603,250.841060941447,189.938004677261].
[405.749936564592,250.839369978989,189.704849254126].
[405.698990315628,250.839369978989,189.658344080384].
[405.698990315628,250.839369978989,189.658344080384].
[405.698990315628,250.839369978989,189.658344080384].
[405.723991197443,250.872625248771,189.658004786866].
[405.836037376221,251.021665027883,189.656484178813].
[406.022869018856,251.269314653446,189.653977119972].
[406.14432102776,251.42697976389,189.65245651192].
[406.186917873857,251.476370879206,189.662743088595].
[406.205683138332,251.49357899603,189.710364934904].
[406.223212961208,251.509654188594,189.788880085863].
[406.179594352383,251.531216482906,189.779704058128].
[405.944251607402,251.591301684022,189.535779517002].
[405.552793874369,251.687208002825,189.116096839395].
[405.260042791116,251.74537812564,188.826068367401].
[404.938434642925,251.739943099801,188.6096763535].
[404.409534982841,251.622034566727,188.32226184647].
[403.881554320918,251.323321351291,188.047848284111].
[403.508941086755,250.959007276295,187.797473206228].
[403.317743805971,250.738489585877,187.61327572872].
[403.22847224601,250.646839398434,187.509473157426].
[403.159471864873,250.536051777519,187.417349381444].
[403.102712016858,250.268977581537,187.327181448508].
[403.103645058178,249.890774999415,187.339233337078].
[403.218507992391,249.673183032989,187.493235319228].
[403.496306476977,249.634462925851,187.735271482729].
[403.965811647314,249.649899815247,188.029762300617].
[404.666138614721,249.655045846287,188.449318922515].
[405.488989091829,249.638236097225,189.150526915556].
[406.480766127537,249.607077070788,190.123733952009].
[407.529766573675,249.590046221779,190.979421760901].
[408.599552912083,249.610864853163,191.651512706909].
[409.330279475557,249.699348655451,192.094479721644].
[409.861657189083,249.830848248753,192.397234531386].
[410.342614276222,249.907396937405,192.643024259193].
[410.521947948656,249.909255683136,192.767601514213].
[410.228017517152,249.840945670782,192.777798470928].
[409.49264489056,249.722769733466,192.636861675418].
[408.544630575146,249.641939087989,192.199652322962].
[407.542874355573,249.618351566172,191.571372589521].
[406.709832100744,249.616424393433,191.093126684356].
[405.941091870228,249.618555895945,190.720517624251].
[405.344306811922,249.629671498003,190.409871244148].
[404.996316664974,249.684667597997,190.222846017636].
[404.886493521152,249.848577056743,190.117201482892].
[404.942105969877,250.09086187649,190.057562234732].
[404.981818878465,250.242005631944,189.962410483415].
[404.793282259333,250.312722469953,189.700237023879].
[404.491505194882,250.379688612341,189.277651627469].
[404.249090424465,250.438772205718,188.834975180281].
[403.894258556471,250.524917951275,188.308097628575].
[403.203983700729,250.691195175422,187.543626253414].
[402.353417533768,250.906084319604,186.707319143822].
[401.68863538046,251.075705890106,186.074028441182].
[401.396757850665,251.146849337988,185.760971913295].
[401.327932418689,251.159441476404,185.626031561056].
[401.417709343978,251.127994270396,185.656674418968].
[401.865285424058,250.98705767094,186.02002816842].
[402.607120327491,250.754692501597,186.638622336631].
[403.1083867089,250.599122212885,187.061565316294].
[403.490062236171,250.489485582849,187.406972985943].
[404.10126779689,250.32486125078,187.984682402069].
[404.719977682332,250.166132798604,188.600951975921].
[405.017304980751,250.095003928122,188.944590347051].
[405.078409955422,250.082398149287,189.042088126607].
[405.133923398887,250.071695575253,189.111522621451].
[405.372887782379,250.023729966184,189.372913068536].
[405.768999083283,249.94464804625,189.814677503788].
[406.01748991941,249.896682437181,190.124490114769].
[406.08651654566,249.887933569268,190.262648858677].
[406.096042998295,249.896689472635,190.321821551558].
[406.057772027242,249.913069497786,190.380806524995].
[405.872480651796,249.930537719673,190.467644641432].
[405.536329974487,249.936184909873,190.548997980872].
[405.238300037233,249.895118140528,190.622668354752].
[405.010954503552,249.780102510474,190.692712584283].
[404.740713300708,249.569833935755,190.763431522511].
[404.22844101297,249.259733959109,190.809099051755].
[403.565029650392,248.990094895692,190.824671325608].
[403.062149261811,248.80530698298,190.839136667724].
[402.557196603465,248.562763634589,190.947919318042].
[401.876415072982,248.146129606816,191.195427900991].
[401.187989548962,247.57626788742,191.459542202439].
[400.621607475143,247.043508347123,191.659121472563].
[400.055129590319,246.654827914825,191.825511752477].
[399.45042342713,246.36619749222,191.914404495078].
[399.02993296715,246.161468078025,191.934239146971].
[398.876373789618,246.07279473496,191.934239146971].
[398.853486249858,246.056322810239,191.934239146971].
[398.825347285204,246.102509613025,191.866537929718].
[398.699237194863,246.309504502266,191.56312212431].
[398.491316806468,246.650781379084,191.062874032067].
[398.36285034532,246.85564200716,190.747883980863].
[398.324150859373,246.892263715013,190.628310592728].
[398.306739503287,246.87649353954,190.542787841237].
[398.293810882584,246.864783560368,190.490915670355].
[398.257923761473,246.821678319928,190.489548311825].
[398.114797758481,246.63393269402,190.545392330888].
[397.832132807153,246.252071018662,190.666076312301].
[397.555311196314,245.87549726828,190.786449312109].
[397.416511976574,245.691647908593,190.841920918178].
[397.36504689555,245.63438533886,190.852020842133].
[397.288141284953,245.543462305222,190.859929736834].
[397.055900514861,245.237985672892,190.895374943772].
[396.685408256504,244.745587467319,190.953814210396].
[396.450678699739,244.401895226225,190.989259417335].
[396.391341835692,244.151316702849,191.04206342041].
[396.389434843284,243.80164427943,191.252948865419].
[396.414873202246,243.458067888333,191.632232555875].
[396.570894883191,243.233191230723,191.923652289988].
[396.985686509782,243.146007665827,192.042744677982].
[397.554220461902,243.169109738203,192.092763034896].
[398.069301171997,243.316942533012,192.234122986724].
[398.702441608271,243.542275667899,192.585509465162].
[399.579549169975,243.677918368179,193.045000276611].
[400.228194609782,243.733178673749,193.381628250621].
[400.600341918737,243.818495133353,193.529819998449].
[401.029563530904,243.963603519324,193.564805093104].
[401.525703337063,244.138792660666,193.624641972786].
[401.889878766147,244.361163214116,193.680144940657].
[402.13263577039,244.562050084396,193.697604473773].
[402.27057795211,244.685426360427,193.676603596066].
[402.398487573197,244.842790369285,193.579600509159].
[402.567889392077,245.074502314895,193.419669456451].
[402.670636789039,245.215042714129,193.322666369543].
[402.646830200329,245.260964513692,193.276174972321].
[402.437389074943,245.330386456611,193.164818072434].
[402.09207903656,245.456615197448,192.981221582951].
[401.882637911174,245.552584402961,192.869864683064].
[401.835905279325,245.58576933405,192.845017600158].
[401.835905279325,245.589924449012,192.845017600158].
[401.756449176039,245.619216052651,192.75127510678].
[401.400351626368,245.781867901336,192.309429364428].
[400.813246021782,246.138922629939,191.519413899755].
[400.457148472112,246.50203743124,190.938791250409].
[400.400628910748,246.703321690814,190.725981325844].
[400.503423359992,246.875311704305,190.606915723973].
[400.672902754972,247.107145037768,190.446421664916].
[400.775697204216,247.247759062456,190.349077097396].
[400.798633746139,247.279134292304,190.327356588456].
[400.798633746139,247.279134292304,190.327356588456].
[400.845287726838,247.264455520709,190.351626519313].
[401.054376362226,247.194495526435,190.460396803173].
[401.399105242853,247.067325326819,190.639728683792].
[401.608193878241,246.970695469796,190.748498967652].
[401.65484785894,246.937308765364,190.772768898509].
[401.65484785894,246.933134461314,190.772768898509].
[401.65484785894,246.933134461314,190.772768898509].
[401.659391532238,246.937308765364,190.795407965936].
[401.684253256543,246.960149403246,190.919282684903].
[401.742440900619,247.013606793861,191.209205377676].
[401.820413441047,247.085240705443,191.597707253666].
[401.975785410548,247.176687820453,192.028449777337].
[402.382378549792,247.320343150199,192.536408449816].
[402.982905893456,247.496168473495,193.106724642288].
[403.328673989189,247.606266074458,193.608994359586].
[403.325725482207,247.657026625093,194.028148743196].
[403.022858256662,247.70772511132,194.348590857451].
[402.344721108369,247.807071831435,194.484430473941].
[401.224084405536,247.943800662126,194.44622426261].
[399.648958530062,248.063887728438,194.022183672336].
[397.70233227585,248.194318451937,192.643644452294].
[395.408514472049,248.393814925522,190.483561192527].
[393.131142830584,248.674760117778,188.92975457161].
[390.944416725572,248.970399064093,188.067064597368].
[388.772270428501,249.155550895016,187.089883524108].
[386.282373164728,249.21209587114,185.692204371299].
[383.087900014265,249.116520907901,183.816429578502].
[378.86256505559,248.550458690554,181.4370297868].
[373.229691253571,247.086745168515,178.301259294073].
[366.024350276036,244.736855717423,174.415995494646].
[357.069498705378,241.468850481291,170.091269459663].
[346.295898673622,236.61161065551,166.235064508363].
[333.926152517826,229.793766662806,163.395653377483].
[320.433620680932,221.198331252864,161.552006675899].
[306.953589308596,211.639283277687,160.484197567274].
[296.402176089877,203.674402714075,159.535836297224].
[291.505019519874,199.882126324736,158.28365104378].
[290.302111898279,198.947348377247,157.105931859228].
[290.053932710249,198.758890315915,156.270692499451].
[289.865953070518,198.616145556554,155.621492229412].
[289.676447544191,198.472242095563,154.967022207861].
[289.461093404831,198.308710157508,154.223282270776].
[289.260367013889,198.156285988521,153.530060242101].
[289.652382409888,198.453967926031,154.883911655515].
[291.832639909877,200.109574525904,162.413576888287].
[295.460038820968,202.864086585878,174.941041862663].
[297.660167475553,204.534782602801,182.539333458098].
[298.151082534597,204.907565272617,184.234741478641].
[298.151082534597,204.907565272617,184.234741478641].
[339.862349156599,214.203379065782,197.479385599967].
[526.799276886382,255.870965965685,256.910958014678].
[NaN,NaN,NaN].
[NaN,NaN,NaN].
[NaN,NaN,NaN].
[NaN,NaN,NaN].
[NaN,NaN,NaN].
[NaN,NaN,NaN].
[NaN,NaN,NaN].
[NaN,NaN,NaN].
[NaN,NaN,NaN].
[NaN,NaN,NaN].
[NaN,NaN,NaN].
[NaN,NaN,NaN].
[NaN,NaN,NaN].
[NaN,NaN,NaN].
[NaN,NaN,NaN].
[NaN,NaN,NaN].
[NaN,NaN,NaN].
[NaN,NaN,NaN].
[NaN,NaN,NaN].
[NaN,NaN,NaN].
[NaN,NaN,NaN].
[NaN,NaN,NaN].
[NaN,NaN,NaN].
[NaN,NaN,NaN].
[NaN,NaN,NaN].
[NaN,NaN,NaN].
[NaN,NaN,NaN].
[NaN,NaN,NaN].
[NaN,NaN,NaN].
[NaN,NaN,NaN].
[579.521197495475,277.381535165873,258.271038841231].
[409.528502805741,243.424175603988,201.618086657523].
[371.731261516713,235.860002102723,188.91447551861].
[371.989456534231,235.926018252353,188.855216806676].
[372.237773635562,236.060159719233,188.688715059495].
[372.341961941679,236.183232021439,188.414200087309].
[372.307846923585,236.204434507606,188.239417314831].
[372.153873357644,236.040373651633,188.165152772754].
[371.952733767171,235.659784557291,188.126001558765].
[371.916621021228,235.258405511847,188.18765490576].
[372.242021239036,235.041294233607,188.315326764857].
[372.878933153472,235.005082284361,188.293601713464].
[373.407720958377,235.101143115302,188.116982760534].
[373.758826804563,235.288955867083,187.996491381581].
[374.252353834906,235.474334238106,187.964660176674].
[375.112869920109,235.656231863813,187.9424939925].
[375.975091728441,235.843214592771,187.916621573616].
[376.53031264541,236.064020830322,187.931542095423].
[377.158420454475,236.38175588936,187.957292103982].
[378.150251156657,236.704545699709,187.937122154158].
[379.245335506059,236.928926660472,188.010722374884].
[380.271298623698,237.03121428336,188.367238972441].
[381.208730017889,237.058172087408,188.925339241253].
[381.708392928919,237.060985176439,189.310983182286].
[381.843540901421,237.089819534376,189.434972861686].
[382.063586307165,237.221905816892,189.487822894615].
[382.781884468566,237.447780592956,189.660629347758].
[383.812143158151,237.598137376153,189.94553902277].
[384.399663421617,237.637111955248,190.104438049472].
[384.513527701425,237.627979209161,190.080667619955].
[384.491376202408,237.60820708125,189.977904865784].
[384.477940639096,237.596214679464,189.915576104703].
[384.474942759702,237.593538812933,189.901668678262].
[384.474942759702,237.593538812933,189.901668678262].
[384.474942759702,237.593538812933,189.901668678262].
[384.474942759702,237.593538812933,189.901668678262].
[384.474942759702,237.593538812933,189.901668678262].
[384.474942759702,237.593538812933,189.901668678262].
[384.474942759702,237.593538812933,189.901668678262].
[384.474942759702,237.593538812933,189.901668678262].
[384.474942759702,237.593538812933,189.901668678262].
[384.474942759702,237.593538812933,189.901668678262].
[384.474942759702,237.593538812933,189.901668678262].
[384.474942759702,237.593538812933,189.901668678262].
[384.474942759702,237.593538812933,189.901668678262].
[384.474942759702,237.593538812933,189.901668678262].
[384.474942759702,237.593538812933,189.901668678262].
[384.477940639096,237.593538812933,189.915576104703].
[384.491376202408,237.593538812933,189.977904865784].
[384.513527701425,237.593538812933,190.080667619955].
[384.523965385344,237.593538812933,190.129088954594].
[384.513527701425,237.593538812933,190.080667619955].
[384.491376202408,237.593538812933,189.977904865784].
[384.477940639096,237.593538812933,189.915576104703].
[384.498043259162,237.625111687989,189.880018022104].
[384.601572515109,237.766611497047,189.782986513038].
[384.795363207378,238.031477169097,189.601358594033].
[385.002418610724,238.31447253857,189.407298489349].
[385.196204871475,238.579332153791,189.22567472373].
[385.299731018874,238.720827714205,189.128646128112].
[385.369028355713,238.815540651541,189.063698059992].
[385.576071325428,239.098519027203,188.869649608575].
[385.917427473545,239.565071494305,188.549717799177].
[386.12447044326,239.848049869967,188.35566934776].
[386.17066797425,239.911190880247,188.312371285718].
[386.17066797425,239.911190880247,188.312371285718].
[386.17066797425,239.911190880247,188.312371285718].
[386.17066797425,239.911190880247,188.312371285718].
[386.17066797425,239.911190880247,188.312371285718].
[386.17066797425,239.911190880247,188.312371285718].
[386.17066797425,239.911190880247,188.312371285718].
[386.150532520508,239.88225827067,188.347851069653].
[386.060291677549,239.752591310552,188.506860429531].
[385.911509680276,239.538806635298,188.769022543401].
[385.824216603563,239.41176356795,188.941792033735].
[385.81729212159,239.394590429919,189.038940443942].
[385.83907333175,239.41397852079,189.140614819812].
[385.829208359576,239.394192513049,189.223983597671].
[385.728736920068,239.255439376076,189.334997060318].
[385.558227475743,239.022348059953,189.495340697749].
[385.454808269989,238.880971030211,189.59259402994].
[385.431732326047,238.849425550923,189.614294181527].
[385.431732326047,238.849425550923,189.614294181527].
[385.431732326047,238.849425550923,189.614294181527].
[385.448897538763,238.875709715836,189.59259402994].
[385.525826684985,238.993507170449,189.495340697749].
[385.652661404698,239.187722339504,189.307405851938].
[385.72959055092,239.305519794117,189.086497302713].
[385.746755763636,239.33180395903,188.860924164569].
[385.746755763636,239.33180395903,188.737268947535].
[385.746755763636,239.33180395903,188.709677739155].
[385.746755763636,239.33180395903,188.709677739155].
[385.769854182357,239.349006550616,188.709677739155].
[385.873374113081,239.426103217311,188.709677739155].
[386.096081971689,239.55321413159,188.736323673833].
[386.48478019999,239.630310798284,188.882363611926].
[387.125331383614,239.647513389871,189.198559607625].
[387.765723307745,239.664699976538,189.514683527364].
[388.154155115439,239.741724914161,189.660637151595].
[388.399720479823,239.900257710957,189.665628931721].
[388.606550629615,240.11863576616,189.568692848604].
[388.800126074307,240.368874244462,189.408872266471].
[388.903539598111,240.510227362043,189.311936183353].
[388.926614274239,240.541767505806,189.290306819603].
[388.926614274239,240.541767505806,189.290306819603].
[388.926614274239,240.541767505806,189.290306819603].
[388.949688258207,240.558923187374,189.290306819603].
[389.105003905861,240.635809617954,189.316912865457].
[389.508121951413,240.762573911479,189.436152890364].
[389.995062999135,240.839460342058,189.632746455746].
[390.250760066689,240.856616023626,189.751986480653].
[390.302665292583,240.888140299678,189.756973469167].
[390.302665292583,241.029422303107,189.660083576181].
[390.273833358528,241.276754438995,189.45209537907].
[390.144617594797,241.482561523468,189.138991911029].
[389.931576816624,241.620469673129,188.760896933486].
[389.802361052893,241.684994754172,188.544683358432].
[389.773529118838,241.699392245839,188.496439588804].
[389.773529118838,241.699392245839,188.496439588804].
[389.773529118838,241.699392245839,188.496439588804].
[389.773529118838,241.699392245839,188.496439588804].
[389.773529118838,241.699392245839,188.496439588804].
[389.773529118838,241.699392245839,188.496439588804].
[389.773529118838,241.699392245839,188.496439588804].
[389.773529118838,241.699392245839,188.496439588804].
[389.773529118838,241.699392245839,188.496439588804].
[389.773529118838,241.699392245839,188.496439588804].
[389.773529118838,241.699392245839,188.496439588804].
[389.773529118838,241.699392245839,188.496439588804].
[389.773529118838,241.699392245839,188.496439588804].
[389.773529118838,241.699392245839,188.496439588804].
[389.773529118838,241.699392245839,188.496439588804].
[389.773529118838,241.699392245839,188.496439588804].
[389.773529118838,241.699392245839,188.496439588804].
[389.773529118838,241.699392245839,188.496439588804].
[389.773529118838,241.699392245839,188.496439588804].
[389.796601718581,241.730929551447,188.474812171383].
[389.920284692576,241.901310602449,188.356258042401].
[390.181652505126,242.264492700609,188.099527388872].
[390.437690739995,242.622911820219,187.829484368469].
[390.5641644562,242.795785284153,187.651262156266].
[390.62537132079,242.872318969252,187.509655340421].
[390.728819932669,243.013706503485,187.35317923604].
[390.881532256151,243.230869929793,187.180259263304].
[390.972462830273,243.361072483511,187.083453500778].
[390.99275218384,243.390124600174,187.061853215482].
[390.99275218384,243.390124600174,187.061853215482].
[390.99275218384,243.390124600174,187.061853215482].
[390.99275218384,243.390124600174,187.061853215482].
[390.99275218384,243.390124600174,187.061853215482].
[390.969669678504,243.358576777017,187.083453500778].
[390.866221066625,243.217189242784,187.180259263304].
[390.695663139796,242.984080607682,187.339864983106].
[390.592214527917,242.842693073449,187.436670745632].
[390.569132022581,242.811145250293,187.458271030928].
[390.571925174351,242.813640956786,187.471585283862].
[390.584443212107,242.824825937301,187.531255625716].
[390.605081967223,242.843266852589,187.629635387562].
[390.61760000498,242.854451833104,187.689305729417].
[390.620393156749,242.856947539598,187.702619982351].
[390.620393156749,242.856947539598,187.702619982351].
[390.620393156749,242.856947539598,187.702619982351].
[390.620393156749,242.856947539598,187.702619982351].
[390.620393156749,242.856947539598,187.702619982351].
[390.620393156749,242.856947539598,187.702619982351].
[390.597180757136,242.87138597313,187.667763615172].
[390.493149999496,242.938610433186,187.503241978212].
[390.321632276567,243.090599869714,187.208460353517].
[390.217601518927,243.326399630989,186.990869701509].
[390.194389119314,243.603545370866,186.91878736213].
[390.197179439447,243.758562398105,186.923767538934].
[390.241137452403,243.782950433904,187.044041320695].
[390.402716352567,243.725296665566,187.414380314029].
[390.64762721124,243.589298983617,187.92265000825].
[390.742437745649,243.439309139689,188.195505630785].
[390.554552721377,243.364899194041,188.199783705398].
[390.192926006429,243.350446969149,188.106713173682].
[389.921879803468,243.350446969149,188.024691210177].
[389.641197472136,243.350446969149,187.875719048411].
[389.236082781981,243.345630653004,187.589194551265].
[388.846443400039,243.324045421576,187.274514997829].
[388.379581855778,243.288457391389,186.975669279218].
[387.872518185114,243.266872159961,186.66421571569].
[387.604553589541,243.262055843816,186.488514621805].
[387.526842797463,243.245107219462,186.449310408588].
[387.400433405295,243.169148754939,186.449310408588].
[387.126689066927,243.029334113667,186.471066282811].
[386.852942973061,242.856501499998,186.590325790416].
[386.726531478612,242.590511624624,186.848586782289].
[386.703470685371,242.292192101781,187.106849430368].
[386.703470685371,242.136305238132,187.226110921346].
[386.706379746138,242.107342059076,187.261517357932].
[386.719417251981,242.118844654581,187.322692381044].
[386.74091246518,242.13780922846,187.423552942884].
[386.805735578406,242.134725523641,187.532085814034].
[387.040731629784,242.071920836878,187.757978956688].
[387.423378387856,241.964141845506,188.107908752572].
[387.655465378467,241.898770582765,188.320151902522].
[387.710094099965,241.886705593823,188.380892233954].
[387.722836053421,241.898005327486,188.440868363511].
[387.743843983113,241.91663543873,188.539752284045].
[387.756585936569,241.927935172393,188.599728413602].
[387.759429050684,241.930456483775,188.613110896995].
[387.759429050684,241.930456483775,188.613110896995].
[387.70769461277,241.945075011236,188.565951220278].
[387.475836947812,242.010590705982,188.354596212573].
[387.093568283821,242.118607825474,188.006130715702].
[386.838671920767,242.152617849455,187.816582484644].
[386.683685201401,242.026037756591,187.867154000482].
[386.513450968722,241.793240587868,188.028285496459].
[386.410198687269,241.652041967544,188.126016689015].
[386.387159989173,241.620536296778,188.147823465661].
[386.387159989173,241.620536296778,188.147823465661].
[386.387159989173,241.620536296778,188.147823465661].
[386.387159989173,241.620536296778,188.147823465661].
[386.335370185412,241.635154020253,188.100631841245].
[386.103264387945,241.700666111782,187.889133653888].
[385.720586622608,241.808677290575,187.540432093678].
[385.488480825141,241.874189382104,187.328933906321].
[385.436691021381,241.888807105579,187.281742281905].
[385.433733793211,241.886208884111,187.267938217305].
[385.420480416045,241.874564463354,187.206072691862].
[385.398629291204,241.855366059167,187.10407368414].
[385.385375914038,241.84372163841,187.042208158696].
[385.382418685869,241.841123416942,187.028404094096].
[385.382418685869,241.841123416942,187.028404094096].
[385.382418685869,241.841123416942,187.028404094096].
[385.382418685869,241.841123416942,187.028404094096].
[385.382418685869,241.841123416942,187.028404094096].
[385.382418685869,241.841123416942,187.028404094096].
[385.382418685869,241.841123416942,187.028404094096].
[385.382418685869,241.841123416942,187.028404094096].
[385.382418685869,241.841123416942,187.028404094096].
[385.382418685869,241.841123416942,187.028404094096].
[385.382418685869,241.841123416942,187.028404094096].
[385.382418685869,241.841123416942,187.028404094096].
[385.330532063048,241.855721594596,186.980972558246].
[385.097992352656,241.921146087837,186.768399162433].
[384.71459918585,242.029012841468,186.417924883173].
[384.482059475457,242.094437334709,186.205351487361].
[384.430172852637,242.109035512364,186.15791995151].
[384.430172852637,242.109035512364,186.15791995151].
[384.430172852637,242.109035512364,186.15791995151].
[384.430172852637,242.109035512364,186.15791995151].
[384.430172852637,242.109035512364,186.15791995151].
[384.430172852637,242.109035512364,186.15791995151].
[384.427148238275,242.106391625538,186.14384515252].
[384.413592857148,242.094542546847,186.08076627972].
[384.391243811952,242.075006718772,185.976766800404].
[384.377688430826,242.060500185148,185.913687927604].
[384.400530760493,242.03141317909,185.933299064805].
[384.516458360832,241.915085937092,186.106010420071].
[384.707590661371,241.654357250279,186.452356170405].
[384.823518261709,241.353384535024,186.763974953845].
[384.849385205739,241.197419372695,186.895099368113].
[384.849385205739,241.165861643543,186.916840831331].
[384.849385205739,241.165861643543,186.916840831331].
[384.901341631158,241.151354984165,186.964622601201].
[385.134194175093,241.086340647383,187.178765636987].
[385.521049972617,240.979150127431,187.545597842402].
[385.767109406195,240.916740643182,187.821453859223].
[385.840840311487,240.913908122927,187.970983133601].
[385.854047201129,240.933155524417,188.032696114635].
[385.931903899874,240.961820807036,188.072256756451].
[386.26762652605,241.040574681663,188.187842271462].
[386.821139560883,241.166123194135,188.378410568644].
[387.156862187059,241.242272216231,188.493996083654].
[387.231772030404,241.259263359726,188.519786698129].
[387.228888467514,241.256703775092,188.506242079504].
[387.21306688923,241.242659805804,188.43192525269].
[387.178770595699,241.21221681937,188.270829332865].
[387.144431322254,241.181735681964,188.109531528573].
[387.125645030715,241.1650600952,188.021288905131].
[387.109690435065,241.150898053505,187.946347271583].
[387.088164318543,241.131790470563,187.84523519257].
[387.075108068888,241.120201135676,187.783907616581].
[387.072194825812,241.117615205527,187.770223584729].
[387.132768476822,241.091290273623,187.866399511378].
[387.404240746508,240.970790464577,188.310710430866].
[387.851822851944,240.704470117528,189.124239416341].
[388.12329512163,240.296677668129,189.847731368995].
[388.18386877264,239.811936378354,190.323825395071].
[388.18386877264,239.538222270265,190.531438037682].
[388.18386877264,239.477710607278,190.574799439904].
[388.18386877264,239.477710607278,190.574799439904].
[388.13198730361,239.492132020872,190.526952524396].
[387.899470690901,239.556764312556,190.312517526113].
[387.516115605737,239.663324946629,189.958973983262].
[387.283598993029,239.727957238312,189.744538984979].
[387.231717523998,239.742378651906,189.696692069471].
[387.231717523998,239.742378651906,189.696692069471].
[387.231717523998,239.742378651906,189.696692069471].
[387.237441428189,239.747495048056,189.723550665125].
[387.268760044721,239.775489655175,189.870508760467].
[387.339258342955,239.838505598414,190.201311866754].
[387.424956856473,239.915108478181,190.60343979304].
[387.510123111697,239.991235591025,191.003070173979].
[387.617500004111,240.087216009375,191.506920769579].
[387.754940060556,240.219560420957,192.201664674073].
[387.877595634363,240.383342485689,193.061440993893].
[387.925180627514,240.560341492692,193.974082770713].
[387.887054883523,240.725594378402,194.727970862465].
[387.650978354569,240.857627944955,195.133949056715].
[386.840770045893,240.945127998847,195.329332813572].
[385.211763936609,240.9365845539,195.453940296165].
[383.195291897117,240.801941710522,195.483267664277].
[381.019111740715,240.524112094492,195.375807940069].
[378.431010148172,240.063012212051,195.011483912657].
[375.075667185307,239.523979871731,194.17806938285].
[370.666664577393,239.123990964149,192.922838765073].
[365.732433079069,238.75025382962,191.559796788999].
[360.467924557874,238.291376112005,190.146917131962].
[354.925718401903,237.973136390424,188.438848284622].
[349.611656194032,237.868033016148,186.723808701395].
[345.053854791833,237.854606242994,185.494790013685].
[341.080190288388,237.849572209926,184.763259340011].
[337.258182374105,237.806164773655,184.286825491775].
[333.529351719607,237.632691788847,184.014505693154].
[329.873480157985,237.246147253746,183.866132734873].
[326.376373002534,236.636869577736,183.747359909116].
[322.990696393734,235.753284394934,183.597255391436].
[319.188957673076,234.541201899354,183.347158673619].
[314.851072546916,233.187299633693,183.025144751311].
[310.179552311836,231.809234530252,182.648043381173].
[304.579807064455,230.417718692901,182.142366221991].
[297.894042192356,228.813708690519,181.578623101981].
[290.85609975688,226.994015914444,181.262395023958].
[283.899640295348,225.143190620235,181.230382957864].
[277.529484459348,223.20439940603,181.516844862287].
[272.126279261934,221.191483285347,182.334202974541].
[267.815090982734,219.297662298256,183.587735379586].
[264.065620129745,217.692138936568,184.794955758307].
[260.409408451007,216.299948667923,185.67451977926].
[256.940532846791,215.041723600043,186.223537150915].
[253.644548601241,214.093571505959,186.400388628736].
[250.389384022083,213.515942052956,186.165209734213].
[247.089933229834,213.085710409749,185.428845549365].
[243.486258553691,212.729735900382,184.174347034828].
[239.515545328514,212.428708511524,182.517476263751].
[235.445400487711,212.121487472093,180.756276573518].
[231.370949199757,211.753598122988,179.046200022058].
[226.834435120173,211.371482775347,177.634693003919].
[221.972055734896,210.750127852575,176.95581638654].
[217.47480723774,209.471639959987,176.815693274417].
[213.274749666283,207.46107806692,176.896989874055].
[208.249363185347,205.356654401752,177.234555056387].
[202.296840114832,203.390388413461,177.80883012269].
[196.649769418527,201.841490924955,178.24332824965].
[188.420374783564,202.171485960512,175.955949590225].
[165.980845118749,206.651825658218,165.037177061273].
[129.478710007024,214.255425158884,147.001596208047].
[103.557231164206,218.733993011581,136.142881552001].
[91.5909378293554,218.970922799919,134.324495786654].
[83.5290426914423,216.917483918479,136.230429849867].
[75.2623039662909,213.792990705486,139.316579375622].
[66.7427084333365,210.182601454137,142.543071377054].
[58.2756409873967,206.390726284801,145.678008549317].
[49.935365952666,202.552660469657,148.85140378499].
[41.499070893242,198.774335518724,151.988133007375].
[32.9637770032446,195.115667487865,154.97334170175].
[24.7860927070952,191.65006678737,157.733594299554].
[17.2983355620023,188.484489535739,160.229269420887].
[10.4939662769853,185.493395832297,162.750043679828].
[4.13433221284028,182.636795572225,165.214359781265].
[NaN,NaN,NaN].
[NaN,NaN,NaN].
[NaN,NaN,NaN].
[NaN,NaN,NaN].
[NaN,NaN,NaN].
[NaN,NaN,NaN].
[37.8242238719676,180.822130399815,179.961106812696].
[319.750352641944,227.87218379091,209.271996602337].
[785.062422413123,305.566757728807,256.681513648683].
[NaN,NaN,NaN].
[NaN,NaN,NaN].
[NaN,NaN,NaN].
[NaN,NaN,NaN].
[NaN,NaN,NaN].
[NaN,NaN,NaN].
[NaN,NaN,NaN].
[NaN,NaN,NaN].
[NaN,NaN,NaN].
[NaN,NaN,NaN].
