[511.257993897892,404.910818105748,81.3355319308158].
[511.586164317673,404.805626420182,81.9744861915804].
[512.036450205715,404.265417749051,83.2765946613686].
[512.718283719173,402.981884328868,85.1562708068086].
[513.585436556472,401.280933653891,87.1923706912075].
[514.558418203296,399.590222238541,89.2003890937697].
[515.50069449006,397.981325397004,91.1773490250406].
[516.201835254067,396.243231207025,93.2169549361282].
[516.757834872161,394.315605740648,95.3915286352549].
[517.497429439079,392.256840098389,97.873129363293].
[518.663423971092,390.173652616621,100.627889943667].
[520.392429497123,388.239124683861,103.497209326748].
[522.889459726063,386.399414835231,106.647207097741].
[526.035933141003,384.800592456163,109.879328660558].
[529.449975727833,383.416828418989,113.03593360263].
[532.85435819266,382.117276186323,116.112898188845].
[535.947173027238,380.936950958419,118.911178881961].
[538.270333662822,379.971841241582,121.094658840842].
[539.649019302218,379.093930536887,122.712223014637].
[540.450263482055,378.207920483765,124.052514661199].
[541.225309157166,377.55951935936,125.127132163645].
[542.40315754484,376.991623663292,126.304850456685].
[543.640446676365,376.33542905729,127.619387826673].
[544.437510776336,375.673641213415,128.758714834263].
[544.817448632346,375.153548820022,129.537637201755].
[544.949896422179,374.799806304653,129.952639526738].
[544.974055287902,374.645001100989,130.09365761316].
[544.9517449734,374.601513217909,130.115789807254].
[544.851757080739,374.543707267695,130.115789807254].
[544.64042076173,374.430710096196,130.125136354193].
[544.33210534608,374.293617366484,130.167024671455].
[543.966321013153,374.137569161976,130.236086831119].
[543.739380498411,373.954845785299,130.349386934338].
[543.609213444783,373.601558352641,130.694141893558].
[543.470492199087,373.0592254939,131.290659737954].
[543.316740373073,372.598835835316,131.72422316584].
[542.921797754634,372.34660483483,131.864487103637].
[542.06445320325,372.122170746881,131.879850095303].
[541.053463067045,371.772315550855,131.908992474988].
[540.352583374247,371.359185431078,132.046116620307].
[540.156026780819,371.103040481538,132.312586663456].
[540.5369765239,371.014163122924,132.655219567901].
[541.633750090202,371.010244801677,133.191451526082].
[543.220959702167,371.03372778481,133.944420533835].
[544.880015574836,371.025031980632,134.758883061029].
[546.36440578542,370.958219575192,135.601464295651].
[547.339347104551,370.857004472129,136.277509870588].
[547.869717715606,370.735206756618,136.717030441933].
[548.281652709969,370.547866843792,137.124279843963].
[548.595751063571,370.250738258,137.582292044912].
[548.81663261571,369.874869142893,138.053080883403].
[548.945506754152,369.609761814455,138.362107766846].
[549.073908264959,369.344661162436,138.664701729202].
[549.246929983698,368.986184368047,139.071912004324].
[549.35187296091,368.767050328794,139.318897521135].
[549.328629689845,368.717119644921,139.353049990097].
[549.097584216547,368.733842461715,139.232546916383].
[548.62977665643,368.827555525909,138.911349470581].
[548.147714274709,369.030587657755,138.409383936753].
[547.819940807219,369.233737745547,137.920355332748].
[547.687124125887,369.327592066736,137.682124842694].
[547.615386860852,369.361570168684,137.583636786369].
[547.358367871719,369.454611901662,137.311630943472].
[546.803170671188,369.657669497298,136.743433220386].
[546.249711160659,369.8627018798,136.201392748524].
[545.994773125265,369.958108499556,135.960711267085].
[545.926093048066,369.97563701203,135.918446083498].
[545.779794394465,369.97563701203,135.898150793593].
[545.360560795751,369.967137007862,135.764877398844].
[544.709301163339,369.942067486224,135.425266241346].
[544.066718855591,369.937633825029,135.001301072359].
[543.479933753711,370.030901853674,134.642901687878].
[542.818792146387,370.238176716548,134.193385352613].
[542.334722034136,370.51071280574,133.678591670132].
[542.135532357384,370.655821736016,133.401288073859].
[541.964210960035,370.635851194822,133.329928717029].
[541.594293893561,370.545020555331,133.267090766116].
[541.155556596245,370.490174116339,133.16011575022].
[540.995613152321,370.491538809039,133.085534933824].
[541.256612515145,370.550149851975,133.061708070737].
[541.786195629827,370.646356168137,133.085534933824].
[542.194558826531,370.706179768337,133.16011575022].
[542.451468771141,370.701197487363,133.309787257379].
[542.683262302878,370.601761356373,133.606644041337].
[542.991946804705,370.360712473554,134.149320893523].
[543.278643151427,370.015063117958,134.754317081377].
[543.411176296141,369.693088571154,135.150430997238].
[543.435398739981,369.538559393363,135.291476541314].
[543.435398739981,369.569128310552,135.269525222215].
[543.433482739006,369.860668622867,135.030092988707].
[543.42489581838,370.391025829483,134.514441515412].
[543.410738379693,370.794626210282,134.002361824337].
[543.402151459067,370.934370120321,133.767206943841].
[543.354218258516,370.969718752593,133.688996201083].
[543.147983478129,371.04979291992,133.529732185074].
[542.807959808946,371.182545582111,133.267150214222].
[542.601725028558,371.26427212581,133.107886198213].
[542.555707828982,371.28324046188,133.072349592815].
[542.602272696331,371.265973064925,133.115378022046].
[542.810961953387,371.187426879154,133.308218063046].
[543.200997856515,371.040412602536,133.661339854013].
[543.615690130033,370.883091843862,134.011856085014].
[544.00189655245,370.734599358095,134.314848602584].
[544.207899568912,370.65273782698,134.472524792585].
[544.253865054966,370.631856415388,134.507707106112].
[544.253865054966,370.630302477737,134.507707106112].
[544.254431188881,370.630586946952,134.51552249946].
[544.256968425062,370.633131317962,134.550548662407].
[544.261151620321,370.637326276566,134.608297042288].
[544.263688856502,370.639870647575,134.643323205235].
[544.215790011169,370.706068775911,134.543201686575].
[543.998585043376,371.030794615059,134.037551294941].
[543.640474592874,371.652839713344,133.14180239487].
[543.423269625081,372.173011774272,132.496163229954].
[543.374804645833,372.375740549669,132.290029315843].
[543.374804645833,372.406331331586,132.268118603037].
[543.374804645833,372.406331331586,132.268118603037].
[543.374804645833,372.406331331586,132.268118603037].
[543.421353440014,372.388783509398,132.311162558248].
[543.629970662133,372.310139626492,132.504072181861].
[544.020437872049,372.162942490878,132.865139603491].
[544.437523363735,372.005710876743,133.25082111338].
[544.827778228218,371.858593790463,133.611692177886].
[545.035961658304,371.779721415477,133.800491850884].
[545.080917028843,371.76062700665,133.821747559308].
[545.077541211084,371.757253508539,133.774670278871].
[545.074168921807,371.753883536487,133.727642204687].
[545.072612959471,371.75232864331,133.705943617721].
[545.072329333625,371.752045212354,133.701988329121].
[545.072329333625,371.752045212354,133.701988329121].
[545.072329333625,371.752045212354,133.701988329121].
[545.025831940357,371.769606094963,133.659298786719].
[544.817445081149,371.84830851062,133.467977531118].
[544.473873233838,371.978066857368,133.152542107472].
[544.21948788067,372.074342526409,132.925780719083].
[543.966839539768,372.170919240385,132.724259520914].
[543.626954087428,372.30218423381,132.458742861554].
[543.420803139793,372.384009390883,132.287211640323].
[543.397120303474,372.417685132786,132.241166798968].
[543.54367290009,372.477509470633,132.272912575958].
[543.917145751247,372.574062524101,132.380359836712].
[544.361049859482,372.632467771223,132.540219907322].
[544.591946722084,372.645499743367,132.634967602611].
[544.638487479751,372.645499743367,132.656108671035].
[544.638487479751,372.645499743367,132.656108671035].
[544.638487479751,372.645499743367,132.656108671035].
[544.638487479751,372.645499743367,132.656108671035].
[544.638487479751,372.645499743367,132.656108671035].
[544.638487479751,372.645499743367,132.656108671035].
[544.684995007396,372.627953558582,132.699129650315].
[544.893427285735,372.549317014004,132.891936302953].
[545.237074016533,372.419667270304,133.209820732289].
[545.445506294872,372.341030725727,133.402627384927].
[545.492013822518,372.323484540942,133.445648364208].
[545.492013822518,372.323484540942,133.445648364208].
[545.492013822518,372.323484540942,133.445648364208].
[545.492013822518,372.323484540942,133.445648364208].
[545.492013822518,372.323484540942,133.445648364208].
[545.469714232119,372.292915638341,133.467543493571].
[545.369774401557,372.155915321661,133.565670655533].
[545.20500147712,371.93003998546,133.727454994693].
[545.105061646558,371.79303966878,133.825582156655].
[545.082762056159,371.762470766179,133.847477286019].
[545.082762056159,371.762470766179,133.847477286019].
[545.082762056159,371.762470766179,133.847477286019].
[545.082762056159,371.762470766179,133.847477286019].
[545.082762056159,371.762470766179,133.847477286019].
[545.082762056159,371.762470766179,133.847477286019].
[545.082762056159,371.762470766179,133.847477286019].
[545.082762056159,371.762470766179,133.847477286019].
[545.105061646558,371.79303966878,133.825582156655].
[545.20500147712,371.93003998546,133.735507208512].
[545.369774401557,372.155915321661,133.609810388015].
[545.470288702945,372.293488694938,133.571181485681].
[545.495162892966,372.326625859027,133.585373874981].
[545.499407690126,372.33086020637,133.593426088799].
[545.501982289747,372.333428467858,133.593426088799].
[545.502556760573,372.334001524455,133.593426088799].
[545.502556760573,372.334001524455,133.593426088799].
[545.502556760573,372.334001524455,133.593426088799].
[545.502556760573,372.334001524455,133.593426088799].
[545.502556760573,372.334001524455,133.593426088799].
[545.502556760573,372.334001524455,133.593426088799].
[545.502556760573,372.303432522445,133.615264641326].
[545.502556760573,372.166431760249,133.713138243498].
[545.526756240125,371.923058874989,133.917812766949].
[545.635210783138,371.707642830374,134.209780406802].
[545.814022095109,371.547788884295,134.551625927771].
[545.853675637523,371.456301276058,134.724250383094].
[545.569530424663,371.380218361785,134.671338624203].
[545.061155971575,371.283626212961,134.512698675732].
[544.752811279162,371.225040113212,134.416478683129].
[544.684010278563,371.211967787392,134.39500910077].
[544.661709366663,371.181398508714,134.40896526018].
[544.561763613539,371.044396506573,134.471512427273].
[544.396409922865,370.817945784249,134.57463527208].
[544.293905118187,370.678377534378,134.637182439173].
[544.267385043555,370.643577228483,134.651138598583].
[544.264825992001,370.641010980753,134.651138598583].
[544.264254990417,370.671007452019,134.629243343207].
[544.286554709156,370.808008557171,134.531115616498].
[544.386495114898,371.033885193345,134.369330346227].
[544.551268987647,371.170886298497,134.271202619517].
[544.582378054681,371.188399807902,134.228204912643].
[544.296197115035,371.129888806438,134.133630286404].
[543.787598491957,371.033420473753,133.977703088455].
[543.432552966225,370.992435495298,133.840100032985].
[543.155032370461,371.057926111941,133.626157540486].
[542.810961953386,371.187426879154,133.308218063046].
[542.624588482496,371.278484815961,133.115378022046].
[542.678036030102,371.352084616842,133.072349592815].
[542.888936454488,371.444534647146,133.085927203891].
[543.195141651655,371.500608425017,133.146777835053].
[543.557411863718,371.513120176053,133.247103564984].
[543.763604645931,371.513120176053,133.307954196146].
[543.809612474447,371.530682669462,133.299572840227].
[543.76307444022,371.622409404355,133.180406637685].
[543.508445538607,371.815567231644,132.889298940713].
[542.958147232415,372.01308892081,132.476901917945].
[542.409239031327,372.126297227163,132.097085589638].
[542.131983228053,372.179504304226,131.87259578133].
[541.954724077108,372.263260735903,131.643601647514].
[541.675147779653,372.393027380942,131.325149978402].
[541.401269328712,372.471734829766,131.131999277449].
[541.299225293043,372.489296835427,131.088901530613].
[541.401269328712,372.471734829766,131.131999277449].
[541.675147779653,372.393027380942,131.325149978402].
[541.954724077108,372.263260735903,131.643601647514].
[542.085923325789,372.184553287079,131.836752348467].
[542.110214934279,372.166991281418,131.879850095303].
[542.110214934279,372.166991281418,131.879850095303].
[542.110214934279,372.166991281418,131.879850095303].
[542.110214934279,372.166991281418,131.879850095303].
[542.110214934279,372.166991281418,131.879850095303].
[542.110214934279,372.166991281418,131.879850095303].
[542.110214934279,372.166991281418,131.879850095303].
[542.110214934279,372.166991281418,131.879850095303].
[542.110214934279,372.166991281418,131.879850095303].
[542.156805042253,372.149441823994,131.922917048347].
[542.365607419947,372.070790612468,132.115929741097].
[542.709864341424,371.941116687059,132.43415387315].
[542.896350932952,371.831874605524,132.649077341801].
[542.842928625972,371.677226380328,132.790341579726].
[542.678036030102,371.451188725716,132.952241532033].
[542.578023615148,371.314089957944,133.050438816913].
[542.555707828982,371.283499087935,133.072349592815].
[542.555707828982,371.283499087935,133.072349592815].
[542.555707828982,371.283499087935,133.072349592815].
[542.555707828982,371.283499087935,133.072349592815].
[542.555707828982,371.283499087935,133.072349592815].
[542.555707828982,371.283499087935,133.072349592815].
[542.555707828982,371.283499087935,133.072349592815].
[542.555707828982,371.283499087935,133.072349592815].
[542.555442902791,371.28324046188,133.0687581238].
[542.554255585973,371.282081380317,133.052662276368].
[542.552298031481,371.280170377889,133.026124710338].
[542.551110714664,371.279011296326,133.010028862907].
[542.551110714664,371.279011296326,133.010028862907].
[542.552298031481,371.280170377889,133.026124710338].
[542.554255585973,371.282081380317,133.052662276368].
[542.555442902791,371.313831331889,133.046847347898].
[542.555707828982,371.451188725716,132.952241532033].
[542.530922579892,371.69428462445,132.740376053337].
[542.419842799937,371.90783313846,132.418248814947].
[542.236703203981,372.064468331231,132.027139961546].
[542.147945588633,372.171519198538,131.784705410052].
[542.223201340688,372.325722152496,131.651808029126].
[542.388396781646,372.551835552766,131.515076516533].
[542.535891039048,372.671652599111,131.471424591275].
[542.767637270239,372.624596520097,131.628960423021].
[543.110949976496,372.496561442497,131.91920202402].
[543.225827498298,372.423218043884,132.031694985371].
[542.855482642194,372.425223497296,131.786174920163].
[542.145512723177,372.457098418362,131.316619111358].
[541.627212991594,372.476431535265,131.031819116872].
[541.368199962213,372.480745336735,130.968271648493].
[541.267877639447,372.480745336735,130.968271648493].
[541.245547577838,372.480745336735,130.968271648493].
[541.245547577838,372.480745336735,130.968271648493].
[541.245547577838,372.480745336735,130.968271648493].
[541.245547577838,372.480745336735,130.968271648493].
[541.245547577838,372.480745336735,130.968271648493].
[541.245547577838,372.480745336735,130.968271648493].
[541.245547577838,372.480745336735,130.968271648493].
[541.245547577838,372.480745336735,130.968271648493].
[541.245792633929,372.480977816857,130.971551079472].
[541.24689089913,372.48201972048,130.986248469449].
[541.248947742166,372.483971008937,131.013773901543].
[541.251148995136,372.486059296393,131.043231880642].
[541.253212570622,372.4880169718,131.070847408876].
[541.254315558392,372.489063355634,131.085607997998].
[541.254561668229,372.489296835427,131.088901530613].
[541.276893480636,372.519909439785,131.066975275353].
[541.376977720222,372.657105614151,130.968708616805].
[541.541988734889,372.883303865087,130.806694286654].
[541.642072974475,373.020500039454,130.708427628106].
[541.642072974475,373.020500039454,130.708427628106].
[541.541988734889,372.883303865088,130.806694286654].
[541.376977720222,372.657105614151,130.968708616805].
[541.276893480636,372.519909439785,131.066975275353].
[541.254561668229,372.489296835427,131.088901530613].
[541.254561668229,372.489296835427,131.088901530613].
[541.254561668229,372.489296835427,131.088901530613].
[541.254561668229,372.489296835427,131.088901530613].
[541.254561668229,372.489296835427,131.088901530613].
[541.254561668229,372.489296835427,131.088901530613].
[541.254561668229,372.489296835427,131.088901530613].
[541.254561668229,372.489296835427,131.088901530613].
[541.301185089127,372.471734829766,131.131999277449].
[541.510136764986,372.393027380942,131.325149978402].
[541.854639837523,372.263260735903,131.643601647514].
[542.063591513382,372.184553287079,131.836752348467].
[542.087891105715,372.136389504016,131.901768639721].
[541.98784264723,371.999241852701,132.000000740678].
[541.822890625625,371.773123602751,132.161958094991].
[541.72284216714,371.635975951435,132.260190195947].
[541.700518338575,371.605374174033,132.282108740365].
[541.747116488948,371.588356219546,132.325167924893].
[541.955954910173,371.512087038923,132.518145801567].
[542.300804534649,371.386340418531,132.843541898998].
[542.512032938757,371.310071237907,133.068919552463].
[542.562571504748,371.29305328342,133.165396938152].
[542.564961487632,371.29305328342,133.197796714943].
[542.565494764896,371.29305328342,133.205026082327].
[542.565494764896,371.29305328342,133.205026082327].
[542.565494764896,371.29305328342,133.205026082327].
[542.612078737222,371.275553186871,133.248381459613].
[542.820853616848,371.197123195435,133.442686780136].
[543.165065201675,371.067814000294,133.763042095092].
[543.420104207447,370.971896584715,133.996721648707].
[543.674315721435,370.876023290513,134.220489845211].
[544.017446215141,370.746807732492,134.529129809813].
[544.226901749867,370.66843453484,134.734777797684].
[544.274448146259,370.650947110697,134.791853578203].
[544.274734259424,370.650947110697,134.795803327316].
[544.274734259424,370.650947110697,134.795803327316].
[544.274734259424,370.681516389375,134.773964577136].
[544.274734259424,370.849087531859,134.654251437794].
[544.297035171325,371.211967029084,134.395009642507].
[544.419281735431,371.574846124118,134.135768134547].
[544.684009725361,371.742416784963,134.016055339288].
[544.948737421886,371.772985925306,133.994216687936].
[545.070983634626,371.772985925306,133.994216687936].
[545.093284445609,371.772985925306,133.994216687936].
[545.093284445609,371.772985925306,133.994216687936].
[545.093284445609,371.772985925306,133.994216687936].
[545.093284445609,371.772985925306,133.994216687936].
[545.093284445609,371.772985925306,133.994216687936].
[545.093284445609,371.772985925306,133.994216687936].
[545.093284445609,371.772985925306,133.994216687936].
[545.093284445609,371.772985925306,133.994216687936].
[545.093284445609,371.772985925306,133.994216687936].
[545.093284445609,371.772985925306,133.994216687936].
[545.093284445609,371.772985925306,133.994216687936].
[545.093284445609,371.772985925306,133.994216687936].
[545.093284445609,371.772985925306,133.994216687936].
[545.093284445609,371.772985925306,133.994216687936].
[545.093284445609,371.772985925306,133.994216687936].
[545.093284445609,371.772985925306,133.994216687936].
[545.024441578005,371.759915241627,133.994216687936].
[544.715909250695,371.70133650144,133.994216687936].
[544.184916345369,371.574176175284,133.990783836158].
[543.776401592663,371.378545988629,133.975398861868].
[543.542715573613,371.139241822162,133.953819598612].
[543.442456363992,371.000963074933,133.951617243044].
[543.418906808561,370.968359286864,133.959192471037].
[543.370287234389,370.984645073062,133.904992829893].
[543.160314794112,371.062859435652,133.698239062634].
[542.815897155514,371.192264617647,133.375307921543].
[542.607165176078,371.270752828053,133.181736773006].
[542.560590776078,371.28826591501,133.138545211633].
[542.607165176078,371.271026675868,133.181736773006].
[542.769589967414,371.211005005365,133.335738815362].
[542.906196403,371.160884209884,133.477547254653].
[542.819345944108,371.193765766222,133.422095435117].
[542.867160804948,371.17652652708,133.482255886317].
[543.165065201675,371.066384061097,133.763042095092].
[543.373840081301,370.989123151451,133.957347415614].
[543.420424053627,370.971883912309,134.0007027929].
[543.420424053627,370.971883912309,134.0007027929].
[543.420424053627,370.971883912309,134.0007027929].
[543.420424053627,370.971883912309,134.0007027929].
[543.420424053627,370.971883912309,134.0007027929].
[543.420702031738,370.972158941343,134.0007027929].
[543.421947843201,370.973391535961,134.004373017822].
[543.446311610172,371.006004223292,134.020821824739].
[543.569852530603,371.157372844208,134.04794132258].
[543.88121814217,371.442246353412,134.060366485248].
[544.35334942893,371.675975593123,134.046003987716].
[544.817421670545,371.764905326689,134.016273054638].
[545.04702988425,371.776696937419,133.998240332185].
[545.093284445609,371.774566456524,133.994216687936].
[545.093284445609,371.773274254542,133.994216687936].
[545.093284445609,371.772985925306,133.994216687936].
[545.093284445609,371.772985925306,133.994216687936].
[545.093284445609,371.772985925306,133.994216687936].
[545.093284445609,371.772985925306,133.994216687936].
[545.093284445609,371.772985925306,133.994216687936].
[545.093284445609,371.772985925306,133.994216687936].
[545.093284445609,371.772985925306,133.994216687936].
[545.070983634626,371.742416784963,134.016055339288].
[544.948737421886,371.574846124118,134.135768134547].
[544.684009725361,371.211967029084,134.395009642507].
[544.419281735431,370.849087531859,134.654251437794].
[544.297035171325,370.681516389375,134.773964577136].
[544.274734259424,370.650947110697,134.795803327316].
[544.274734259424,370.650947110697,134.795803327316].
[544.274734259424,370.650947110697,134.795803327316].
[544.274734259424,370.650947110697,134.795803327316].
[544.274734259424,370.650947110697,134.795803327316].
[544.274734259424,370.650947110697,134.795803327316].
[544.274734259424,370.650947110697,134.795803327316].
[544.274734259424,370.650947110697,134.795803327316].
[544.274734259424,370.650947110697,134.795803327316].
[544.274734259424,370.650947110697,134.795803327316].
[544.274734259424,370.650947110697,134.795803327316].
[544.297035171325,370.681516389375,134.773964577136].
[544.396980924448,370.818518391516,134.676090089146].
[544.561763613539,371.074965646917,134.492883687586].
[544.684010177645,371.348969031224,134.297135154518].
[544.806256390385,371.605415402796,134.113929384367].
[544.971038333786,371.742416784963,134.016055339288].
[545.070983634626,371.772985925306,133.994216687936].
[545.092997155371,371.772985925306,133.990210297774].
[545.091709609856,371.772698832477,133.972254902774].
[545.089586806177,371.771412171681,133.942651461113].
[545.088299260662,371.769290826659,133.924696066113].
[545.087725909502,371.767718301505,133.916700429131].
[545.086443873393,371.766150053501,133.898821865258].
[545.08433015319,371.764037785713,133.869345096711].
[545.083048117081,371.762756630538,133.851466532839].
[545.082762056159,371.762470766179,133.847477286019].
[545.082762056159,371.762470766179,133.847477286019].
[545.082762056159,371.762470766179,133.847477286019].
[545.082762056159,371.79303966878,133.825582156655].
[545.012013361245,371.965144891927,133.641382297279].
[544.694939708508,372.348349503758,133.093846890864].
[544.172173632861,372.744741943672,132.359723739122].
[543.855099980124,372.932640121903,131.952077542504].
[543.78435128521,372.96774502837,131.866004845089].
[543.78435128521,372.96774502837,131.866004845089].
[543.78435128521,372.96774502837,131.866004845089].
[543.762035627569,372.937154334544,131.884267964762].
[543.661757392548,372.799797276153,131.966117588588].
[543.495671841988,372.572599806386,132.101064804389].
[543.393691587521,372.433587469947,132.182914428216].
[543.370182025517,372.40183565914,132.201177547888].
[543.369915629445,372.401576578922,132.201177547888].
[543.392230579569,372.432167083255,132.179238840831].
[543.492239247643,372.56926421218,132.080916377198].
[543.657125665952,372.825889606091,131.896871378165].
[543.757134334026,373.100083581449,131.700226653493].
[543.755207639578,373.343701995999,131.495200982654].
[543.646564126055,373.453108688543,131.280902176929].
[543.467441254386,373.524738220742,131.005577066596].
[543.358797740863,373.69256135186,130.749383723464].
[543.312233225496,373.786098912094,130.651992212193].
[543.21218905943,373.679554775217,130.7249050597].
[543.047244114829,373.453440211712,130.871392642982].
[542.946943454336,373.316049173802,130.943904871682].
[542.923471055266,373.284347091466,130.950175656519].
[542.92157580355,373.28253217276,130.94667795338].
[542.920426275277,373.28143136892,130.94667795338].
[542.895911921264,373.329406375604,130.881908326584].
[542.787195737094,373.54551624255,130.591630998083].
[542.607953051783,373.901821176992,130.113044592182].
[542.499236867612,374.117931043938,129.822767263681].
[542.474979008028,374.166151673159,129.757997636885].
[542.474979008028,374.166151673159,129.757997636885].
[542.474979008028,374.166151673159,129.757997636885].
[542.474979008028,374.166151673159,129.757997636885].
[542.474979008028,374.166151673159,129.757997636885].
[542.474979008028,374.166151673159,129.757997636885].
[542.474979008028,374.166151673159,129.757997636885].
[542.474979008028,374.166151673159,129.757997636885].
[542.474979008028,374.166151673159,129.757997636885].
[542.474979008028,374.166151673159,129.757997636885].
[542.474979008028,374.166151673159,129.757997636885].
[542.474979008028,374.166151673159,129.757997636885].
[542.474732443113,374.165919204663,129.754648910809].
[542.473627415832,374.164877353146,129.739640961757].
[542.471805533848,374.163159630389,129.714897036925].
[542.470700506566,374.162117778872,129.699889087873].
[542.470453941652,374.161885310376,129.696540361797].
[542.470453941652,374.162117778872,129.696540361797].
[542.470453941652,374.163159630389,129.696540361797].
[542.424087690013,374.182509362755,129.65706361557].
[542.216288566812,374.262572399023,129.480141113472].
[541.873685732358,374.393088775654,129.188445220998].
[541.665886609157,374.472109960405,129.0115227189].
[541.641620616557,374.52014397845,128.950056223712].
[541.740904727592,374.656616883381,128.851505006131].
[541.905269727784,374.882247492679,128.689021517454].
[542.006072016877,375.020129542305,128.590470299873].
[542.029237222271,375.051520014182,128.568480550912].
[542.029474843922,375.051740570188,128.568480550912].
[542.029474843922,375.051740570188,128.568480550912].
[542.029474843922,375.051740570188,128.568480550912].
[542.029474843922,375.051740570188,128.568480550912].
[542.029474843922,375.051740570188,128.568480550912].
[542.029474843922,375.051740570188,128.568480550912].
[542.029474843922,375.051740570188,128.568480550912].
[542.029474843922,375.051740570188,128.568480550912].
[542.029474843922,375.051740570188,128.568480550912].
[542.029474843922,375.051740570188,128.568480550912].
[542.029474843922,375.051740570188,128.568480550912].
[542.029474843922,375.051740570188,128.568480550912].
[542.029474843922,375.051740570188,128.568480550912].
[542.051812696774,375.082363096469,128.546490829354].
[542.151924007758,375.219603737808,128.447939734586].
[542.316979655613,375.44587530239,128.285456448391].
[542.417090966596,375.58311594373,128.186905353624].
[542.486025830956,375.596084895142,128.207756552583].
[542.694859148139,375.516967061602,128.399756237828].
[543.03916708021,375.386523806553,128.716310202861].
[543.248000397393,375.307405973013,128.908309888107].
[543.2945974089,375.289752398145,128.951150808624].
[543.2945974089,375.289752398145,128.951150808624].
[543.316678374032,375.320130877462,128.929168838547].
[543.415638394126,375.456277776189,128.83065248351].
[543.578795884203,375.68074606406,128.668226473448].
[543.677755904297,375.816892962788,128.569710118411].
[543.677755904297,375.834325659528,128.547728148334].
[543.578547706156,375.776306687245,128.547728148334].
[543.367690631507,375.68064957354,128.523627099128].
[543.058106892398,375.622630601257,128.415613690315].
[542.690677292333,375.609684818681,128.237529685683].
[542.528226524515,375.59201912342,128.172194943236].
[542.690429114286,375.51284697005,128.339366406618].
[543.034665492376,375.382314156743,128.654721466623].
[543.243455409876,375.303142003373,128.845993979211].
[543.290042737606,375.285476308112,128.888672645577].
[543.243455409876,375.303142003373,128.845993979211].
[543.034665492376,375.382314156743,128.654721466623].
[542.690429114286,375.51284697005,128.339366406618].
[542.481639196786,375.59201912342,128.148093894029].
[542.435051869057,375.609684818681,128.105415227664].
[542.435051869057,375.609684818681,128.105415227664].
[542.435051869057,375.609684818681,128.105415227664].
[542.435051869057,375.609684818681,128.105415227664].
[542.457388839616,375.609684818681,128.105415227664].
[542.581746553605,375.59201912342,128.148093894029].
[542.855478242827,375.51284697005,128.339366406618].
[543.134772849195,375.382314156743,128.654721466623].
[543.287873626413,375.333521248194,128.823984168932].
[543.41108526234,375.452005882414,128.764604132058].
[543.574244827602,375.676479826641,128.586655891359].
[543.673206106359,375.812630156122,128.462762096464].
[543.695287352337,375.843009400943,128.425435768361].
[543.695287352337,375.843009400943,128.422018191286].
[543.695287352337,375.843009400943,128.422018191286].
[543.695287352337,375.843009400943,128.422018191286].
[543.695287352337,375.843009400943,128.422018191286].
[543.695287352337,375.843009400943,128.422018191286].
[543.695287352337,375.843009400943,128.422018191286].
[543.695287352337,375.843009400943,128.422018191286].
[543.695287352337,375.843009400943,128.422018191286].
[543.695287352337,375.843009400943,128.422018191286].
[543.671053548884,375.860697809902,128.379493435828].
[543.56244517682,375.939971759002,128.188910704074].
[543.383380243621,376.101294311382,127.852647689158].
[543.274771871557,376.317806123194,127.563265175119].
[543.250538068105,376.561761515549,127.357847117067].
[543.250538068105,376.698999378261,127.259047334782].
[543.203943507905,376.747124882387,127.194440120879].
[542.995121176719,376.825570565522,127.00369045875].
[542.650602906423,376.954905631901,126.686089003826].
[542.440756728559,377.033351315036,126.481408326758].
[542.392474130563,377.050854912877,126.415877963447].
[542.391450283884,377.050854912877,126.401946948508].
[542.391221832811,377.050854912877,126.398838518913].
[542.391221832811,377.050854912877,126.398838518913].
[542.390994352545,377.050648032114,126.395743298652].
[542.389974856723,377.049720856861,126.381871483836].
[542.388293992276,377.048192203299,126.359000727685].
[542.387274496455,377.047265028046,126.345128912869].
[542.409389141941,377.077690088188,126.319925736882].
[542.509519602731,377.214972922942,126.220844753341].
[542.674606823282,377.441314052703,126.057487828254].
[542.752395158321,377.547964946553,125.980514800437].
[542.674606823282,377.441314052703,126.057487828254].
[542.509519602731,377.214972922942,126.220844753341].
[542.316142860775,377.113196420085,126.23535861093].
[541.875899895873,377.241692818772,125.878463002568].
[541.186897893322,377.504051097027,125.253591764785].
[540.768997054172,377.663179436618,124.874588200697].
[540.675750773006,377.698685768516,124.790021074746].
[540.675750773006,377.698685768516,124.790021074746].
[540.675750773006,377.698685768516,124.790021074746].
[540.675750773006,377.698685768516,124.790021074746].
[540.720465537125,377.75999180896,124.745774619057].
[540.920863206759,378.034746420362,124.547475762194].
[541.251263107284,378.487740192405,124.220536218929].
[541.451660776918,378.762494803808,124.022237362066].
[541.496375541037,378.823800844252,123.977990906377].
[541.496375541037,378.823800844252,123.977990906377].
[541.496375541037,378.823800844252,123.977990906377].
[541.496375541037,378.823800844252,123.977990906377].
[541.496375541037,378.823800844252,123.977990906377].
[541.496375541037,378.823800844252,123.977990906377].
[541.496166924058,378.823800844252,123.975175044968].
[541.49502423513,378.823800844252,123.959751306785].
[541.492551760114,378.823617136674,123.926378438327].
[541.490081856613,378.82279381643,123.893040279543].
[541.488942247176,378.821436390831,123.877658107592].
[541.48873451468,378.820613070588,123.874854184708].
[541.48873451468,378.82042936301,123.874854184708].
[541.442098938594,378.838061554343,123.832833086834].
[541.233092786962,378.91708355353,123.644507591768].
[540.888499899059,379.047368804441,123.334011342237].
[540.679493747427,379.126390803627,123.145685847171].
[540.632858171341,379.144022994961,123.103664749297].
[540.586191040735,379.16185016905,123.061615219147].
[540.377043471557,379.241746020318,122.873162299461].
[540.032217425537,379.373472009745,122.562455962249].
[539.823069856359,379.453367861014,122.374003042563].
[539.776402725753,379.471195035102,122.331953512413].
[539.776402725753,379.471195035102,122.331953512413].
[539.776402725753,379.471195035102,122.331953512413].
[539.776589957641,379.471355481726,122.334436533004].
[539.777429072749,379.472074553608,122.345564659249].
[539.778812539675,379.473260102714,122.363911837691].
[539.779651654782,379.473979174596,122.375039963935].
[539.77983888667,379.47413962122,122.377522984526].
[539.780026917605,379.47430075258,122.380016601863].
[539.78086961379,379.475022893232,122.391192219429].
[539.782258984914,379.476213501887,122.409617697823].
[539.783101681099,379.47693564254,122.420793315389].
[539.783289712034,379.4770967739,122.423286932727].
[539.783289712034,379.4770967739,122.423286932727].
[539.783289712034,379.4770967739,122.423286932727].
[539.807415234254,379.459292048939,122.465658353378].
[539.915538323502,379.348833221682,122.672440711079].
[540.0938031606,379.079676565957,123.061207013722].
[540.201729728398,378.77236487209,123.375880242853].
[540.224974502581,378.615098345352,123.49393316196].
[540.223522394559,378.582399737416,123.510819986831].
[540.222641646522,378.581460782674,123.510819986831].
[540.222445125072,378.581289626485,123.510819986831].
[540.222445125072,378.581289626485,123.510819986831].
[540.222445125072,378.581289626485,123.510819986831].
[540.175770512596,378.581289626485,123.490970892205].
[539.944219143352,378.568433498782,123.402013421764].
[539.499081224863,378.51081633177,123.255347348059].
[539.124604954262,378.415821682961,123.166389877618].
[538.930960062412,378.37602293147,123.104477963829].
[538.699233555988,378.443023401857,122.915965486921].
[538.354063473617,378.574684673734,122.60516095645].
[538.147399289892,378.65351441788,122.419072509426].
[538.09799354498,378.672359687344,122.374585660379].
