[455.20426706461,333.557290195438,358.697961500309].
[455.402229325644,333.491408331618,358.484234357211].
[455.794394385751,333.215824558256,357.590213921998].
[456.190841650013,332.7555451231,356.097022882783].
[456.372727575797,332.476371533643,355.191356736691].
[456.420896239921,332.437069714007,354.949178494902].
[456.48782963201,332.54010476796,354.769477061692].
[456.598184139268,332.732989673597,354.473199486384].
[456.663331449225,332.970281455912,354.354891450757].
[456.653602381826,333.333838641062,354.69101589224].
[456.565743292256,333.805977290318,355.597642465976].
[456.418056422258,334.228472075165,356.720268988961].
[456.267275460535,334.536873876784,357.685644683731].
[456.128061387212,334.79593630071,358.530284836135].
[456.020774043282,334.995586513589,359.181219015159].
[455.856498055382,335.301286466202,360.177914910506].
[455.581917883054,335.754413119448,361.69331693826].
[455.281799834532,335.960846824532,362.759866091929].
[454.94870185083,335.585602716137,363.240885623541].
[454.650110403189,334.312331374259,363.308100095326].
[454.402105772863,332.060295939663,362.88331897898].
[454.112654128987,329.300976904829,362.120255816931].
[453.695758481005,326.946171652548,361.695687509629].
[453.18681399014,325.479765554356,361.805312338448].
[452.684537679519,324.469496914623,362.31214215321].
[452.283945822735,323.38912071789,362.961918354208].
[451.992845271048,322.324467672055,363.469569012263].
[451.754470903179,321.794327948971,363.703667720715].
[451.643029639531,321.750702822462,363.874307037222].
[451.670742387794,321.980119921663,364.225640864008].
[451.760935685657,322.438830187407,364.704130285634].
[451.815640686111,322.957474491455,365.054686301854].
[451.826543019865,323.281949401411,365.246495076344].
[451.819399570505,323.615048780815,365.596216216607].
[451.803941084892,324.164157630125,366.308638484438].
[451.773776279766,324.669473669988,367.059953088994].
[451.700678966344,324.992139004996,367.565531245647].
[451.588082221765,325.356726827799,368.036355251468].
[451.49243126786,325.973337668906,368.942750910732].
[451.363459767,326.925159674404,370.760243976386].
[451.154325477591,328.070485259612,372.928483761961].
[450.960136855734,329.119059259165,374.507688555677].
[450.864238762001,329.753448044152,375.510697887526].
[450.84016316191,329.968935313205,375.966411537025].
[450.837773612889,329.999990952834,376.063732433538].
[450.837773612889,329.999990952834,376.063732433538].
[450.866859069447,330.014048151988,375.985909269678].
[451.013042835236,330.108030425517,375.53956229762].
[451.328117822424,330.36495517825,374.468804492495].
[451.719621929493,330.73482277412,373.117393474389].
[452.10955708431,331.102108873943,372.06258710566].
[452.437235579923,331.522194472125,371.31303440424].
[452.741345143071,332.032036971415,370.279059862608].
[453.106940570768,332.478820126516,368.796668003962].
[453.538076082988,332.900697164883,367.568970024294].
[453.922125007176,333.590762290721,366.729579923834].
[454.239621922768,334.643398576391,366.007916072241].
[454.653613120322,335.520854396978,365.086806467939].
[455.220184164136,335.988554188049,363.475404788233].
[455.796519363765,336.236183403049,361.322186617097].
[456.148761419093,336.346146631733,359.921009475666].
[456.262759162601,336.369039836452,359.504468126714].
[456.277572055279,336.369039836452,359.46478901942].
[456.277572055279,336.414881388817,359.46478901942].
[456.277572055279,336.627879928293,359.485593496907].
[456.275838781752,337.023338662868,359.618448268307].
[428.36731240286,351.016389255498,491.161831394359].
[303.311981235442,412.347121700322,1079.59968499966].
[97.1439443265259,513.164295364473,2049.33169795926].
[NaN,NaN,NaN].
[NaN,NaN,NaN].
[NaN,NaN,NaN].
[NaN,NaN,NaN].
[NaN,NaN,NaN].
[NaN,NaN,NaN].
[NaN,NaN,NaN].
[NaN,NaN,NaN].
[NaN,NaN,NaN].
[NaN,NaN,NaN].
[NaN,NaN,NaN].
[NaN,NaN,NaN].
[NaN,NaN,NaN].
[NaN,NaN,NaN].
[NaN,NaN,NaN].
[NaN,NaN,NaN].
[NaN,NaN,NaN].
[NaN,NaN,NaN].
[NaN,NaN,NaN].
[NaN,NaN,NaN].
[NaN,NaN,NaN].
[NaN,NaN,NaN].
[NaN,NaN,NaN].
[NaN,NaN,NaN].
[NaN,NaN,NaN].
[NaN,NaN,NaN].
[NaN,NaN,NaN].
[NaN,NaN,NaN].
[NaN,NaN,NaN].
[NaN,NaN,NaN].
[NaN,NaN,NaN].
[NaN,NaN,NaN].
[NaN,NaN,NaN].
[NaN,NaN,NaN].
[NaN,NaN,NaN].
[NaN,NaN,NaN].
[NaN,NaN,NaN].
[NaN,NaN,NaN].
[NaN,NaN,NaN].
[NaN,NaN,NaN].
[NaN,NaN,NaN].
[NaN,NaN,NaN].
[NaN,NaN,NaN].
[NaN,NaN,NaN].
[NaN,NaN,NaN].
[NaN,NaN,NaN].
[NaN,NaN,NaN].
[NaN,NaN,NaN].
[NaN,NaN,NaN].
[NaN,NaN,NaN].
[NaN,NaN,NaN].
[NaN,NaN,NaN].
[NaN,NaN,NaN].
[NaN,NaN,NaN].
[NaN,NaN,NaN].
[NaN,NaN,NaN].
[NaN,NaN,NaN].
[NaN,NaN,NaN].
[NaN,NaN,NaN].
[NaN,NaN,NaN].
[NaN,NaN,NaN].
[NaN,NaN,NaN].
[NaN,NaN,NaN].
[NaN,NaN,NaN].
[NaN,NaN,NaN].
[NaN,NaN,NaN].
[NaN,NaN,NaN].
[NaN,NaN,NaN].
[NaN,NaN,NaN].
[NaN,NaN,NaN].
[NaN,NaN,NaN].
[NaN,NaN,NaN].
[NaN,NaN,NaN].
[NaN,NaN,NaN].
[NaN,NaN,NaN].
[NaN,NaN,NaN].
[NaN,NaN,NaN].
[NaN,NaN,NaN].
[NaN,NaN,NaN].
[NaN,NaN,NaN].
[NaN,NaN,NaN].
[NaN,NaN,NaN].
[NaN,NaN,NaN].
[NaN,NaN,NaN].
[NaN,NaN,NaN].
[NaN,NaN,NaN].
[NaN,NaN,NaN].
[NaN,NaN,NaN].
[NaN,NaN,NaN].
[NaN,NaN,NaN].
[NaN,NaN,NaN].
[NaN,NaN,NaN].
[NaN,NaN,NaN].
[NaN,NaN,NaN].
[NaN,NaN,NaN].
[NaN,NaN,NaN].
[NaN,NaN,NaN].
[NaN,NaN,NaN].
[NaN,NaN,NaN].
[NaN,NaN,NaN].
[NaN,NaN,NaN].
[NaN,NaN,NaN].
[NaN,NaN,NaN].
[NaN,NaN,NaN].
[NaN,NaN,NaN].
[NaN,NaN,NaN].
[NaN,NaN,NaN].
[NaN,NaN,NaN].
[NaN,NaN,NaN].
[NaN,NaN,NaN].
[NaN,NaN,NaN].
[NaN,NaN,NaN].
[NaN,NaN,NaN].
[NaN,NaN,NaN].
[NaN,NaN,NaN].
[NaN,NaN,NaN].
[NaN,NaN,NaN].
[NaN,NaN,NaN].
[NaN,NaN,NaN].
[NaN,NaN,NaN].
[NaN,NaN,NaN].
[NaN,NaN,NaN].
[NaN,NaN,NaN].
[NaN,NaN,NaN].
[NaN,NaN,NaN].
[NaN,NaN,NaN].
[NaN,NaN,NaN].
[NaN,NaN,NaN].
[NaN,NaN,NaN].
[NaN,NaN,NaN].
[NaN,NaN,NaN].
[NaN,NaN,NaN].
[NaN,NaN,NaN].
[NaN,NaN,NaN].
[NaN,NaN,NaN].
[NaN,NaN,NaN].
[NaN,NaN,NaN].
[NaN,NaN,NaN].
[NaN,NaN,NaN].
[NaN,NaN,NaN].
[NaN,NaN,NaN].
[NaN,NaN,NaN].
[NaN,NaN,NaN].
[NaN,NaN,NaN].
[NaN,NaN,NaN].
[NaN,NaN,NaN].
[NaN,NaN,NaN].
[NaN,NaN,NaN].
[NaN,NaN,NaN].
[NaN,NaN,NaN].
[NaN,NaN,NaN].
[NaN,NaN,NaN].
[NaN,NaN,NaN].
[NaN,NaN,NaN].
[NaN,NaN,NaN].
[NaN,NaN,NaN].
[NaN,NaN,NaN].
[NaN,NaN,NaN].
[NaN,NaN,NaN].
[NaN,NaN,NaN].
[NaN,NaN,NaN].
[94.2862310401593,507.117652791695,2055.49946274412].
[296.596774759764,398.229180719775,1094.22625255664].
[419.33504869471,332.11947192829,510.989865195563].
[446.852509538491,317.089415346972,380.023039804619].
[447.07954852742,316.605343573253,378.584294362031].
[447.217254635155,316.31173920099,377.711651139579].
[447.247981021027,316.246227210387,377.516938117601].
[447.247981021027,316.246227210387,377.516938117601].
[447.247981021027,316.246227210387,377.516938117601].
[447.27716366119,316.291059686299,377.438499305468].
[447.40795118065,316.491984903591,377.08696093844].
[447.637263537915,316.868158902551,376.507372155255].
[447.829361424292,317.270331317269,376.155833788227].
[447.959627770504,317.679647999195,376.096899306763].
[448.02093813742,318.027373247491,376.184311652348].
[448.034618329409,318.313779045042,376.328430245834].
[448.034618329409,318.460257095912,376.415842591418].
[448.034618329409,318.492940766861,376.435346922088].
[448.048260571197,318.537844745803,376.435346922088].
[448.109400857111,318.771559192106,376.435346922088].
[448.225761624692,319.248872164113,376.376481881751].
[448.370238296753,319.734934900667,376.112667073852].
[448.559843092239,320.126597211484,375.677709988542].
[448.74475372766,320.513338879781,375.374690598301].
[448.901376893147,320.837821223752,375.10088687717].
[449.088384754228,321.149643618498,374.635358768587].
[449.291077458821,321.461662075974,374.091173446742].
[449.516975566318,321.809402164546,373.504518833699].
[449.826973569479,322.288389495291,372.777537301588].
[450.128033491031,322.812638561693,372.173007748092].
[450.341393135635,323.39272219885,371.753377029125].
[450.514888069593,324.066098721323,371.353195189815].
[450.764670838907,324.70259726959,370.835601355907].
[451.057651683005,325.205691624146,370.25311855663].
[451.299089534657,325.500231985326,369.654518209096].
[451.589316326363,325.699426158271,368.643703192284].
[451.962932651946,325.88808374547,367.225700818398].
[452.290359418958,326.065269635833,366.094928781027].
[452.496183749217,326.236836931998,365.486168142327].
[452.577056589773,326.418192669272,365.269042356498].
[452.591812021208,326.519989862352,365.229427269116].
[452.591812021208,326.542703886346,365.229427269116].
[452.606579313594,326.556379738646,365.189780337688].
[452.687540894125,326.626727086478,364.972416304549].
[452.862892880099,326.791117392635,364.501634797562].
[453.053070449042,327.021287728468,363.991049861754].
[453.200362295075,327.257480858204,363.595603657612].
[453.324433414383,327.430453059434,363.262499996441].
[453.421856963222,327.555349856395,362.944365022516].
[453.576183748276,327.617304679228,362.276483682562].
[453.806239270757,327.631128668769,361.240805444241].
[453.962178943101,327.676833320922,360.532796505969].
[454.080147380173,327.88166736094,360.034822113246].
[454.261037140325,328.219381599682,359.444892190878].
[454.432950359328,328.4242156397,359.08708160588].
[454.538802792487,328.515698792385,358.927275938928].
[454.685531911067,328.720863797873,358.56888721297].
[454.951950697919,329.073330886469,357.796264576099].
[455.293575704365,329.342168055481,356.623375824308].
[455.696572756757,329.507217700169,355.120038168504].
[456.038987379893,329.666658390925,353.944821311051].
[456.323504141931,329.928593262744,353.066003426686].
[456.563055063584,330.226955770521,352.165674786552].
[456.866942976474,330.397806505655,350.92589794269].
[457.233803092906,330.508787008853,349.625488365497].
[457.535327656451,330.680654477738,348.499694744175].
[457.782252522646,330.861350428773,347.410627664724].
[458.05923819553,331.017157001754,346.407667689114].
[458.332083324008,331.264485509431,345.615968414988].
[458.600973551728,331.605506024664,344.892395798609].
[458.819591177898,331.910834533989,344.304104698945].
[459.060034898603,332.270899742153,343.657080470666].
[459.406339778559,332.801838894575,342.725188188155].
[459.849940113306,333.48194708645,341.531477812138].
[460.256217958087,334.10483410607,340.438200731682].
[460.589797260807,334.616262972663,339.540552457568].
[461.012457281727,335.264266411998,338.40319161047].
[461.526526404899,336.044675188808,337.019852604039].
[462.021046746653,336.72519380415,335.630973135418].
[462.480462695794,337.164321548001,334.13406592832].
[462.995084211344,337.488370256818,332.260881331356].
[463.550699712692,337.82310957804,330.242551508228].
[464.037259609487,338.100963644018,328.442368952251].
[464.362545223919,338.33225255784,327.304338625998].
[464.603697773017,338.623499549531,326.596253571889].
[464.86310450036,339.012735152477,325.897390658895].
[465.086557944776,339.35462255661,325.295388826933].
[465.316804845263,339.706904059018,324.675084869395].
[465.585672205937,340.118275493625,323.950734237414].
[465.854710871565,340.529909027596,323.225922095896].
[466.054364797778,340.83538278181,322.688038110028].
[466.136635215597,341.020184650472,322.525012581255].
[466.136895510855,341.319682407414,322.845418825626].
[466.103876861988,341.885172642776,323.629239274038].
[466.070888121487,342.463688040408,324.412349736136].
[466.055665538091,342.83134837782,324.773714375622].
[466.03469605614,342.998914374806,324.946722858428].
[465.953154543251,343.159676985292,325.426850232789].
[465.818715316504,343.385653019278,326.218446447543].
[465.737173803615,343.52271441225,326.698573821904].
[465.734408922707,343.576976834722,326.764208554619].
[465.803559099051,343.683102747474,326.578235644501].
[465.917568465663,343.8580747972,326.271618151817].
[466.002160848656,343.98790011843,326.044114876037].
[466.08679750734,344.11779339029,325.816492524943].
[466.200900838563,344.29290964905,325.509622323254].
[466.270108007325,344.399123029002,325.323496137378].
[466.285550213974,344.422822437481,325.281965771715].
[466.285550213974,344.422822437481,325.281965771715].
[466.303829420062,344.392321776507,325.174558642342].
[466.385751138202,344.255627297584,324.693193284556].
[466.520817217432,344.030256202596,323.899555980194].
[466.602738935572,343.917321724674,323.418190622407].
[466.62101814166,344.0170856446,323.310783493034].
[466.618193874676,344.305902561034,323.376626014002].
[466.605536388203,344.618034148502,323.671711720584].
[466.581853854857,344.82804818189,324.223825846946].
[466.541160159433,345.017661032063,324.854371681515].
[466.448412519015,345.272092607722,325.59075247515].
[466.30093120692,345.550732645973,326.362604285686].
[466.120014071484,345.943531779374,327.423792104039].
[465.881463341102,346.485186116828,329.004954740037].
[465.653823727349,347.12653000576,330.553886120262].
[465.468976782925,347.764101145615,331.99090225639].
[465.225813144378,348.145043968178,333.544882449227].
[464.723917051208,348.095817772089,335.771209324833].
[463.613871192423,347.166314292174,339.445374022845].
[461.820438514666,344.837564059007,344.560476156259].
[459.583621701099,341.590142223536,350.719959968785].
[457.068014582693,338.367226178467,358.119931153996].
[454.225184234066,335.58975200914,367.342604528338].
[451.246595035668,332.995192947859,377.319602689298].
[448.465905179527,330.123088490153,386.186153332754].
[446.051332433821,326.938095816763,393.197880735573].
[444.100222136313,323.802553370203,398.304807739259].
[442.638149677887,321.319702631574,402.020865542651].
[441.745167417239,319.769945433173,404.351085611365].
[441.423033442435,319.031809043504,405.157455948868].
[441.459528049773,318.729604711143,404.76575707364].
[441.721685717496,318.580544580576,403.373821689128].
[442.153941198394,318.417608817026,401.229393977418].
[442.667473083781,318.036643991374,398.619565938855].
[443.170102036367,317.472577338927,395.929488624899].
[443.572953211983,317.089610784789,393.85008115576].
[443.877483317338,316.901291874657,392.378829078209].
[444.188482642945,316.669737195516,390.837293319352].
[444.429171387385,316.383814380281,389.538109108013].
[444.539477285254,316.250182933632,388.940120958708].
[444.63314732804,316.339196071609,388.633747504736].
[444.803734208433,316.602316125701,388.176280750511].
[444.974354158602,316.865487187943,387.718725312309].
[445.081944497722,316.987033448746,387.430197829367].
[445.225345542598,317.033147863123,387.045635954499].
[445.468379221487,317.140430865617,386.28263741106].
[445.762226144827,317.317310633815,384.995946886983].
[446.14487532445,317.42459363631,383.147361547566].
[446.494882816095,317.448531709838,381.709497820697].
[446.655092454631,317.448531709838,381.168213297613].
[446.713107842863,317.493220761784,381.012454742907].
[446.843214852868,317.693503197455,380.663146043039].
[447.085013865123,318.068473462119,380.087233359527].
[447.33920916868,318.469357881837,379.698351069883].
[447.577893168874,318.954129168911,379.40456116812].
[447.740637155475,319.68954280495,378.939640200027].
[447.912504188794,320.765266267792,378.477399503666].
[448.195139174855,321.708889463543,378.224249277977].
[448.518779978201,322.329793551514,377.929531918138].
[448.878160255794,322.886874466313,377.211306790098].
[449.332823087826,323.588164675045,376.030519104158].
[449.853406821729,324.391133929821,374.634457751127].
[450.389371223394,325.217826944151,373.197149708185].
[450.896847559923,326.0005788229,371.836238763669].
[451.319001104866,326.595392049163,370.648102046597].
[451.682922118858,326.904249863096,369.421022433398].
[452.062246304214,327.064107865803,367.989690676441].
[452.362545287296,327.195860947223,366.876774784669].
[452.670126130829,327.364997842969,365.743125902014].
[453.045710943498,327.577443987067,364.319173136582].
[453.374656593988,327.835518212874,363.183919499411].
[453.61088916668,328.120391556246,362.493429318386].
[453.854556819266,328.486531538493,361.839235275179].
[454.221442922664,329.051303893184,360.854226798141].
[454.603402388384,329.639279684181,359.828749659225].
[454.899376810696,330.094892938183,359.034123446174].
[455.163684186198,330.501758985825,358.324516287434].
[455.378574137241,330.83255348179,357.747584042119].
[455.614915065791,331.196368904318,357.113060641157].
[455.925424670615,331.674357138395,356.279410660628].
[456.257406265763,332.185398645472,355.388113109662].
[456.554889578056,332.643334634894,354.58943585895].
[456.887534233,333.155396834329,353.696358138296].
[457.199084231313,333.634986615793,352.859914930125].
[457.451616511706,333.969501986724,352.181921311369].
[457.737245823255,334.209456153845,351.358127842283].
[458.123515085083,334.558957002182,350.065839026747].
[458.50470354484,335.042379488374,348.621433492876].
[458.916096270067,335.495789480817,347.261190443556].
[459.323313382986,335.877149682699,346.053028817461].
[459.731759462431,336.173135585126,344.698925712052].
[460.248803511386,336.53443081541,342.886313089657].
[460.70099884686,336.971260676257,341.414363328249].
[460.967714437766,337.32347089023,340.640233816781].
[461.178387561781,337.647122133062,340.073974235604].
[461.389196014249,337.970981277221,339.507350910672].
[461.60890680962,338.308516842415,338.916799346259].
[461.879485726607,338.724199683673,338.189521460551].
[462.152518780561,339.143652747084,337.455647201543].
[462.438752353274,339.56885935479,336.686291813849].
[462.712232431123,339.92389795415,335.951216017793].
[463.016795714619,340.224554953987,335.074770728427].
[463.388712225842,340.434796759095,333.781576733154].
[463.857631368618,340.590815992737,331.939794677376].
[464.220102759761,340.776115752248,330.486590583629].
[464.40622545505,341.122378700784,329.928283802077].
[464.549356416188,341.591019026067,329.762912558091].
[464.744527182036,342.030254104699,329.392036644414].
[465.033683550563,342.443056352591,328.590544840863].
[465.391257250344,342.729626095955,327.36805480315].
[465.815160525831,342.947846969089,325.79792411809].
[466.173569245882,343.235481638592,324.572972914635].
[466.482331776678,343.650433331072,323.683982834704].
[466.760036274321,344.076197445691,322.936691378097].
[467.020110568068,344.474931720258,322.236842079837].
[467.159077515355,344.687989628124,321.86288770265].
[467.190085232559,344.735529273227,321.77944720258].
[467.190085232559,344.735529273227,321.77944720258].
[467.202694618083,344.78314758825,321.77944720258].
[467.259205963373,344.996558070237,321.77944720258].
[467.352377420387,345.3787484551,321.803830517907].
[467.427338409784,345.697779400392,321.805147060664].
[467.522633363655,345.833595554553,321.501465100457].
[467.658958818969,345.745397715415,320.81300703922].
[467.741644387317,345.63977725211,320.353538709508].
[467.760094031424,345.60944126829,320.245576814462].
[467.760094031424,345.60944126829,320.245576814462].
[467.772669252248,345.657138448673,320.245576814462].
[467.847562730682,345.870902380679,320.161859812065].
[468.023550964373,346.223339522287,319.78666623742].
[468.216867186635,346.437103454294,319.168076610273].
[468.312511629027,346.484800634676,318.792883035629].
[468.331046877738,346.484800634676,318.709166033232].
[468.312511629027,346.515053808501,318.817406467864].
[468.210990810086,346.680755765349,319.410258375988].
[467.991338495273,347.039271572953,320.692963690231].
[467.753560874558,347.427371447032,322.081515492918].
[467.551723363712,347.756809988425,323.260187559251].
[467.315593710162,348.142220055754,324.639115715393].
[467.095313908602,348.526834396652,325.973975942513].
[466.966895440991,348.823739705176,326.892731357137].
[466.840640331314,349.07313359875,327.771004188492].
[466.602568246337,349.188671351401,328.923649993295].
[466.198755176998,349.04521839928,330.487016475696].
[465.511186408113,348.352222506635,332.587399827113].
[464.405187419306,346.806805001755,335.610613579648].
[462.914812017651,344.537569773793,339.607387516775].
[461.182483758325,341.865557106419,344.253011988123].
[459.249295358726,338.94008678339,349.49334918471].
[457.175104596105,335.936989528277,355.25094280536].
[455.164646865182,332.999829541364,360.805424750746].
[453.392933799427,330.103217421582,365.393677078309].
[451.872881990855,327.60336507138,369.274846293054].
[450.702812941193,325.940745846348,372.412201246813].
[450.000483419811,325.21783530086,374.544905339642].
[449.680691723193,324.977188918119,375.813443316765].
[449.61156921444,324.863576110191,376.192446233311].
[449.761909687928,324.803658102812,375.539735835457].
[450.137617664154,324.720806740939,373.814555503477].
[450.58498394975,324.476794007103,371.644482014101].
[450.940251793657,324.05509169391,369.71796109178].
[451.19037545254,323.665332569826,368.266208542513].
[451.430452424502,323.50265628431,367.059133153923].
[451.740139527097,323.529561431509,365.752618563112].
[451.987366784975,323.626850890725,364.834685041738].
[452.084418668457,323.685859930607,364.517277295037].
[452.099204585135,323.699026627126,364.477534840821].
[452.099204585135,323.699026627126,364.477534840821].
[452.099204585135,323.699026627126,364.477534840821].
[452.099204585135,323.699026627126,364.477534840821].
[452.128812189148,323.744511963146,364.397953785921].
[452.261504264453,323.948363096446,364.041296241971].
[452.509931905913,324.330015551113,363.373557854058].
[452.775530238412,324.738046859375,362.659667075511].
[453.053966516364,325.16580074507,361.911269714076].
[453.319993731634,325.574490933968,361.196226159256].
[453.569128481244,325.957229699157,360.52658716458].
[453.732000762436,326.20744584076,360.088809492823].
[453.924839704851,326.503698927959,359.570485671132].
[454.278225823909,327.046596163512,358.620633730086].
[454.631751900632,327.58970841212,357.670405602618].
[454.824902865286,327.886440850377,357.151243109254].
[454.98847051888,328.137725273204,356.71159637476].
[455.20901698156,328.476544650768,356.118798654734].
[455.342785173066,328.682048991366,355.75924866253].
[455.387574882665,328.750858172631,355.638860253628].
[455.469494342736,328.876708753658,355.418672323311].
[455.646921181687,329.149284656288,354.941774057414].
[455.839349445353,329.444906829182,354.424554082157].
[456.003363376507,329.696876855772,353.98370781666].
[456.196032083812,329.992868415521,353.465841562884].
[456.373781979588,330.265940621338,352.988074965902].
[456.455876553278,330.392060224533,352.767416354929].
[456.500848104162,330.461148763489,352.646539182355].
[456.635268260866,330.667654700032,352.285236799844].
[456.856889632436,331.008125430137,351.689549876645].
[457.021351707669,331.260783927972,351.247499063206].
[457.185983436679,331.513703060172,350.804992244391].
[457.423004127174,331.877831334314,350.167914128434].
[457.640095489007,332.188219544031,349.584403231144].
[457.848719534608,332.42821507718,349.023651283129].
[458.044375391266,332.635392817887,348.440404889349].
[458.233451521714,332.829355796413,347.675118388343].
[458.509839784028,332.947889034049,346.508245679175].
[458.826699498069,333.037799599437,345.34154148559].
[459.086597324125,333.16290674806,344.326927685218].
[459.379908584645,333.296889818575,343.112066248945].
[459.681248606841,333.422579072205,342.043021133124].
[459.864874841656,333.536385388256,341.491289068357].
[460.031478142417,333.760273072849,341.042966393147].
[460.256118450102,334.104681544878,340.438468503604].
[460.39236968412,334.313575842628,340.071821999864].
[460.437990996619,334.383520398402,339.949056911942].
[460.521432322098,334.511448906462,339.724519714354].
[460.702155637824,334.78852581074,339.238200655794].
[460.882915205696,335.065658295185,338.751784044194].
[460.981644450866,335.217025557918,338.486107679355].
[461.065197609981,335.345125524306,338.261269542023].
[461.19309712819,335.533298803157,337.917097164289].
[461.329795422613,335.715315576947,337.549247639266].
[461.49068954654,335.888511545256,337.058214396341].
[461.721904066392,336.031913719512,336.175733290567].
[462.04904608322,336.152572096316,334.866190414387].
[462.309787511993,336.275411238408,333.904101019745].
[462.411378376081,336.392112524827,333.572543394355].
[462.45738735809,336.618292471212,333.448663398673].
[462.594909189935,336.96555746161,333.078383440471].
[462.821644359283,337.176184325331,332.46789499727].
[462.974527777008,337.238988472528,332.056253698101].
[463.107368004464,337.309830268873,331.640150602992].
[463.370156687565,337.426628645362,330.670729340164].
[463.685125403428,337.497470441707,329.390939500663].
[463.865197163578,337.536884173837,328.644210880244].
[463.983096610439,337.666308768728,328.268203797432].
[464.16630879761,337.946626394804,327.774615199581].
[464.349558054198,338.227000737693,327.280926733689].
[464.434192785626,338.35649325325,327.052913853868].
[464.449634646795,338.38011955198,327.011312218516].
[464.48323285971,338.37247774533,326.862057997739].
[464.667588549306,338.330546630171,326.043089891708].
[465.067234362427,338.239648461261,324.267732833992].
[465.467405632946,338.148630778736,322.490041523118].
[465.652390578933,338.106556541213,321.66827805495].
[465.686169524928,338.098873627398,321.518220958879].
[465.686169524928,338.098873627398,321.518220958879].
[465.686169524928,338.098873627398,321.518220958879].
[465.686169524928,338.098873627398,321.518220958879].
[465.686169524928,338.098873627398,321.518220958879].
[465.701735321526,338.122640339248,321.476236479381].
[465.771496382011,338.22915535198,321.28807509649].
[465.902091665965,338.428555393155,320.93583003231].
[466.041671793743,338.641673986594,320.55935080903].
[466.172349771686,338.841200289487,320.206882700429].
[466.242168838979,338.947803870194,320.018564860039].
[466.257747578645,338.971590344229,319.976545470154].
[466.257747578645,338.971590344229,319.976545470154].
[466.28894395181,339.019222677535,319.892401784909].
[466.428756396455,339.232695985109,319.515295950409].
[466.659268147851,339.584653968032,318.893553539764].
[466.799080592497,339.798127275605,318.516447705263].
[466.830276965662,339.845759608911,318.432304020018].
[466.830276965662,339.845759608911,318.432304020018].
[466.830276965662,339.845759608911,318.432304020018].
[466.830276965662,339.845759608911,318.432304020018].
[466.830276965662,339.845759608911,318.432304020018].
[466.830276965662,339.845759608911,318.432304020018].
[466.848802122708,339.814392207041,318.322997749099].
[466.931826116569,339.673813264916,317.833121029402].
[467.068709541227,339.465925062051,317.025450861615].
[467.151733535088,339.432401522982,316.535574141918].
[467.170258692135,339.577538641276,316.426267870999].
[467.170258692135,339.684594044332,316.426267870999].
[467.151733535088,339.715961446202,316.535574141918].
[467.068709541227,339.749484985271,317.025450861615].
[466.913385168331,339.835980773963,317.941930432695].
[466.729357266,340.040527434695,319.027772981744].
[466.492299141994,340.418034715219,320.426516293951].
[466.222109723986,340.825733400646,321.97121458873].
[465.870731493584,341.197645475856,323.822611899979].
[465.318940058257,341.715546269268,326.664188744347].
[464.6235706327,342.496927231499,330.376918274301].
[463.823131212998,343.531863666762,334.863453448055].
[462.99903573872,344.457036855009,339.510548328508].
[462.080517575245,344.737216379451,343.85265945166].
[461.10949516309,343.964124639427,346.962898244152].
[460.059751554999,341.777319747685,348.96812487597].
[458.779713766635,338.469893821571,351.005412564603].
[457.133400975691,334.693093828171,354.189397313435].
[455.177109960909,331.004171997009,358.767689905381].
[452.919890191379,327.832475741285,365.129232439731].
[450.404745054837,325.231526121762,373.145959841642].
[447.881619906967,322.722068072409,381.287343209833].
[445.513760099455,319.977761713779,388.540500223606].
[443.224250285737,317.25527745688,395.485035626559].
[441.06044518489,314.855110472764,402.220217449255].
[439.199998889428,313.003137701535,408.18967700575].
[437.750331347177,311.859441548298,413.052356227341].
[436.806409449673,311.421503079069,416.503465846378].
[436.373845960718,311.346096104781,418.345640074111].
[436.285050498579,311.357484854009,418.874775397403].
[436.409009723617,311.405937232778,418.543799553568].
[436.688518294687,311.496027025113,417.558879393291].
[436.989559299246,311.592399812122,416.308050231734].
[437.256792058308,311.693557285462,415.115931293033].
[437.510840153722,311.800961244171,413.988757401771].
[437.765707950615,311.961511786447,413.06798320897].
[438.00726368698,312.186836242042,412.368916892044].
[438.186605428671,312.406028957201,411.889593955438].
[438.263006628415,312.513806508115,411.685398060627].
[438.304857583715,312.535434082586,411.573543884321].
[438.429948050211,312.546413732542,411.239217200656].
[438.636212541059,312.595621109748,410.634162349588].
[438.775412152345,312.676750359223,410.021098028093].
[438.880318052033,312.693493938338,409.289243765573].
[439.046958452184,312.558980939208,408.360575340106].
[439.213758347471,312.319104113929,407.461697978738].
[439.290862730346,312.173611464842,407.013471724202].
[439.318986628679,312.162892918775,406.884237009383].
[439.381921118513,312.2603483771,406.715844909193].
[439.499736087368,312.442787478737,406.400610606165].
[439.625654159498,312.637774416157,406.063695050422].
[439.743539114129,312.820321892326,405.748273488359].
[439.806522696425,312.91785337142,405.579750032807].
[439.82057623323,312.93961558597,405.54214736718].
[439.82057623323,312.93961558597,405.54214736718].
[439.806424091907,312.972011951467,405.634040253474].
[439.742900333146,313.149460992485,406.099977051704].
[439.63788898873,313.53341258685,407.021444639081].
[439.573737430636,313.938675324875,407.833038662487].
[439.573149488335,314.234678209568,408.129967702311].
[439.6358153876,314.524746122768,408.016320691089].
[439.739295994774,314.782604500964,407.739750228212].
[439.802060155711,314.901696749775,407.572001762907].
[439.816064732993,314.923425294518,407.534572020978].
[439.816064732993,314.923425294518,407.534572020978].
[439.830080200871,314.945170736365,407.497113171979].
[439.906919541258,315.064389404093,407.2917462678].
[440.073342454088,315.322599818798,406.846951215939].
[440.239797066827,315.580859416914,406.40207144039].
[440.316674369132,315.700136983759,406.196603076183].
[440.358786243529,315.733419539464,406.084051546843].
[440.484656736316,315.785049480607,405.747640103159].
[440.70648670822,315.870172862773,405.100794908881].
[440.910831873953,315.901128342569,404.258596313811].
[441.137592235662,315.808473928956,402.956408308767].
[441.450178263895,315.593673744597,401.234376048332].
[441.818250658719,315.369233106463,399.496146573378].
[442.130787228168,315.231498828224,398.116779768814].
[442.344744499576,315.224919298256,397.085854890354].
[442.487936062643,315.299602833304,396.457529702259].
[442.607607531414,315.351217626542,396.082349197449].
[442.685172604491,315.384736416697,395.911576978425].
[442.761302627275,315.505361703005,395.873472545845].
[442.863790048374,315.766619101023,395.835338144786].
[442.941839820882,316.027926828413,395.626267211447].
[443.051662809831,316.138247226787,395.04074832444].
[443.288935770305,316.113813089318,393.993119760955].
[443.567711221084,316.037224345156,392.803411728159].
[443.712059202209,315.990770923633,392.170524217041].
[443.741088559409,315.980405764249,392.037823555108].
[443.741088559409,316.002494585158,392.037823555108].
[443.754868825006,316.11180276635,392.037823555108].
[443.817153946607,316.333031060604,392.017565849612].
[443.935101726038,316.593415209285,391.926777112301].
[444.062444544561,316.915855586875,391.777091789956].
[444.180301874275,317.316920277909,391.686303052644].
[444.242523548709,317.636830450393,391.666045347148].
[444.285510930165,317.758001461246,391.532743792657].
[444.416471589248,317.734574949935,390.935327672835].
[444.632389213503,317.659532999027,389.950355008625].
[444.777073350306,317.614017755037,389.352938888803].
[444.869057808753,317.63612390121,389.237903331468].
[444.976103020018,317.824976634152,389.39648645199].
[445.056752383495,318.521500475779,389.947383872086].
[445.120232902476,320.157317330084,390.919228951399].
[445.209115329894,322.307326671827,391.814017747825].
[445.319961452056,323.515746298358,392.213828085453].
[445.439825322518,323.775504392461,392.285919150195].
[445.506556067939,323.775504392461,392.285919150195].
[445.521445709852,323.775504392461,392.285919150195].
[445.549973521059,323.81976619414,392.209673463529].
[445.67782630075,324.01813382696,391.867964002938].
[445.888619898144,324.345186762608,391.304580346862].
[446.016472677835,324.543554395428,390.962870886271].
[446.045000489042,324.587816197107,390.886625199606].
[446.045000489042,324.587816197107,390.886625199606].
[446.045000489042,324.587816197107,390.886625199606].
[446.073573104824,324.6321475145,390.810259764688].
[446.201626684684,324.830826695136,390.468013629668].
[446.412751345589,325.158393286296,389.903745147045].
[446.555108068054,325.370254004034,389.523271300778].
[446.662097305103,325.473660872189,389.237323395933].
[446.847110466082,325.580070230492,388.688367698853].
[447.084986839443,325.692778957508,387.808461013969].
[447.289051541778,325.831929360016,386.89659463909].
[447.431822527126,325.970230798477,386.432443608015].
[447.54753904915,326.060912592895,386.299006126355].
[447.611033569549,326.205164216515,386.183705802414].
[447.627062723451,326.509387569736,386.154610088611].
[447.639769913948,326.808246069231,386.307140876823].
[447.705062754163,326.830525934638,386.096465327548].
[447.816854515293,326.631518864427,385.449342967282].
[447.88518962756,326.491922686576,385.022373245268].
[447.900437252104,326.460774569056,384.927103422816].
[447.900437252104,326.460774569056,384.927103422816].
[447.900437252104,326.460774569056,384.927103422816].
[447.88518962756,326.491922686576,385.022373245268].
[447.816854515294,326.631518864427,385.449342967282].
[447.704188962164,326.861674052158,386.153297029912].
[447.650202035254,327.023531893551,386.541918655856].
[447.699258516201,327.154449865254,386.465324235278].
[447.805278062716,327.318942546021,386.181968002121].
[447.869582168206,327.418712400204,386.010103759092].
[447.883930353562,327.440974063746,385.971755663021].
[447.883930353562,327.440974063746,385.971755663021].
[447.883930353562,327.440974063746,385.971755663021].
[447.898289832851,327.463253250183,385.933377381889].
[447.962644554239,327.563101636532,385.761377858806].
[448.083118338823,327.75002052498,385.439390084702].
[448.226260564477,327.972110216955,385.056816840424].
[448.411262724498,328.259146921503,384.562365421678].
[448.581938318468,328.523955505547,384.106204317534].
[448.660765237664,328.646257964681,383.895525252882].
[448.689540786074,328.690904138468,383.818617444156].
[448.768452502877,328.813338163774,383.607711742705].
[448.939364231236,329.078513117792,383.150919527101].
[449.110308950707,329.343739258567,382.694039136836].
[449.21810384894,329.480126352786,382.405937958132].
[449.361777012693,329.564734435072,382.021945686659].
[449.590449511915,329.689820238149,381.356087218325].
[449.789385651905,329.852642245977,380.579290073579].
[449.947568374828,330.032335051227,379.752387495419].
[450.082114522104,330.132898462086,379.147587201741].
[450.204625870719,330.155337192056,378.765303600257].
[450.269504253126,330.155337192056,378.591807558322].
[450.283980576982,330.155337192056,378.5530953587].
[450.283980576982,330.155337192056,378.5530953587].
[450.283980576982,330.132898462086,378.5530953587].
[450.269504253126,330.032335051227,378.591807558322].
[450.204625870719,329.866534016689,378.765303600257].
[450.096553433626,329.796830706738,379.108996623737].
[450.012279086784,329.912697353715,379.579436523758].
[449.924919252392,330.140724370541,380.217052243268].
[449.813272272234,330.279029747488,380.760553469115].
[449.747455492268,330.309889848396,380.991150849535].
[449.747455492268,330.332292276454,380.991150849535].
[449.812166204224,330.432692993434,380.818199877875].
[449.918856131468,330.598225791112,380.533051932111].
[449.99801715619,330.721046625542,380.321479910579].
[450.091679604018,330.86636687673,380.071150237634].
[450.27773989766,331.132589749925,379.573870767204].
[450.514224406553,331.413115064614,378.941823547211].
[450.716125600699,331.599962881033,378.347429563614].
[450.880313648685,331.719454981921,377.663092996929].
[451.106214402967,331.746363704879,376.599405766233].
[451.419980352468,331.707925366705,375.268303644101].
[451.739767349246,331.722260961691,373.951705742022].
[451.970362182646,331.861798280189,373.088285513692].
[452.173900086471,332.10597214552,372.488695222643].
[452.347099108944,332.345461881887,372.025271315942].
[452.441697983389,332.483703541238,371.772155684348].
[452.536372088072,332.630308499626,371.518838761257].
[452.709812923474,332.89888549375,371.054767842291].
[452.88328754372,333.167514804459,370.590606526135].
[452.963407321775,333.29158206411,370.376232218359].
[452.978025334117,333.314218381593,370.337119200914].
[452.978025334117,333.314218381593,370.337119200914].
[452.978025334117,333.314218381593,370.337119200914].
[452.978025334117,333.314218381593,370.337119200914].
[452.963407321775,333.29158206411,370.376232218359].
[452.88328754372,333.167514804459,370.590606526135].
[452.709812923474,332.89888549375,371.054767842291].
[452.536372088072,332.630308499626,371.518838761257].
[452.456292768728,332.506303891191,371.73310481476].
[452.441686376814,332.483685568197,371.772186739746].
[452.441686376814,332.483685568197,371.772186739746].
[452.425771611704,332.514386401091,371.86982433669].
[452.354446582853,332.65197798832,372.307405687765].
[452.221005686725,332.909395966212,373.126069886824].
[452.078664691592,333.183982934685,373.999336480164].
[451.945664392311,333.440550966623,374.815297603359].
[451.874648426028,333.577546347867,375.250982845623].
[451.858802622098,333.608114149223,375.348197363504].
[451.873333123031,333.608114149223,375.309361996388].
[451.954337963568,333.608114149223,375.037976510938].
[452.132890245577,333.614754488905,374.314783640835].
[452.329956553508,333.64451442668,373.382514536991].
[452.511635847329,333.701552801541,372.595676269022].
[452.787124393535,333.77378465973,371.556947830407].
[453.175170606251,333.86954783573,370.056229124022].
[453.588036214789,333.963049964476,368.456291192465].
[453.994251158645,334.051690186047,366.849131486379].
[454.358205821985,334.198385706911,365.377248653375].
[454.707559533694,334.409988879346,363.975237813763].
[455.028145041041,334.609106467873,362.867234530696].
[455.257742624936,334.757634661469,362.196593148956].
[455.479245775501,334.883091306403,361.547300219392].
[455.728758054122,334.950161787196,360.628160790623].
[455.948418740601,334.93426248963,359.570100073743].
[456.111548185562,334.795936300709,358.630473795664].
[456.250616199413,334.567874970742,357.786719815848].
[456.324949450508,334.429548781821,357.335724833555].
[456.341535440729,334.398684037135,357.23509425093].
[456.341535440729,334.398684037135,357.23509425093].
[456.341535440729,334.398684037135,357.23509425093].
[456.310121151655,334.406654353002,357.375467676717].
[456.167647172864,334.473142028549,358.065023841202].
[455.913184859624,334.669924154782,359.412767189106].
[455.693665532263,334.932985184583,360.666061473845].
[455.545422110815,335.07884451561,361.370056978858].
[455.492245956457,335.13246823741,361.568432056152].
[455.543737208018,335.234904070149,361.430503095226].
[455.65301512994,335.403792206468,361.137781715068].
[455.719295540016,335.506228039207,360.960237223249].
[455.734084698531,335.529084562971,360.920621692355].
[455.76369860967,335.574852620903,360.841295285083].
[455.942750756258,335.795235414743,360.305625269204].
[456.369214349743,336.201829303278,358.912085022525].
[456.890894309513,336.535095088047,357.044162212301].
[457.352002152669,336.741160352879,355.305082528716].
[457.82472062245,336.996334814864,353.565903202574].
[458.241124855446,337.385225512199,352.197163617133].
[458.599603406275,337.881618738021,351.179581537196].
[458.933036610521,338.36538159618,350.285406056964].
[459.216796355086,338.666202626163,349.524441034175].
[459.485662619888,338.828831517872,348.746742198838].
[459.679839756064,338.89943849557,348.028691670347].
[459.75967982134,338.915193041811,347.649810617276].
[459.679839756064,338.89943849557,348.028691670347].
[459.485662619888,338.828831517872,348.746742198838].
[459.246760347916,338.712420291883,349.44408590656].
[459.112253753733,338.641813314186,349.804795328766].
[459.048350872898,338.686885725954,350.088672769176].
[458.896464624478,338.959493238848,351.000213768969].
[458.646046535982,339.408947043908,352.503090804443].
[458.494160287563,339.681554556802,353.414631804237].
[458.460269884629,339.742381514812,353.618024093503].
[458.460269884629,339.742381514812,353.618024093503].
[458.460269884629,339.742381514812,353.618024093503].
[458.460269884629,339.742381514812,353.618024093503].
[458.460269884629,339.742381514812,353.618024093503].
[458.460269884629,339.742381514812,353.618024093503].
[458.460269884629,339.742381514812,353.618024093503].
[458.460269884629,339.742381514812,353.618024093503].
[458.460269884629,339.765440881537,353.618024093503].
[458.460269884629,339.868785793358,353.618024093503].
[458.443436433339,340.046326289232,353.719049572626].
[458.367994138677,340.181731149967,354.171814358237].
[458.226851217938,340.287728804011,355.018879582528].
[458.076297585534,340.454599607659,355.922422925204].
[457.935626474039,340.684018672916,356.766656599736].
[457.860515136298,340.81882952765,357.2174351568].
[457.843755531479,340.848909895257,357.31801744843].
[457.843755531479,340.848909895257,357.31801744843].
[457.843755531479,340.848909895257,357.31801744843].
[457.843755531479,340.848909895257,357.31801744843].
[457.873450356975,340.894892993495,357.2385638127].
[458.021398612116,341.123994159662,356.842702696352].
[458.322314118729,341.576270496073,356.03755127188].
[458.66170278971,342.007998249422,355.129458249472].
[459.035526934357,342.320210925668,354.017233010621].
[459.519871109764,342.632688432092,352.219273073214].
[460.054432703612,342.944766994862,349.961024792385].
[460.458561030155,343.104850351013,348.377118464369].
[460.627069302207,343.13751333374,347.813846041074].
[460.657066876487,343.13751333374,347.733491920223].
[460.657066876487,343.13751333374,347.733491920223].
[460.657066876487,343.13751333374,347.733491920223].
[460.657066876487,343.13751333374,347.733491920223].
[460.657066876487,343.13751333374,347.733491920223].
[460.639915195471,343.16741562558,347.835550091795].
[460.545970497567,343.331199092113,348.394552097986].
[460.342705560866,343.685571789033,349.604045661102].
[460.139660085178,344.039561876967,350.812233358641].
[460.045978200674,344.202887153835,351.369671538228].
[459.999063836143,344.216170351454,351.551117725629].
[459.865338444869,344.142278528012,351.908923112541].
[459.627940426742,344.020451506973,352.599751045007].
[459.40152731772,343.976147146714,353.510253140383].
[459.17114300423,344.092261462677,354.785946649488].
[458.970812261292,344.310884887953,355.980518540079].
[458.844906759538,344.50227469865,356.731292839916].
[458.678030881149,344.795331700403,357.72637342823].
[458.430676780536,345.229719532825,359.201345523279].
[458.280648934709,345.493189071395,360.095961321148].
[458.247173197442,345.551977071731,360.295577087397].
[458.247173197442,345.551977071731,360.295577087397].
[458.247173197442,345.551977071731,360.295577087397].
[458.247173197442,345.551977071731,360.295577087397].
[458.247173197442,345.551977071731,360.295577087397].
[458.247173197442,345.551977071731,360.295577087397].
[458.247173197442,345.551977071731,360.295577087397].
[458.247173197442,345.551977071731,360.295577087397].
[458.247173197442,345.551977071731,360.295577087397].
[458.247173197442,345.551977071731,360.295577087397].
[458.247173197442,345.551977071731,360.295577087397].
[458.215838696664,345.558296909314,360.433972299084].
[458.058889176445,345.592907880003,361.152818700568].
[457.738672357185,345.667783792355,362.656415910276].
[457.41050566188,345.765391635217,364.180395820699].
[457.164104492509,345.937289023524,365.245164008403].
[456.935147541077,346.269545240843,366.395903793722].
[456.675086778106,346.688624593371,367.997659525155].
[456.483872992214,347.171496194413,369.475225067921].
[456.292301705007,347.891042665806,370.995462878651].
[456.047574599902,348.738139628532,372.607484156376].
[455.857509856434,349.429720089803,374.115677444163].
[455.641223798762,349.77992460829,375.625250161045].
[455.272292521715,349.919705826282,377.411112937682].
[454.916381866331,349.896806740462,378.692726425125].
[454.742769923497,349.44913725043,379.084972037592].
[454.646693347907,348.2771952699,378.888788425395].
[454.478877207099,346.73597596508,378.470542561105].
[454.190499416693,345.541405782493,378.293478880101].
[453.775604554703,344.875234350587,378.675418596209].
[453.337447863365,344.640688903522,379.762859916973].
[452.961655524825,344.709544093513,381.42256870092].
[452.57567805236,345.116111081582,383.656816362204].
[452.090030930484,345.861413106064,386.590447855425].
[451.540634144262,346.602526285366,389.8136440843].
[451.018160784861,347.001503639214,392.541614407494].
[450.613599930106,347.067083477415,394.184207861686].
[450.330653798229,346.880435776372,395.037815867639].
[450.094665292037,346.553145479668,395.66305760661].
[449.968616162188,346.35463388009,395.997019537275].
[449.940490799658,346.310339955085,396.071536516347].
[449.970859844024,346.253826428414,395.887281335463].
[450.137591014356,345.943557645245,394.875689347978].
[450.53013564581,345.213074287527,392.494041074785].
[451.047785962239,344.245535223148,389.304523003513].
[451.533344600086,343.349602215924,386.188535491988].
[451.90524861198,342.772390458405,383.839023083361].
[452.196074315119,342.555625158058,382.484393388764].
[452.4474811668,342.529299025057,381.709311256733].
[452.663761988239,342.570600731842,381.026700955357].
[452.912821993304,342.638695734337,379.88387236286].
[453.289934266673,342.679997441123,378.088617220974].
[453.673866331382,342.734374845757,376.586284349008].
[453.99363295748,342.982008580084,375.627468415183].
[454.380804364927,343.518430710848,374.596112778263].
[454.820441979038,344.064890264867,373.370973522922].
[455.240396976086,344.363252519598,371.955917079728].
[455.648784966161,344.509909371052,370.22565989469].
[456.001132545494,344.617773824745,368.643812290187].
[456.292804208916,344.752451723288,367.569113817068].
[456.562793132576,344.981819356773,366.794910558648].
[456.816680621835,345.223489538109,366.117855106515].
[457.005086668501,345.341976898985,365.615422546792].
[457.08534977164,345.364766940799,365.401380603473].
[457.08534977164,345.364766940799,365.401380603473].
[457.019719230441,345.364766940799,365.576401105173].
[456.911512761158,345.364766940799,365.864961129133].
[456.831249658019,345.364766940799,366.079003072452].
[456.751026911935,345.364766940799,366.292937393438].
[456.626574034145,345.371078046786,366.67907464921].
[456.487800241012,345.399362461511,367.29229106117].
[456.336227605667,345.474971164687,368.151387462581].
[456.19015301576,345.633115150923,369.026165096812].
[456.022964157105,345.859720158848,369.979132304782].
[455.796416842118,346.023489074158,371.119667551919].
[455.466774076146,346.125823451051,372.689550367161].
[455.145542129513,346.221694898444,374.18214414223].
[454.935921765903,346.356799112995,375.034167834311].
[454.853481239785,346.558622938139,375.360559790751].
[454.832044582842,346.78828738535,375.656912574234].
[454.820539718779,347.02252151443,376.08208439047].
[454.813561665989,347.150881647178,376.339964132663].
[454.812004651953,347.179522664154,376.397504880838].
[454.79605751735,347.208041210704,376.493108110519].
[454.724587418496,347.33585246908,376.92157206007].
[454.606753146297,347.546577609399,377.627989687424].
[454.535283047444,347.674388867775,378.056453636975].
[454.519335912841,347.702907414325,378.152056866656].
[454.535283047444,347.674388867775,378.056453636975].
[454.606753146297,347.546577609399,377.627989687424].
[454.724587418496,347.33585246908,376.92157206007].
[454.79605751735,347.208041210704,376.493108110519].
[454.812004651953,347.179522664154,376.397504880838].
[454.79605751735,347.208041210704,376.493108110519].
[454.724587418496,347.33585246908,376.92157206007].
[454.589384496566,347.625723773939,377.779948183928].
[454.440073510045,348.108243532891,378.889442866405].
[454.295788448215,348.772150459154,380.126473636975].
[454.216463176986,349.3759825026,380.928821651755].
[454.192441981674,349.9295246915,381.388361326901].
[454.195781360908,350.322219241595,381.714291573093].
[454.253250907239,350.473501979646,381.732889258606].
[454.357485980535,350.495973375265,381.490308056308].
[454.421608072447,350.495973375265,381.320146219228].
[454.435915645084,350.495973375265,381.282177981269].
[454.421608072447,350.473501979646,381.320146219228].
[454.313226600606,350.355938136462,381.66014317785].
[453.98068544199,350.069613586761,382.777338116987].
[453.403911458305,349.627792030553,384.746814581641].
[452.661966039089,349.122253416492,387.286550175825].
[451.739443386005,348.757469080039,390.736372257735].
[450.655245882205,348.581574101544,395.219649334785].
[449.384350800198,348.529580401086,400.64095902948].
[447.911175383756,348.593773741861,406.873520299132].
[446.375280645984,348.817311196357,413.493072437917].
[444.844178539988,349.229043723413,420.402397377697].
[443.392755902195,349.673205827381,427.044084666918].
[441.992021007445,349.987879703369,433.272116855049].
[440.584900569196,350.350282183142,439.503126916075].
[439.139836840411,351.044547653608,446.280118959426].
[437.714587374319,352.066285093371,453.331918713589].
[436.303003351373,353.252874143567,460.474288911926].
[434.905717846282,354.809738684769,467.914043946973].
[433.457433950115,356.929505921093,476.148603744902].
[432.084341041679,359.468702486301,484.532623342237].
[431.105970249013,361.793619534247,491.010900128815].
[430.675730783388,363.026859745912,493.929544919129].
[430.574065833977,363.429352735824,494.599101090999].
[430.632784875074,363.723496535395,494.57853906006].
[430.810945755716,364.328087509487,494.498167745593].
[431.120175170776,365.375267560341,494.492840437984].
[431.418279430335,366.514055573711,494.356903460305].
[431.560696706211,367.427365602031,494.091950374881].
[431.590048835577,367.850363876893,494.0476703265].
[431.565849848722,367.810438889833,494.132128630806].
[431.436976813537,367.012273228058,494.0476703265].
[431.142664456535,364.835833458403,494.091950374881].
[430.623460879557,361.559376995511,494.571045233639].
[429.635036202948,358.34270338783,495.716236363273].
[428.233885642163,355.759853490348,497.535205697893].
[427.0848601218,353.512250675624,499.076838005965].
[426.481550700603,351.47164821571,500.022464381309].
[426.101311289509,349.959537391267,500.653036167176].
[425.806822676514,349.157481713991,500.955773561403].
[425.673315945441,348.960278811224,501.026881209115].
[425.516511391143,349.989705234024,502.467014638155].
[424.919622637487,354.046894634164,508.884053001371].
[423.924472192104,360.619884001217,519.773258476393].
[423.284565412434,365.486520589861,527.46404521868].
[423.070488425526,367.901095550263,530.902952616154].
[422.983552115396,368.951436444189,532.480023594548].
[423.434375811258,369.167944632844,530.871025706093].
[425.655459088728,368.666069371841,520.95921542665].
[429.365542789704,367.767498458027,504.364798606118].
[431.671532576964,367.222487648872,494.153913159951].
[432.20845481228,367.100879299743,491.818315196128].
[432.166527863866,367.120889390233,491.927044308597].
[432.078953043786,367.210568394077,492.157795962576].
[405.445971528156,379.36937508884,616.330691823164].
[286.309072595442,433.288401974656,1172.23898284634].
[89.9046677529218,522.058002906071,2088.72531916131].
[NaN,NaN,NaN].
[NaN,NaN,NaN].
[NaN,NaN,NaN].
[NaN,NaN,NaN].
[NaN,NaN,NaN].
[NaN,NaN,NaN].
[NaN,NaN,NaN].
[NaN,NaN,NaN].
[NaN,NaN,NaN].
[NaN,NaN,NaN].
[NaN,NaN,NaN].
[NaN,NaN,NaN].
[NaN,NaN,NaN].
[NaN,NaN,NaN].
