[512.413877835745,350.982390944319,139.733704169125].
[512.413877835745,350.982390944319,139.733704169125].
[512.413877835745,350.982390944319,139.733621586439].
[512.413877835745,350.982390944319,139.733251476518].
[512.436299166924,351.013129830848,139.710594361696].
[512.559205941467,351.164331978753,139.611416870883].
[512.825363888228,351.468996191083,139.426298959851].
[513.091521859621,351.783595566432,139.228314050671].
[513.261710260321,351.985091954035,139.084925741934].
[513.496033014947,351.998531970146,139.174762098735].
[513.798117788447,351.905283446826,139.422089115319].
[513.842923728765,351.905176434888,139.421819014001].
[513.741645248271,352.015523529794,139.15115198952].
[513.838401124271,352.123679141244,138.937960103533].
[513.89146286401,352.278696227827,138.79516113982].
[513.77063339085,352.505794528522,138.630985465807].
[513.670170434242,352.643536610663,138.531571710671].
[513.625337847716,352.643536610663,138.531571710671].
[513.524875091298,352.505794528522,138.630985465807].
[513.359240007879,352.278696227827,138.794891038501].
[513.258777251461,352.140954145687,138.894304793638].
[513.236360980533,352.11021973284,138.916487000743].
[513.236360980533,352.11021973284,138.916487000743].
[513.236360980533,352.11021973284,138.916487000743].
[513.236360980533,352.11021973284,138.916487000743].
[513.236360980533,352.11021973284,138.916487000743].
[513.236360980533,352.11021973284,138.916487000743].
[513.236360980533,352.11021973284,138.916487000743].
[513.236360980533,352.11021973284,138.916487000743].
[513.236360980533,352.11021973284,138.916487000743].
[513.236360980533,352.11021973284,138.916487000743].
[513.236360980533,352.11021973284,138.916487000743].
[513.236360980533,352.11021973284,138.916487000743].
[513.236360980533,352.11021973284,138.916487000743].
[513.236360980533,352.11021973284,138.916487000743].
[513.236360980533,352.11021973284,138.916487000743].
[513.236360980533,352.11021973284,138.916487000743].
[513.236360980533,352.11021973284,138.916487000743].
[513.236360980533,352.11021973284,138.916487000743].
[513.236360980533,352.11021973284,138.916487000743].
[513.236360980533,352.11021973284,138.916487000743].
[513.236360980533,352.11021973284,138.916487000743].
[513.236360980533,352.11021973284,138.916487000743].
[513.236360980533,352.11021973284,138.916487000743].
[513.236360980533,352.11021973284,138.916487000743].
[513.236360980533,352.11021973284,138.916487000743].
[513.236360980533,352.11021973284,138.916487000743].
[513.236360980533,352.11021973284,138.916487000743].
[513.236360980533,352.11021973284,138.916487000743].
[513.236360980533,352.11021973284,138.916487000743].
[513.236360980533,352.11021973284,138.916487000743].
[513.236360980533,352.11021973284,138.916487000743].
[513.236360980533,352.11021973284,138.916487000743].
[513.236360980533,352.11021973284,138.916487000743].
[513.236360980533,352.11021973284,138.916487000743].
[513.236360980533,352.11021973284,138.916487000743].
[513.236360980533,352.11021973284,138.916487000743].
[513.236360980533,352.11021973284,138.916487000743].
[513.236360980533,352.11021973284,138.916487000743].
[513.236360980533,352.11021973284,138.916487000743].
[513.236360980533,352.11021973284,138.916487000743].
[513.236360980533,352.11021973284,138.916487000743].
[513.236360980533,352.11021973284,138.916487000743].
[513.236360980533,352.11021973284,138.916487000743].
[513.236360980533,352.11021973284,138.916487000743].
[513.236360980533,352.11021973284,138.916487000743].
[513.236347743959,352.110207871584,138.916352827206].
[513.236288421752,352.110154713124,138.915751503135].
[513.236190615968,352.11006706964,138.914760087348].
[513.236131293761,352.11001391118,138.914158763277].
[513.236118057187,352.110002049925,138.914024589741].
[513.236118057187,352.110002049925,138.914024589741].
[513.236118057187,352.110002049925,138.914024589741].
[513.236118057187,352.110002049925,138.914024589741].
[513.236118057187,352.110002049925,138.914024589741].
[513.236118057187,352.110002049925,138.914024589741].
[513.236118057187,352.110002049925,138.914024589741].
[513.236118057187,352.110002049925,138.914024589741].
[513.236118057187,352.110002049925,138.914024589741].
[513.236118057187,352.110002049925,138.914024589741].
[513.236118057187,352.110002049925,138.914024589741].
[513.236118057187,352.110002049925,138.914024589741].
[513.236118057187,352.110002049925,138.914024589741].
[513.236118057187,352.110002049925,138.914024589741].
[513.236118057187,352.110002049925,138.914024589741].
[513.236118057187,352.110002049925,138.914024589741].
[513.236118057187,352.110002049925,138.914024589741].
[513.236118057187,352.110002049925,138.914024589741].
[513.236118057187,352.110002049925,138.914024589741].
[513.236118057187,352.110002049925,138.914024589741].
[513.236118057187,352.110002049925,138.914024589741].
[513.236118057187,352.110002049925,138.914024589741].
[513.236118057187,352.110002049925,138.914024589741].
[513.236118057187,352.110002049925,138.914024589741].
[513.236118057187,352.110002049925,138.914024589741].
[513.236118057187,352.110002049925,138.914024589741].
[513.236118057187,352.110002049925,138.914024589741].
[513.236118057187,352.110002049925,138.914024589741].
[513.236118057187,352.110002049925,138.914024589741].
[513.236118057187,352.110002049925,138.914024589741].
[513.236118057187,352.110002049925,138.914024589741].
[513.236118057187,352.110002049925,138.914024589741].
[513.236118057187,352.110002049925,138.914024589741].
[513.236118057187,352.110002049925,138.914024589741].
[513.236118057187,352.110002049925,138.914024589741].
[513.236118057187,352.110002049925,138.914024589741].
[513.236131293761,352.11001391118,138.914158763277].
[513.236190615968,352.11006706964,138.914760087348].
[513.236288421752,352.110154713124,138.915751503135].
[513.236347743959,352.110207871584,138.916352827206].
[513.236360980533,352.11021973284,138.916487000743].
[513.236360980533,352.11021973284,138.916487000743].
[513.236360980533,352.11021973284,138.916487000743].
[513.236360980533,352.11021973284,138.916487000743].
[513.236360980533,352.11021973284,138.916487000743].
[513.236360980533,352.11021973284,138.916487000743].
[513.236360980533,352.11021973284,138.916487000743].
[513.236360980533,352.11021973284,138.916487000743].
[513.236360980533,352.11021973284,138.916487000743].
[513.236360980533,352.11021973284,138.916487000743].
[513.236360980533,352.11021973284,138.916487000743].
[513.236360980533,352.11021973284,138.916487000743].
[513.236360980533,352.11021973284,138.916487000743].
[513.236360980533,352.11021973284,138.916487000743].
[513.236360980533,352.11021973284,138.916487000743].
[513.236360980533,352.11021973284,138.916487000743].
[513.236360980533,352.11021973284,138.916487000743].
[513.236360980533,352.11021973284,138.916487000743].
[513.236360980533,352.11021973284,138.916487000743].
[513.236360980533,352.11021973284,138.916487000743].
[513.236360980533,352.11021973284,138.916487000743].
[513.236360980533,352.11021973284,138.916487000743].
[513.236360980533,352.11021973284,138.916487000743].
[513.236360980533,352.11021973284,138.916487000743].
[513.236360980533,352.11021973284,138.916487000743].
[513.236360980533,352.11021973284,138.916487000743].
[513.236360980533,352.11021973284,138.916487000743].
[513.236360980533,352.11021973284,138.916487000743].
[513.236360980533,352.11021973284,138.916487000743].
[513.236360980533,352.11021973284,138.916487000743].
[513.236360980533,352.11021973284,138.916487000743].
[513.236360980533,352.11021973284,138.916487000743].
[513.236360980533,352.11021973284,138.916487000743].
[513.236360980533,352.11021973284,138.916487000743].
[513.236360980533,352.11021973284,138.916487000743].
[513.236360980533,352.11021973284,138.916487000743].
[513.236360980533,352.11021973284,138.916487000743].
[513.236360980533,352.11021973284,138.916487000743].
[513.236360980533,352.11021973284,138.916487000743].
[513.236360980533,352.11021973284,138.916487000743].
[513.236360980533,352.11021973284,138.916487000743].
[513.236360980533,352.11021973284,138.916487000743].
[513.236360980533,352.11021973284,138.916487000743].
[513.236347743959,352.110207871584,138.916352827206].
[513.236288421752,352.110154713124,138.915751503135].
[513.236190615968,352.11006706964,138.914760087348].
[513.236131293761,352.11001391118,138.914158763277].
[513.236118057187,352.110002049925,138.914024589741].
[513.236118057187,352.110002049925,138.914024589741].
[513.236118057187,352.110002049925,138.914024589741].
[513.236118057187,352.110002049925,138.914024589741].
[513.236118057187,352.110002049925,138.914024589741].
[513.236118057187,352.110002049925,138.914024589741].
[513.236118057187,352.110002049925,138.914024589741].
[513.236118057187,352.110002049925,138.914024589741].
[513.236118057187,352.110002049925,138.914024589741].
[513.236118057187,352.110002049925,138.914024589741].
[513.236118057187,352.110002049925,138.914024589741].
[513.236118057187,352.110002049925,138.914024589741].
[513.236118057187,352.110002049925,138.914024589741].
[513.236118057187,352.110002049925,138.914024589741].
[513.236118057187,352.110002049925,138.914024589741].
[513.236118057187,352.110002049925,138.914024589741].
[513.236118057187,352.110002049925,138.914024589741].
[513.236118057187,352.110002049925,138.914024589741].
[513.236118057187,352.110002049925,138.914024589741].
[513.236118057187,352.110002049925,138.914024589741].
[513.236118057187,352.110002049925,138.914024589741].
[513.236118057187,352.110002049925,138.914024589741].
[513.236118057187,352.110002049925,138.914024589741].
[513.236118057187,352.110002049925,138.914024589741].
[513.236118057187,352.110002049925,138.914024589741].
[513.236131293761,352.11001391118,138.914158763277].
[513.236190615968,352.11006706964,138.914760087348].
[513.236288421752,352.110154713124,138.915751503135].
[513.236347743959,352.110207871584,138.916352827206].
[513.236360980533,352.11021973284,138.916487000743].
[513.236360980533,352.11021973284,138.916487000743].
[513.236360980533,352.11021973284,138.916487000743].
[513.236360980533,352.11021973284,138.916487000743].
[513.236360980533,352.11021973284,138.916487000743].
[513.236360980533,352.11021973284,138.916487000743].
[513.236360980533,352.11021973284,138.916487000743].
[513.236360980533,352.11021973284,138.916487000743].
[513.236360980533,352.11021973284,138.916487000743].
[513.236360980533,352.11021973284,138.916487000743].
[513.236360980533,352.11021973284,138.916487000743].
[513.236360980533,352.11021973284,138.916487000743].
[513.236360980533,352.11021973284,138.916487000743].
[513.236360980533,352.11021973284,138.916487000743].
[513.236360980533,352.11021973284,138.916487000743].
[513.236360980533,352.11021973284,138.916487000743].
[513.236360980533,352.11021973284,138.916487000743].
[513.236360980533,352.11021973284,138.916487000743].
[513.236360980533,352.11021973284,138.916487000743].
[513.236360980533,352.11021973284,138.916487000743].
[513.236360980533,352.11021973284,138.916487000743].
[513.236360980533,352.11021973284,138.916487000743].
[513.236360980533,352.11021973284,138.916487000743].
[513.236360980533,352.11021973284,138.916487000743].
[513.236360980533,352.11021973284,138.916487000743].
[513.236360980533,352.11021973284,138.916487000743].
[513.236360980533,352.11021973284,138.916487000743].
[513.236360980533,352.11021973284,138.916487000743].
[513.236360980533,352.11021973284,138.916487000743].
[513.236360980533,352.11021973284,138.916487000743].
[513.236360980533,352.11021973284,138.916487000743].
[513.236360980533,352.11021973284,138.916487000743].
[513.236360980533,352.11021973284,138.916487000743].
[513.236360980533,352.11021973284,138.916487000743].
[513.236360980533,352.11021973284,138.916487000743].
[513.236360980533,352.11021973284,138.916487000743].
[513.236360980533,352.11021973284,138.916487000743].
[513.236360980533,352.11021973284,138.916487000743].
[513.236360980533,352.11021973284,138.916487000743].
[513.236360980533,352.11021973284,138.916487000743].
[513.236360980533,352.11021973284,138.916487000743].
[513.236360980533,352.11021973284,138.916487000743].
[513.236360980533,352.11021973284,138.916487000743].
[513.236360980533,352.11021973284,138.916487000743].
[513.236360980533,352.11021973284,138.916487000743].
[513.236360980533,352.11021973284,138.916487000743].
[513.236360980533,352.11021973284,138.916487000743].
[513.236360980533,352.11021973284,138.916487000743].
[513.236360980533,352.11021973284,138.916487000743].
[513.236360980533,352.11021973284,138.916487000743].
[513.236360980533,352.11021973284,138.916487000743].
[513.236360980533,352.11021973284,138.916487000743].
[513.236360980533,352.11021973284,138.916487000743].
[513.236360980533,352.11021973284,138.916487000743].
[513.236360980533,352.11021973284,138.916487000743].
[513.236360980533,352.11021973284,138.916487000743].
[513.236360980533,352.11021973284,138.916487000743].
[513.236360980533,352.11021973284,138.916487000743].
[513.236360980533,352.11021973284,138.916487000743].
[513.236360980533,352.11021973284,138.916487000743].
[513.236360980533,352.11021973284,138.916487000743].
[513.236360980533,352.11021973284,138.916487000743].
[513.236360980533,352.11021973284,138.916487000743].
[513.236360980533,352.11021973284,138.916487000743].
[513.236360980533,352.11021973284,138.916487000743].
[513.236360980533,352.11021973284,138.916487000743].
[513.236360980533,352.11021973284,138.916487000743].
[513.236360980533,352.11021973284,138.916487000743].
[513.236360980533,352.11021973284,138.916487000743].
[513.236360980533,352.11021973284,138.916487000743].
[513.236360980533,352.11021973284,138.916487000743].
[513.236360980533,352.11021973284,138.916487000743].
[513.236360980533,352.11021973284,138.916487000743].
[513.236360980533,352.11021973284,138.916487000743].
[513.236360980533,352.11021973284,138.916487000743].
[513.236360980533,352.11021973284,138.916487000743].
[513.236360980533,352.11021973284,138.916487000743].
[513.236360980533,352.11021973284,138.916487000743].
[513.236360980533,352.11021973284,138.916487000743].
[513.236360980533,352.11021973284,138.916487000743].
[513.236360980533,352.11021973284,138.916487000743].
[513.236360980533,352.11021973284,138.916487000743].
[513.236360980533,352.11021973284,138.916487000743].
[513.236360980533,352.11021973284,138.916487000743].
[513.236360980533,352.11021973284,138.916487000743].
[513.236360980533,352.11021973284,138.916487000743].
[513.236360980533,352.11021973284,138.916487000743].
[513.236360980533,352.11021973284,138.916487000743].
[513.236360980533,352.11021973284,138.916487000743].
[513.236360980533,352.11021973284,138.916487000743].
[513.236360980533,352.11021973284,138.916487000743].
[513.236360980533,352.11021973284,138.916487000743].
[513.236360980533,352.11021973284,138.916487000743].
[513.236360980533,352.11021973284,138.916487000743].
[513.236360980533,352.11021973284,138.916487000743].
[513.236360980533,352.11021973284,138.916487000743].
[513.236360980533,352.11021973284,138.916487000743].
[513.236360980533,352.11021973284,138.916487000743].
[513.236360980533,352.11021973284,138.916487000743].
[513.236360980533,352.11021973284,138.916487000743].
[513.236360980533,352.11021973284,138.916487000743].
[513.236360980533,352.11021973284,138.916487000743].
[513.236360980533,352.11021973284,138.916487000743].
[513.236360980533,352.11021973284,138.916487000743].
[513.236360980533,352.11021973284,138.916487000743].
[513.236360980533,352.11021973284,138.916487000743].
[513.236360980533,352.11021973284,138.916487000743].
[513.236360980533,352.11021973284,138.916487000743].
[513.236360980533,352.11021973284,138.916487000743].
[513.236360980533,352.11021973284,138.916487000743].
[513.236360980533,352.11021973284,138.916487000743].
[513.236360980533,352.11021973284,138.916487000743].
[513.236360980533,352.11021973284,138.916487000743].
[513.236360980533,352.11021973284,138.916487000743].
[513.236360980533,352.11021973284,138.916487000743].
[513.236360980533,352.11021973284,138.916487000743].
[513.236360980533,352.11021973284,138.916487000743].
[513.236347743959,352.110207871584,138.916352827206].
[513.236288421752,352.110154713124,138.915751503135].
[513.236190615968,352.11006706964,138.914760087348].
[513.236131293761,352.11001391118,138.914158763277].
[513.236131293761,352.110002049925,138.914158763277].
[513.236190615968,352.110002049925,138.914760087348].
[513.236288421752,352.110002049925,138.915751503135].
[513.236347743959,352.110002049925,138.916352827206].
[513.236347743959,352.110002049925,138.916352827206].
[513.236288421752,352.110002049925,138.915751503135].
[513.236190615968,352.110002049925,138.914760087348].
[513.283394664278,352.092659812372,138.956144729066].
[513.495201158778,352.014937295877,139.144178599516].
[513.844432854953,351.886794529719,139.454415256103].
[514.103483703233,351.791741610302,139.684540613958].
[514.36242225552,351.696729895391,139.914566214733].
[514.711415630181,351.568674575986,140.224591160669].
[514.92309081195,351.491005098627,140.412630795656].
[514.970321929158,351.473674695705,140.454132851227].
[514.992673844212,351.504343228916,140.429873285295].
[515.092848177614,351.641790059009,140.326929632056].
[515.258054402038,351.868444196542,140.160710096601].
[515.358437896617,352.006082059385,140.06115649823].
[515.381134660152,352.037065552352,140.041094672141].
[515.381343821329,352.037256585101,140.044651646006].
[515.381390491496,352.037299210269,140.04680905971].
[515.381437363673,352.037342019939,140.047773911502].
[515.381647430199,352.037533879569,140.049940663524].
[515.381993771349,352.037850202622,140.053513033671].
[515.382203837876,352.038042062252,140.055679785693].
[515.382250710053,352.038084871922,140.056163253419].
[515.382250710053,352.038084871922,140.055198401628].
[515.404553472276,352.06870862106,140.029162443955].
[515.504556531346,352.205999428211,139.924727599284].
[515.669572555295,352.432480294374,139.759973784865].
[515.769888763596,352.570056598698,139.661703432415].
[515.792411188545,352.600880613657,139.639991640469].
[515.792460201924,352.600925299002,139.639991640469].
[515.792460201924,352.600925299002,139.639991640469].
[515.792460201924,352.600925299002,139.639991640469].
[515.792460201924,352.600925299002,139.639991640469].
[515.792460201924,352.600925299002,139.639991640469].
[515.792411188545,352.600880613657,139.639484112828].
[515.792191525818,352.600680347837,139.637209531746].
[515.791829363208,352.600350165318,139.633459381535].
[515.791609700481,352.600149899497,139.631184800453].
[515.791560687102,352.600105214153,139.630677272812].
[515.791560687102,352.600105214153,139.630677272812].
[515.744360021035,352.617470894357,139.588865424593].
[515.532821311811,352.695298473529,139.401477721421].
[515.184052942338,352.823614458756,139.092527629334].
[514.972514233114,352.901442037927,138.905139926162].
[514.925313567047,352.918807718132,138.863328077944].
[514.925313567047,352.918807718132,138.863328077944].
[514.925313567047,352.918807718132,138.863328077944].
[514.925313567047,352.918807718132,138.863328077944].
[514.925313567047,352.918807718132,138.863328077944].
[514.925313567047,352.918807718132,138.863328077944].
[514.972514233114,352.901442037927,138.905139926162].
[515.184052942338,352.823614458756,139.092527629334].
[515.532821311811,352.695298473529,139.401477721421].
[515.697159354968,352.634836574562,139.547053576375].
[515.532821311811,352.695298473529,139.401477721421].
[515.184052942338,352.823614458756,139.092527629334].
[514.972514233114,352.901442037927,138.905139926162].
[514.925313567047,352.918807718132,138.863328077944].
[514.925313567047,352.918807718132,138.863328077944].
[514.925313567047,352.918807718132,138.863328077944].
[514.925313567047,352.918807718132,138.863328077944].
[514.925313567047,352.918807718132,138.863328077944].
[514.925313567047,352.918807718132,138.863328077944].
[514.972514233114,352.901442037927,138.905139926162].
[515.184052942338,352.823614458756,139.092527629334].
[515.532821311811,352.695298473529,139.401477721421].
[515.744360021035,352.617470894357,139.588865424593].
[515.791560687102,352.600105214153,139.630677272812].
[515.791560687102,352.600105214153,139.630677272812].
[515.791560687102,352.600105214153,139.630677272812].
[515.791560687102,352.600105214153,139.630677272812].
[515.791560687102,352.600105214153,139.630677272812].
[515.744360021035,352.617470894357,139.588865424593].
[515.532821311811,352.695298473529,139.401477721421].
[515.184052942338,352.823614458756,139.092527629334].
[514.972514233114,352.901442037927,138.905139926162].
[514.925313567047,352.918807718132,138.863328077944].
[514.925313567047,352.918807718132,138.863328077944].
[514.925313567047,352.918807718132,138.863328077944].
[514.925313567047,352.918807718132,138.863328077944].
[514.925313567047,352.918807718132,138.863328077944].
[514.925313567047,352.918807718132,138.863328077944].
[514.925313567047,352.918807718132,138.863328077944].
[514.925313567047,352.918807718132,138.863328077944].
[514.925313567047,352.918807718132,138.863328077944].
[514.925313567047,352.918807718132,138.863328077944].
[514.925313567047,352.918807718132,138.863328077944].
[514.925313567047,352.918807718132,138.863328077944].
[514.925313567047,352.918807718132,138.863328077944].
[514.925313567047,352.918807718132,138.863328077944].
[514.925313567047,352.918807718132,138.863328077944].
[514.925313567047,352.918807718132,138.863328077944].
[514.878080902026,352.936185171128,138.821487884035].
[514.666398783438,353.014065512292,138.633973144296].
[514.317393971894,353.142468487337,138.324813604319].
[514.105711853305,353.220348828501,138.137298864579].
[514.058479188284,353.237726281497,138.095458670671].
[514.058479188284,353.237726281497,138.095458670671].
[514.058479188284,353.237726281497,138.095458670671].
[514.058479188284,353.237726281497,138.095458670671].
[514.058479188284,353.237726281497,138.095458670671].
[514.058479188284,353.237726281497,138.095458670671].
[514.058479188284,353.237726281497,138.095458670671].
[514.058479188284,353.237726281497,138.095458670671].
[514.105711853305,353.220348828501,138.137298864579].
[514.317393971894,353.142468487337,138.324813604319].
[514.666398783438,353.014065512292,138.633973144296].
[514.878080902026,352.936185171128,138.821487884035].
[514.925313567047,352.918807718132,138.863328077944].
[514.925313567047,352.918807718132,138.863328077944].
[514.925313567047,352.918807718132,138.863328077944].
[514.925313567047,352.918807718132,138.863328077944].
[514.925313567047,352.918807718132,138.863328077944].
[514.925313567047,352.918807718132,138.863328077944].
[514.925313567047,352.918807718132,138.863328077944].
[514.925313567047,352.918807718132,138.863328077944].
[514.925313567047,352.918807718132,138.863328077944].
[514.925313567047,352.918807718132,138.863328077944].
[514.925313567047,352.918807718132,138.863328077944].
[514.925313567047,352.918807718132,138.863328077944].
[514.925313567047,352.918807718132,138.863328077944].
[514.925313567047,352.918807718132,138.863328077944].
[514.925313567047,352.918807718132,138.863328077944].
[514.925313567047,352.918807718132,138.863328077944].
[514.947717456343,352.949527449515,138.841101074355].
[515.04812472213,353.087203733897,138.741486555306].
[515.213668316967,353.314193552429,138.577249978878].
[515.314075582755,353.451869836812,138.477635459829].
[515.33647947205,353.482589568194,138.455408456241].
[515.33647947205,353.482589568194,138.455408456241].
[515.33647947205,353.482589568194,138.455408456241].
[515.33647947205,353.482589568194,138.455408456241].
[515.33647947205,353.482589568194,138.455408456241].
[515.33647947205,353.482589568194,138.455408456241].
[515.33647947205,353.482589568194,138.455408456241].
[515.383672633816,353.482589568194,138.475008429498].
[515.617574176521,353.495922855401,138.562849415424].
[516.066661090597,353.555678502946,138.707674717359].
[516.443654907306,353.654198910099,138.795515703284].
[516.591222063373,353.713954557645,138.815115676542].
[516.613618528795,353.727287844851,138.815115676542].
[516.613618528795,353.727287844851,138.815115676542].
[516.613618528795,353.727287844851,138.815115676542].
[516.613618528795,353.727287844851,138.815115676542].
[516.566432871384,353.744674399383,138.773288619849].
[516.354961426287,353.822595530801,138.585832757024].
[516.006303956611,353.951065757605,138.276770288668].
[515.794832511514,354.028986889023,138.089314425843].
[515.747646854103,354.046373443555,138.04748736915].
[515.747646854103,354.046373443555,138.04748736915].
[515.747646854103,354.046373443555,138.04748736915].
[515.747646854103,354.046373443555,138.04748736915].
[515.747646854103,354.046373443555,138.04748736915].
[515.747646854103,354.046373443555,138.04748736915].
[515.747646854103,354.046373443555,138.04748736915].
[515.747646854103,354.046373443555,138.04748736915].
[515.747646854103,354.046373443555,138.04748736915].
[515.747646854103,354.046373443555,138.04748736915].
[515.747646854103,354.046373443555,138.04748736915].
[515.747646854103,354.046373443555,138.04748736915].
[515.747646854103,354.046373443555,138.04748736915].
[515.747646854103,354.046373443555,138.04748736915].
[515.747646854103,354.046373443555,138.04748736915].
[515.747646854103,354.046373443555,138.04748736915].
[515.747646854103,354.046373443555,138.04748736915].
[515.747646854103,354.046373443555,138.04748736915].
[515.747646854103,354.046373443555,138.04748736915].
[515.747646854103,354.046373443555,138.04748736915].
[515.747646854103,354.046373443555,138.04748736915].
[515.747646854103,354.046373443555,138.04748736915].
[515.747646854103,354.046373443555,138.04748736915].
[515.747646854103,354.046373443555,138.04748736915].
[515.747646854103,354.046373443555,138.04748736915].
[515.747646854103,354.046373443555,138.04748736915].
[515.747646854103,354.046373443555,138.04748736915].
[515.747646854103,354.046373443555,138.04748736915].
[515.747646854103,354.046373443555,138.04748736915].
[515.747646854103,354.046373443555,138.04748736915].
[515.747646854103,354.046373443555,138.04748736915].
[515.747646854103,354.046373443555,138.04748736915].
[515.747646854103,354.046373443555,138.04748736915].
[515.747646854103,354.046373443555,138.04748736915].
[515.747646854103,354.046373443555,138.04748736915].
[515.747646854103,354.046373443555,138.04748736915].
[515.747646854103,354.046373443555,138.04748736915].
[515.747646854103,354.046373443555,138.04748736915].
[515.747646854103,354.046373443555,138.04748736915].
[515.747646854103,354.046373443555,138.04748736915].
[515.747646854103,354.046373443555,138.04748736915].
[515.747646854103,354.046373443555,138.04748736915].
[515.747646854103,354.046373443555,138.04748736915].
[515.747646854103,354.046373443555,138.04748736915].
[515.747646854103,354.046373443555,138.04748736915].
[515.747646854103,354.046373443555,138.04748736915].
[515.747646854103,354.046373443555,138.04748736915].
[515.747646854103,354.046373443555,138.04748736915].
[515.747646854103,354.046373443555,138.04748736915].
[515.747646854103,354.046373443555,138.04748736915].
[515.747646854103,354.046373443555,138.04748736915].
[515.747646854103,354.046373443555,138.04748736915].
[515.747646854103,354.046373443555,138.04748736915].
[515.747646854103,354.046373443555,138.04748736915].
[515.747646854103,354.046373443555,138.04748736915].
[515.747646854103,354.046373443555,138.04748736915].
[515.747646854103,354.046373443555,138.04748736915].
[515.747646854103,354.046373443555,138.04748736915].
[515.747646854103,354.046373443555,138.04748736915].
[515.747646854103,354.046373443555,138.04748736915].
[515.747646854103,354.046373443555,138.04748736915].
[515.747646854103,354.046373443555,138.04748736915].
[515.770050904363,354.07709339565,138.025260205867].
[515.870458891548,354.214770669196,137.925644971117].
[516.036003675767,354.441762118583,137.761407214698].
[516.136411662951,354.579439392128,137.661791979948].
[516.158815713212,354.610159344223,137.639564816665].
[516.158815713212,354.610159344223,137.639564816665].
[516.158815713212,354.610159344223,137.639564816665].
[516.158815713212,354.610159344223,137.639564816665].
[516.181219843955,354.640879406676,137.617337573534].
[516.281628191841,354.778557174807,137.517721980931].
[516.447173570756,355.005549439628,137.353483634512].
[516.547581918641,355.14322720776,137.253868041908].
[516.569986049385,355.173947270212,137.231640798777].
[516.569986049385,355.173947270212,137.231640798777].
[516.569986049385,355.14322720776,137.253868041908].
[516.569986049385,355.005549439628,137.353483634512].
[516.594760071643,354.761160182999,137.559556641942].
[516.705789536427,354.545514506824,137.846662177562].
[516.88884617669,354.386247095948,138.178008077787].
[517.022272267754,354.338988813006,138.343278382045].
[517.147421005227,354.459222812368,138.285531530889].
[517.312910933242,354.686137955017,138.121349373608].
[517.413285648457,354.823768946187,138.02176786144].
[517.435682274737,354.854478571288,137.999548222682].
[517.435682274737,354.854478571288,137.999548222682].
[517.435682274737,354.854478571288,137.999548222682].
[517.435682274737,354.854478571288,137.999548222682].
[517.435682274737,354.854478571288,137.999548222682].
[517.435682274737,354.854478571288,137.999548222682].
[517.435682274737,354.854478571288,137.999548222682].
[517.435682274737,354.854478571288,137.999548222682].
[517.435682274737,354.854478571288,137.999548222682].
[517.435682274737,354.854478571288,137.999548222682].
[517.435682274737,354.854478571288,137.999548222682].
[517.435682274737,354.854478571288,137.999548222682].
[517.435682274737,354.854478571288,137.999548222682].
[517.435682274737,354.854478571288,137.999548222682].
[517.435682274737,354.854478571288,137.999548222682].
[517.435682274737,354.854478571288,137.999548222682].
[517.435682274737,354.854478571288,137.999548222682].
[517.435682274737,354.854478571288,137.999548222682].
[517.435682274737,354.854478571288,137.999548222682].
[517.388511626198,354.871886000447,137.957705957298].
[517.1771074462,354.949900685452,137.770181933846].
[516.828560877922,355.078525156047,137.461007087613].
[516.617156697924,355.156539841053,137.273483064162].
[516.569986049385,355.173947270212,137.231640798777].
[516.569986049385,355.173947270212,137.231640798777].
[516.569986049385,355.173947270212,137.231640798777].
[516.569986049385,355.173947270212,137.231640798777].
[516.569986049385,355.173947270212,137.231640798777].
[516.569986049385,355.173947270212,137.231640798777].
[516.569986049385,355.173947270212,137.231640798777].
[516.522783422012,355.19136650055,137.189770166878].
[516.311235922821,355.269434074773,137.002119013529].
[515.962453061141,355.398145744947,136.692734565531].
[515.75090556195,355.47621331917,136.505083412182].
[515.703702934577,355.493632549508,136.463212780283].
[515.75090556195,355.47621331917,136.505083412182].
[515.962453061141,355.398145744947,136.692734565531].
[516.311235922821,355.269434074773,137.002119013529].
[516.522783422012,355.19136650055,137.189770166878].
[516.522783422012,355.19136650055,137.189770166878].
[516.311235922821,355.269434074773,137.002119013529].
[515.962453061141,355.398145744947,136.692734565531].
[515.75090556195,355.47621331917,136.505083412182].
[515.703702934577,355.493632549508,136.463212780283].
[515.703702934577,355.493632549508,136.463212780283].
[515.703702934577,355.493632549508,136.463212780283].
[515.703702934577,355.493632549508,136.463212780283].
[515.703702934577,355.493632549508,136.463212780283].
[515.703702934577,355.493632549508,136.463212780283].
[515.703702934577,355.493632549508,136.463212780283].
[515.703702934577,355.493632549508,136.463212780283].
[515.703702934577,355.493632549508,136.463212780283].
[515.703702934577,355.493632549508,136.463212780283].
[515.703702934577,355.493632549508,136.463212780283].
[515.703702934577,355.493632549508,136.463212780283].
[515.703702934577,355.493632549508,136.463212780283].
[515.703702934577,355.493632549508,136.463212780283].
[515.703702934577,355.493632549508,136.463212780283].
[515.703702934577,355.493632549508,136.463212780283].
[515.703702934577,355.493632549508,136.463212780283].
[515.703702934577,355.493632549508,136.463212780283].
[515.703702934577,355.493632549508,136.463212780283].
[515.703702934577,355.493632549508,136.463212780283].
[515.703702934577,355.493632549508,136.463212780283].
[515.703702934577,355.493632549508,136.463212780283].
[515.703702934577,355.493632549508,136.463212780283].
[515.703702934577,355.493632549508,136.463212780283].
[515.703702934577,355.493632549508,136.463212780283].
[515.703702934577,355.493632549508,136.463212780283].
[515.703702934577,355.493632549508,136.463212780283].
[515.703702934577,355.493632549508,136.463212780283].
[515.703702934577,355.493632549508,136.463212780283].
[515.703702934577,355.493632549508,136.463212780283].
[515.703702934577,355.493632549508,136.463212780283].
[515.703702934577,355.493632549508,136.463212780283].
[515.703702934577,355.493632549508,136.463212780283].
[515.703702934577,355.493632549508,136.463212780283].
[515.703702934577,355.493632549508,136.463212780283].
[515.703702934577,355.493632549508,136.463212780283].
[515.703702934577,355.493632549508,136.463212780283].
[515.703702934577,355.493632549508,136.463212780283].
[515.703702934577,355.493632549508,136.463212780283].
[515.703702934577,355.493632549508,136.463212780283].
[515.703702934577,355.493632549508,136.463212780283].
[515.703702934577,355.493632549508,136.463212780283].
[515.703702934577,355.493632549508,136.463212780283].
[515.703702934577,355.493632549508,136.463212780283].
[515.703702934577,355.493632549508,136.463212780283].
[515.703702934577,355.493632549508,136.463212780283].
[515.703702934577,355.493632549508,136.463212780283].
[515.703702934577,355.493632549508,136.463212780283].
[515.703702934577,355.493632549508,136.463212780283].
[515.703702934577,355.493632549508,136.463212780283].
[515.703702934577,355.493632549508,136.463212780283].
[515.703702934577,355.493632549508,136.463212780283].
[515.703702934577,355.493632549508,136.463212780283].
[515.703702934577,355.493632549508,136.463212780283].
[515.703702934577,355.493632549508,136.463212780283].
[515.703702934577,355.493632549508,136.463212780283].
[515.703702934577,355.493632549508,136.463212780283].
[515.703702934577,355.493632549508,136.463212780283].
[515.703702934577,355.47621331917,136.463212780283].
[515.703702934577,355.398145744947,136.463212780283].
[515.703702934577,355.274936864944,136.463212780283].
[515.703702934577,355.198785403132,136.463212780283].
