[336.94886234567,238.038102094653,172.447719061477].
[336.94886234567,238.038102094653,172.447719061477].
[336.94886234567,238.038102094653,172.447719061477].
[336.94886234567,238.038102094653,172.447719061477].
[336.907685207562,237.978502441262,172.51323407087].
[336.723142077752,237.711395326064,172.806851972412].
[336.418881894272,237.271010143682,173.290946052141].
[336.234338764462,237.003903028484,173.584563953683].
[336.193161626354,236.944303375093,173.650078963076].
[336.193161626354,236.944303375093,173.650078963076].
[336.193161626354,236.944303375093,173.650078963076].
[336.193161626354,236.944303375093,173.650078963076].
[336.193161626354,236.944303375093,173.650078963076].
[336.193161626354,236.944303375093,173.650078963076].
[336.193161626354,236.944303375093,173.650078963076].
[336.193161626354,236.944303375093,173.650078963076].
[336.14072423967,236.959762648068,173.606289562075].
[335.905716176894,237.029046302798,173.410039082212].
[335.465777155277,237.15874646251,173.04265490363].
[334.995586947257,237.297365093909,172.650008571156].
[334.555399755222,237.427138417722,172.282417150478].
[334.320217609978,237.496473394391,172.086021297867].
[334.267741380246,237.511944118839,172.042199459821].
[334.267741380246,237.511944118839,172.042199459821].
[334.267741380246,237.511944118839,172.042199459821].
[334.267741380246,237.511944118839,172.042199459821].
[334.267741380246,237.511944118839,172.042199459821].
[334.267741380246,237.511944118839,172.042199459821].
[334.267741380246,237.511944118839,172.042199459821].
[334.267741380246,237.511944118839,172.042199459821].
[334.225758114201,237.535204769869,172.039469727875].
[334.03760216963,237.639451775363,172.027235918048].
[333.674954945358,237.826875391463,171.963555738673].
[333.251821729163,238.000809797022,171.756323472061].
[332.822426437261,238.13896554684,171.432095636661].
[332.56430852124,238.192484320872,171.237097179876].
[332.408168831919,238.135570927032,171.193587142985].
[332.184704004995,238.000550897584,171.172827859272].
[331.845807857304,237.865697803813,171.079791204352].
[331.370089249383,237.76733449333,170.926399692429].
[330.844398311353,237.751559297856,170.85449812945].
[330.312960940342,237.768708970828,170.928459756294].
[330.02245697693,237.776005063239,171.084628136308].
[329.905198748522,237.791620360467,171.13613479687].
[329.670187791266,237.861603267385,170.963597056927].
[329.282720227191,237.976985574606,170.644284539443].
[329.047709269935,238.046968481524,170.450611707559].
[328.995271237406,238.062583778752,170.407397457564].
[328.953787089293,238.078210326111,170.406384584556].
[328.767868036106,238.156200475815,170.401845202664].
[328.461339338488,238.307325918444,170.394361027185].
[328.275420285301,238.43615265793,170.389821645293].
[328.233936137188,238.487439212851,170.388808772285].
[328.233936137188,238.49539603605,170.388808772285].
[328.210820099537,238.49539603605,170.388808772285].
[328.107221206245,238.49539603605,170.388808772285].
[327.907142381786,238.49539603605,170.368795456151].
[327.67235044203,238.49539603605,170.27910199597].
[327.409809449308,238.479374996666,170.131222480326].
[327.174980978655,238.407573679564,170.041529020145].
[326.97484192493,238.289193320794,170.021515704011].
[326.871206500742,238.217392003692,170.021515704011].
[326.848082311946,238.201370964308,170.021515704011].
[326.848082311946,238.201370964308,170.021515704011].
[326.848082311946,238.201370964308,170.021515704011].
[326.848082311946,238.201370964308,170.021515704011].
[326.848082311946,238.201370964308,170.021515704011].
[326.848082311946,238.201370964308,170.021515704011].
[326.848082311946,238.201370964308,170.021515704011].
[326.848082311946,238.201370964308,170.021515704011].
[326.848082311946,238.201370964308,170.021515704011].
[326.848082311946,238.201370964308,170.021515704011].
[326.848082311946,238.201370964308,170.021515704011].
[326.824958170705,238.201370964308,170.021515704011].
[326.721322959647,238.169658071255,170.044406981385].
[326.550457382783,238.027530745071,170.146998569].
[326.446822171725,237.793202399245,170.316143501696].
[326.446822171725,237.682787966114,170.395843811937].
[326.550457382783,237.793202399245,170.316143501696].
[326.721322959647,238.027530745071,170.146998569].
[326.824958170705,238.169658071255,170.044406981385].
[326.848082311946,238.201370964308,170.021515704011].
[326.848082311946,238.201370964308,170.021515704011].
[326.842523572465,238.197359968294,170.000248297071].
[326.812024289442,238.175352730315,169.883559852578].
[326.745912415296,238.127648666369,169.630619750643].
[326.679719130325,238.079885859162,169.377368175732].
[326.701644316803,238.042181902311,169.303575040357].
[326.93144467988,237.968118163192,169.476115615567].
[327.319532405296,237.852654027926,169.795827589504].
[327.554919509418,237.78262148979,169.989742703973].
[327.607441471658,237.766995118341,170.03301101452].
[327.630586678161,237.798727902973,170.010165455365].
[327.734316297179,237.940944377032,169.907778762596].
[327.905337526454,238.175419702857,169.738971644389].
[328.009067145471,238.317636176915,169.63658495162].
[328.032212351975,238.349368961548,169.613739392465].
[328.032212351975,238.349368961548,169.613739392465].
[328.032212351975,238.349368961548,169.613739392465].
[328.032212351975,238.349368961548,169.613739392465].
[328.032212351975,238.349368961548,169.613739392465].
[328.032212351975,238.349368961548,169.613739392465].
[328.032212351975,238.349368961548,169.613739392465].
[328.032212351975,238.349368961548,169.613739392465].
[328.032212351975,238.349368961548,169.613739392465].
[328.032212351975,238.349368961548,169.613739392465].
[328.032212351975,238.349368961548,169.613739392465].
[328.032212351975,238.349368961548,169.613739392465].
[328.032212351975,238.349368961548,169.613739392465].
[328.032212351975,238.349368961548,169.613739392465].
[328.032212351975,238.349368961548,169.613739392465].
[328.032212351975,238.349368961548,169.613739392465].
[328.032212351975,238.349368961548,169.613739392465].
[328.032212351975,238.349368961548,169.613739392465].
[328.032212351975,238.349368961548,169.613739392465].
[328.032212351975,238.349368961548,169.613739392465].
[328.032212351975,238.349368961548,169.613739392465].
[328.032212351975,238.349368961548,169.613739392465].
[328.032212351975,238.349368961548,169.613739392465].
[328.032212351975,238.349368961548,169.613739392465].
[328.084688163786,238.333742414189,169.656984776414].
[328.319868436036,238.263709087684,169.850797141003].
[328.707615153344,238.148243652616,170.170339709026].
[328.942795425595,238.078210326111,170.364152073615].
[328.942795425595,238.078210326111,170.364152073615].
[328.707615153344,238.148243652616,170.170339709026].
[328.319868436036,238.263709087684,169.850797141003].
[328.084688163786,238.333742414189,169.656984776414].
[328.032212351975,238.349368961548,169.613739392465].
[328.032212351975,238.349368961548,169.613739392465].
[328.032212351975,238.349368961548,169.613739392465].
[328.032212351975,238.349368961548,169.613739392465].
[328.032212351975,238.349368961548,169.613739392465].
[328.032212351975,238.349368961548,169.613739392465].
[328.032212351975,238.349368961548,169.613739392465].
[328.032212351975,238.349368961548,169.613739392465].
[328.032212351975,238.349368961548,169.613739392465].
[328.032212351975,238.349368961548,169.613739392465].
[328.032212351975,238.349368961548,169.613739392465].
[328.032212351975,238.349368961548,169.613739392465].
[328.032212351975,238.349368961548,169.613739392465].
[328.032212351975,238.349368961548,169.613739392465].
[328.032212351975,238.349368961548,169.613739392465].
[328.032212351975,238.349368961548,169.613739392465].
[328.032212351975,238.349368961548,169.613739392465].
[328.032212351975,238.349368961548,169.613739392465].
[328.032212351975,238.349368961548,169.613739392465].
[328.032212351975,238.349368961548,169.613739392465].
[328.032212351975,238.349368961548,169.613739392465].
[328.032212351975,238.349368961548,169.613739392465].
[328.032212351975,238.349368961548,169.613739392465].
[328.032212351975,238.349368961548,169.613739392465].
[328.032212351975,238.349368961548,169.613739392465].
[328.032212351975,238.349368961548,169.613739392465].
[328.032212351975,238.349368961548,169.613739392465].
[328.032212351975,238.349368961548,169.613739392465].
[328.032212351975,238.349368961548,169.613739392465].
[328.032212351975,238.349368961548,169.613739392465].
[328.032212351975,238.349368961548,169.613739392465].
[328.032212351975,238.349368961548,169.613739392465].
[328.055357567507,238.381101758559,169.590893824398].
[328.182232451552,238.555051097489,169.465661514707].
[328.456983447492,238.931743099802,169.194467557994].
[328.731734469684,239.308435138106,168.923273575371].
[328.858609385165,239.482384520136,168.798041234651].
[328.881754609726,239.514117329527,168.775195657671].
[328.881754609726,239.514117329527,168.775195657671].
[328.881754609726,239.514117329527,168.775195657671].
[328.881754609726,239.514117329527,168.775195657671].
[328.881754609726,239.514117329527,168.775195657671].
[328.858609385165,239.482384520136,168.798041234651].
[328.754879685216,239.340167935118,168.900428007304].
[328.583858322508,239.105692426352,169.069235257216].
[328.480128622559,238.963475841334,169.171622029869].
[328.456983397997,238.931743031943,169.194467606849].
[328.456983397997,238.931743031943,169.215617973792].
[328.444829846163,238.90796705813,169.333271784708].
[328.384879364309,238.797442107382,169.592024354846].
[328.270507282824,238.603974839218,169.855760371889].
[328.175531730703,238.472063803198,169.979382061111].
[328.115026488353,238.459984343597,169.980405132589].
[328.002956949664,238.541754402225,169.861270197765].
[327.804099639398,238.663872027219,169.604653011458].
[327.593876504824,238.749782865182,169.371007635939].
[327.422351576194,238.811098564349,169.326274893339].
[327.399227339842,238.925508856299,169.382333396788].
[327.443333745821,239.017710255174,169.411009848146].
[327.37610310349,238.925508856299,169.498812167777].
[327.295591702523,238.830797031541,169.555621434304].
[327.220041098843,238.869460251705,169.455877058424].
[326.985082421393,238.985491061571,169.196901629285].
[326.597701052145,239.055867305226,168.946205316486].
[326.362742374694,239.071570367743,168.833484144223].
[326.310316007366,239.071570367743,168.813440406399].
[326.310316007366,239.071570367743,168.813440406399].
[326.310316007366,239.071570367743,168.813440406399].
[326.310316007366,239.071570367743,168.813440406399].
[326.310316007366,239.071570367743,168.813440406399].
[326.310316007366,239.071570367743,168.813440406399].
[326.333448400647,239.103294667913,168.790540862534].
[326.437120594784,239.245473117251,168.68791222708].
[326.608047146438,239.479885750909,168.518706212823].
[326.711719340576,239.622064200246,168.416077577369].
[326.734851733856,239.653788500417,168.393178033504].
[326.757984174727,239.685512865853,168.370278442529].
[326.861656582146,239.82769160769,168.267649595939].
[327.032583485443,240.0621047236,168.098443233579].
[327.136255892863,240.204283465438,167.99581438699].
[327.159388333733,240.236007830874,167.972914796014].
[327.16493753856,240.239978907964,167.994204858763].
[327.189807349182,240.257776040759,168.089620300291].
[327.230810734952,240.287118552156,168.246933768292].
[327.250131340747,240.30094460786,168.34234920982].
[327.184545900801,240.223669886549,168.38814834466].
[326.936197913474,239.909970183978,168.497990385176].
[326.569474647901,239.423347301615,168.679089293791].
[326.379713234798,239.16674333352,168.766031790443].
[326.437120594784,239.245473117251,168.68791222708].
[326.608047146438,239.479885750909,168.518706212823].
[326.711719340576,239.622064200246,168.416077577369].
[326.734851733856,239.653788500417,168.393178033504].
[326.734851733856,239.653788500417,168.393178033504].
[326.734851733856,239.653788500417,168.393178033504].
[326.734851733856,239.653788500417,168.393178033504].
[326.734851733856,239.653788500417,168.393178033504].
[326.734851733856,239.653788500417,168.414486691884].
[326.734851733856,239.653788500417,168.509985473245].
[326.711719340576,239.622064200246,168.669027230888].
[326.608047146438,239.479885750909,168.771655866342].
[326.437120594784,239.245473117251,168.804719666821].
[326.356580793928,239.135018968084,168.788949977048].
[326.437120594784,239.245473117251,168.68791222708].
[326.608047146438,239.479885750909,168.518706212823].
[326.711719340576,239.622064200246,168.416077577369].
[326.734851733856,239.653788500417,168.393178033504].
[326.734851733856,239.653788500417,168.393178033504].
[326.757984174727,239.685512865853,168.370278442529].
[326.861656582146,239.82769160769,168.267649595939].
[327.032583485443,240.0621047236,168.098443233579].
[327.136255892863,240.204283465438,167.99581438699].
[327.159388333733,240.236007830874,167.972914796014].
[327.159388333733,240.236007830874,167.972914796014].
[327.159388333733,240.236007830874,167.972914796014].
[327.159388333733,240.236007830874,167.972914796014].
[327.159388333733,240.236007830874,167.972914796014].
[327.159388333733,240.236007830874,167.972914796014].
[327.159388333733,240.236007830874,167.972914796014].
[327.159388333733,240.236007830874,167.972914796014].
[327.159388333733,240.236007830874,167.972914796014].
[327.159388333733,240.236007830874,167.972914796014].
[327.159388333733,240.236007830874,167.972914796014].
[327.159388333733,240.236007830874,167.972914796014].
[327.159388333733,240.236007830874,167.972914796014].
[327.159388333733,240.236007830874,167.972914796014].
[327.159388333733,240.236007830874,167.972914796014].
[327.159388333733,240.236007830874,167.972914796014].
[327.159388333733,240.236007830874,167.972914796014].
[327.159388333733,240.236007830874,167.972914796014].
[327.159388333733,240.236007830874,167.972914796014].
[327.159388333733,240.236007830874,167.972914796014].
[327.159388333733,240.236007830874,167.972914796014].
[327.159388333733,240.236007830874,167.972914796014].
[327.159388333733,240.236007830874,167.972914796014].
[327.159388333733,240.236007830874,167.972914796014].
[327.159388333733,240.236007830874,167.972914796014].
[327.159388333733,240.236007830874,167.972914796014].
[327.159388333733,240.236007830874,167.972914796014].
[327.159388333733,240.236007830874,167.972914796014].
[327.159388333733,240.236007830874,167.972914796014].
[327.159388333733,240.236007830874,167.972914796014].
[327.159388333733,240.236007830874,167.972914796014].
[327.159388333733,240.236007830874,167.972914796014].
[327.159388333733,240.236007830874,167.972914796014].
[327.159388333733,240.236007830874,167.972914796014].
[327.159388333733,240.236007830874,167.972914796014].
[327.159388333733,240.236007830874,167.972914796014].
[327.159388333733,240.236007830874,167.972914796014].
[327.159388333733,240.236007830874,167.972914796014].
[327.159388333733,240.236007830874,167.972914796014].
[327.159388333733,240.236007830874,167.972914796014].
[327.159388333733,240.236007830874,167.972914796014].
[327.159388333733,240.236007830874,167.972914796014].
[327.21179838717,240.220282214951,168.015866250073].
[327.446683950833,240.149804893946,168.208361312283].
[327.833944775825,240.033607435702,168.525732015855].
[328.068830339488,239.963130114697,168.718227078065].
[328.115725500317,239.943440197768,168.739967300713].
[328.091009466395,239.925673433277,168.644905156731].
[328.050259615539,239.896380990749,168.488174177909].
[328.025543581617,239.878614226258,168.393112033927].
[328.025543581617,239.878614226258,168.393112033927].
[328.050259615539,239.896380990749,168.488174177909].
[328.091009466395,239.925673433277,168.644905156731].
[328.115725500317,239.943440197768,168.739967300713].
[328.121240392924,239.947404498774,168.761178532124].
[328.121240392924,239.947404498774,168.761178532124].
[328.121240392924,239.947404498774,168.761178532124].
[328.121240392924,239.947404498774,168.761178532124].
[328.121240392924,239.947404498774,168.761178532124].
[328.121240392924,239.947404498774,168.761178532124].
[328.121240392924,239.947404498774,168.761178532124].
[328.121240392924,239.947404498774,168.761178532124].
[328.121240392924,239.947404498774,168.761178532124].
[328.121240392924,239.947404498774,168.761178532124].
[328.121240392924,239.947404498774,168.761178532124].
[328.121240392924,239.947404498774,168.761178532124].
[328.121240392924,239.947404498774,168.761178532124].
[328.098116109016,239.915691410064,168.784069950729].
[327.994480258566,239.773563207006,168.886662171298].
[327.823613627521,239.539233415456,169.055808147558].
[327.667559566672,239.412819551594,169.115457086438].
[327.409513162132,239.45153324511,168.945890068854].
[327.022192064888,239.567647378994,168.628579751383].
[326.787269944255,239.63807416122,168.436121315193].
[326.734851733856,239.622064200246,168.416077577369].
[326.734851733856,239.479885750909,168.518706212823].
[326.711719340576,239.229770054734,168.710811723834].
[326.608047146438,239.017215361741,168.893169286853].
[326.413988249093,238.869142012684,168.982646072553].
[326.154172300268,238.781636587318,168.918918522775].
[325.713123331864,238.685274075066,168.872010833654].
[325.168724156672,238.532267873823,168.982966078577].
[324.823030403637,238.402961768303,169.246702043824].
[324.717548315927,238.351708737598,169.508922663096].
[324.705720116102,238.343776438685,169.631787867616].
[324.705720116102,238.343776438685,169.654729084244].
[324.705720116102,238.343776438685,169.654729084244].
[324.653328296609,238.343776438685,169.635071607794].
[324.395405515641,238.327817533224,169.54697291044].
[323.904667538733,238.256294681046,169.401722714191].
[323.499036577635,238.138373433318,169.313624016836].
[323.296349700715,238.082606709053,169.273054728429].
[323.058257969536,238.137261869856,169.179334489338].
[322.640871789945,238.257773234251,169.003096010029].
[322.162720717797,238.350712546236,168.793759811874].
[321.615496789157,238.41461453992,168.530459864399].
[321.037875264263,238.46250928688,168.29809031447].
[320.526479830373,238.484533807715,168.194472015006].
[320.274358745663,238.488535885775,168.176198018181].
[320.181307418714,238.504366618288,168.176198018181].
[319.999083484959,238.579456911565,168.176198018181].
[319.692777598868,238.714993666439,168.177880946222].
[319.484248792326,238.816546614802,168.185423306428].
[319.382998263859,238.839248074707,168.19785855613].
[319.227166642092,238.790990680034,168.186455900872].
[318.859450675691,238.70459889385,168.103233160168].
[318.395485739981,238.652199626783,167.963247378106].
[318.166766667412,238.672214424093,167.85527736305].
[318.217941699083,238.814313789512,167.732965118808].
[318.388618163078,239.048596035831,167.562541370029].
[318.492138671382,239.19069540125,167.459174141251].
[318.515237218979,239.222402055413,167.43610979494].
[318.515237218979,239.222402055413,167.43610979494].
[318.515237218979,239.222402055413,167.43610979494].
[318.515237218979,239.222402055413,167.43610979494].
[318.515237218979,239.222402055413,167.43610979494].
[318.515237218979,239.222402055413,167.43610979494].
[318.492138671382,239.206588912025,167.43610979494].
[318.336237083491,239.135719320135,167.417144196879].
[317.930804907616,239.018875116541,167.332146283339].
[317.440237663716,238.948005524652,167.19200841532].
[317.18238340424,238.932192381264,167.107010501779].
[317.130002324652,238.932192381264,167.088044903719].
[317.130002324652,238.932192381264,167.088044903719].
[317.130002324652,238.932192381264,167.088044903719].
[317.130002324652,238.932192381264,167.088044903719].
[317.077585605774,238.948096705742,167.045986362811].
[316.842670169675,239.019374942927,166.857493059713].
[316.455360093362,239.136892888712,166.54672014151].
[316.220444657263,239.208171125897,166.358226838411].
[316.168027938385,239.224075450375,166.316168297504].
[316.168027938385,239.224075450375,166.316168297504].
[316.168027938385,239.224075450375,166.316168297504].
[316.144914201932,239.20825163026,166.316168297504].
[316.041325621894,239.137334188602,166.316168297504].
[315.818076849391,239.004506797719,166.320257314959].
[315.47937851477,238.862311244905,166.338583019794].
[315.057758497447,238.72161694186,166.368796999156].
[314.76779922027,238.613155837454,166.409750682071].
[314.60760537296,238.523962911688,166.515251261572].
[314.513735040496,238.459752443617,166.682450661014].
[314.475487542649,238.433440914066,166.783862223061].
[314.46938009747,238.429210637418,166.806490201141].
[314.46938009747,238.429210637418,166.806490201141].
[314.46938009747,238.429210637418,166.806490201141].
[314.46938009747,238.429210637418,166.806490201141].
[314.46938009747,238.429210637418,166.806490201141].
[314.46938009747,238.429210637418,166.806490201141].
[314.46938009747,238.429210637418,166.806490201141].
[314.46938009747,238.429210637418,166.806490201141].
[314.46938009747,238.429210637418,166.806490201141].
[314.46938009747,238.429210637418,166.806490201141].
[314.46938009747,238.429210637418,166.806490201141].
[314.46938009747,238.429210637418,166.806490201141].
[314.46938009747,238.429210637418,166.806490201141].
[314.46938009747,238.429210637418,166.806490201141].
[314.46938009747,238.42495920764,166.806490201141].
[314.46938009747,238.405905621271,166.806490201141].
[314.515709872266,238.358598124497,166.825933387244].
[314.723345517602,238.268315065458,166.913071701895].
[315.065678822622,238.146626088988,167.056738494753].
[315.273314467958,238.075396616318,167.143876809404].
[315.319644242754,238.059503172674,167.163319995507].
[315.319644242754,238.059503172674,167.163319995507].
[315.319644242754,238.059503172674,167.163319995507].
[315.319644242754,238.059503172674,167.163319995507].
[315.319644242754,238.059503172674,167.163319995507].
[315.319644242754,238.059503172674,167.163319995507].
[315.319644242754,238.059503172674,167.163319995507].
[315.319644242754,238.059503172674,167.163319995507].
[315.296530828976,238.043658090219,167.163319995507].
[315.192943695068,237.972645357364,167.163319995507].
[314.969681941879,237.855565154214,167.144336681549].
[314.63091619245,237.784552421358,167.059259370864].
[314.220058792847,237.768707338904,166.918990599085].
[313.984880177325,237.768707338904,166.8339132884].
[313.932404735181,237.768707338904,166.814929974442].
[313.932404735181,237.73696903442,166.838017663456].
[313.961766924882,237.578856083433,166.983544669142].
[314.09335912955,237.273207773386,167.342619059119].
[314.310317996445,237.013689393639,167.756838855172].
[314.441910201113,236.910818891424,167.968404704844].
[314.471272390815,236.894947152753,168.010459867016].
[314.471272390815,236.894947152753,168.010459867016].
[314.448159299705,236.863219922141,168.03353939398].
[314.344573611897,236.721028339478,168.136974657726].
[314.173789685069,236.486594052628,168.307510577203].
[314.070203997262,236.344402469965,168.410945840949].
[313.994600099489,236.328536125765,168.391978206581].
[313.759352624975,236.399619687043,168.203535903198].
[313.371495109865,236.51681666652,167.892847069312].
[313.136247635351,236.587900227798,167.704404765929].
[313.083756828688,236.60376111421,167.662357604597].
[313.089940406527,236.608060953064,167.685037721477].
[313.117653279747,236.627331493861,167.786682953411].
[313.163344083295,236.65910324437,167.954267609368].
[313.191056956514,236.678373785167,168.055912841302].
[313.197240534354,236.682673624021,168.078592958182].
[313.197240534354,236.682673624021,168.078592958182].
[313.197240534354,236.682673624021,168.078592958182].
[313.197240534354,236.682673624021,168.078592958182].
[313.197240534354,236.682673624021,168.078592958182].
[313.197240534354,236.682673624021,168.078592958182].
[313.197240534354,236.682673624021,168.078592958182].
[313.197240534354,236.682673624021,168.078592958182].
[313.197240534354,236.682673624021,168.078592958182].
[313.197240534354,236.682673624021,168.078592958182].
[313.197240534354,236.682673624021,168.078592958182].
[313.197240534354,236.682673624021,168.078592958182].
[313.197240534354,236.682673624021,168.078592958182].
[313.197240534354,236.682673624021,168.078592958182].
[313.197240534354,236.682673624021,168.078592958182].
[313.214177729829,236.710111868038,168.055488069507].
[313.29008497367,236.833081546357,167.929276386451].
[313.415234861192,237.035824270654,167.656985641962].
[313.491142105033,237.158793948973,167.385980339409].
[313.508079300508,237.18623219299,167.261308024825].
[313.508079300508,237.18623219299,167.238645268816].
[313.508079300508,237.18623219299,167.238645268816].
[313.508079300508,237.170360454318,167.26173279662].
[313.484958527193,237.083361912387,167.365203917641].
[313.381338410133,236.894976723571,167.535798955772].
[313.210497719063,236.706607218465,167.639270076793].
[313.106877602002,236.619627458409,167.662357604597].
[313.083756828688,236.60376111421,167.662357604597].
[313.083756828688,236.60376111421,167.662357604597].
[313.083756828688,236.60376111421,167.662357604597].
[313.089940406527,236.608060953064,167.685037721477].
[313.117653279747,236.627331493861,167.786682953411].
[313.163344083295,236.65910324437,167.954267609368].
[313.191056956514,236.678373785167,168.055912841302].
[313.197240534354,236.682673624021,168.078592958182].
[313.197240534354,236.682673624021,168.078592958182].
[313.191056956514,236.678373785167,168.078592958182].
[313.163344083295,236.65910324437,168.078592958182].
[313.100731480353,236.599909658681,168.101697666921].
[312.997180363741,236.457742978873,168.205245787548].
[312.842855463594,236.219100234552,168.399072305372].
[312.663466910023,235.954038522894,168.606167740217].
[312.47581951165,235.692225284133,168.799993108431].
[312.319791843588,235.565935783503,168.861662609484].
[312.06149944503,235.605365974947,168.69708380074].
[311.673741303708,235.722675161707,168.387646289969].
[311.415441484932,235.762094823361,168.223075268754].
[311.259380561762,235.635758131486,168.284779671088].
[311.088600134378,235.401288922693,168.455557873046].
[310.985016569091,235.259076158802,168.559140088544].
[310.915710740534,235.243220218997,168.563335275386].
[310.708687131465,235.314371590761,168.478554582903].
[310.367362903656,235.436059195291,168.338774851862].
[310.160339294587,235.526835096793,168.253994159379].
[310.114146083541,235.575066493377,168.235077029888].
[310.091041422713,235.562964872499,168.25821424332].
[309.987493516806,235.425156954505,168.361908039874].
[309.8167718818,235.190730647804,168.532870207892].
[309.713223975893,235.048543905347,168.636564004446].
[309.690119315065,235.016817754731,168.659701217878].
[309.690119315065,235.016817754731,168.659701217878].
[309.690119315065,235.016817754731,168.659701217878].
[309.690119315065,235.016817754731,168.659701217878].
[309.690119315065,235.016817754731,168.659701217878].
[309.690119315065,235.016817754731,168.659701217878].
[309.690119315065,235.016817754731,168.659701217878].
[309.690119315065,235.016817754731,168.659701217878].
[309.690119315065,235.016817754731,168.659701217878].
[309.683776717003,235.012422587318,168.636703101645].
[309.655351164596,234.992724813562,168.533632695488].
[309.608485351709,234.960248674984,168.363698324477].
[309.580059799301,234.940550901228,168.26062791832].
[309.57371720124,234.936155733815,168.237629802088].
[309.62624523372,234.920290500824,168.27951997066].
[309.861659542768,234.849187459531,168.467258681302].
[310.249792121524,234.731958362941,168.776787486872].
[310.485206430573,234.660855321648,168.964526197515].
[310.537734463053,234.644990088658,169.006416366086].
[310.537734463053,234.644990088658,169.006416366086].
[310.537734463053,234.644990088658,169.006416366086].
[310.537734463053,234.644990088658,169.006416366086].
[310.537734463053,234.644990088658,169.006416366086].
[310.537734463053,234.644990088658,169.006416366086].
[310.537734463053,234.644990088658,169.006416366086].
[310.537734463053,234.644990088658,169.006416366086].
[310.537734463053,234.644990088658,169.006416366086].
[310.537734463053,234.644990088658,169.006416366086].
[310.537734463053,234.644990088658,169.006416366086].
[310.537734463053,234.644990088658,169.006416366086].
[310.51462220565,234.633524611124,169.006416366086].
[310.364862614992,234.582139905774,169.01066132832].
[309.987131027283,234.497420849075,169.029685929167].
[309.542339908845,234.446036143725,169.061052193251].
[309.312273830254,234.434570666191,169.080076794098].
[309.266096190989,234.434570666191,169.084321756332].
[309.242991927315,234.418725587247,169.084321756332].
[309.139445801332,234.347712870125,169.084321756332].
[308.916213526783,234.214752166596,169.107458572049].
[308.577317889528,234.07256786824,169.211150586172].
[308.119964902782,233.89178940613,169.368096590165].
[307.677458377149,233.607328490618,169.427566756714].
[307.207718041228,233.223916841726,169.430433647702].
[306.638256689358,232.90772821065,169.509498137719].
[305.929200821692,232.600549447751,169.599244544278].
[305.419190964282,232.294823571959,169.651599750975].
[305.239898360963,232.136671688121,169.672084799743].
[305.216779841167,232.10492575009,169.676655631956].
[305.216779841167,232.10492575009,169.676655631956].
[305.216779841167,232.10492575009,169.676655631956].
[305.216779841167,232.10492575009,169.676655631956].
[305.216779841167,232.10492575009,169.676655631956].
[305.216779841167,232.10492575009,169.676655631956].
[305.216779841167,232.10492575009,169.676655631956].
[305.216779841167,232.10492575009,169.676655631956].
[305.216779841167,232.10492575009,169.676655631956].
[305.216779841167,232.10492575009,169.676655631956].
[305.216779841167,232.10492575009,169.676655631956].
[305.216779841167,232.10492575009,169.676655631956].
[305.216779841167,232.10492575009,169.676655631956].
[305.216779841167,232.10492575009,169.676655631956].
[305.216779841167,232.10492575009,169.676655631956].
[305.216779841167,232.10492575009,169.676655631956].
[305.216779841167,232.10492575009,169.676655631956].
[305.216779841167,232.10492575009,169.676655631956].
[305.216779841167,232.10492575009,169.676655631956].
[305.216779841167,232.10492575009,169.676655631956].
[305.210213177675,232.100379100834,169.676655631956].
[305.180783433676,232.080002432555,169.676655631956].
[305.115710331275,232.019207970388,169.699461760219].
[304.982385033305,231.840608334574,169.801671735993].
[304.720338602913,231.47228732295,169.970187497129].
[304.426584761844,231.081979107487,170.072397472903].
[304.276854463104,230.891980782587,170.095203601166].
[304.247138291551,230.855655346664,170.095203601166].
[304.247138291551,230.855655346664,170.095203601166].
[304.247138291551,230.855655346664,170.095203601166].
[304.247138291551,230.855655346664,170.095203601166].
[304.247138291551,230.855655346664,170.095203601166].
[304.253736340957,230.860235390601,170.11870068211].
[304.283306746867,230.880761723451,170.224007292964].
[304.332060104074,230.914603925032,170.397628542223].
[304.361630509984,230.935130257883,170.502935153077].
[304.36822855939,230.939710301819,170.526432234021].
[304.36822855939,230.939710301819,170.526432234021].
[304.262934662794,230.939710301819,170.489279660297].
[303.767907164706,230.939629391649,170.322773376702].
[302.863076982588,230.907500480557,170.048250925235].
[302.116577509802,230.764535965294,169.88174464164].
[301.736679224769,230.529450401458,169.844592067916].
[301.609872244612,230.387002825811,169.844592067916].
[301.586739451152,230.355236528943,169.844592067916].
[301.586739451152,230.355236528943,169.844592067916].
[301.586739451152,230.355236528943,169.844592067916].
[301.586739451152,230.355236528943,169.844592067916].
[301.586739451152,230.355236528943,169.844592067916].
[301.586739451152,230.355236528943,169.844592067916].
[301.563606856771,230.323470505453,169.86775887906].
[301.483066355745,230.149339315055,169.994751935129].
[301.415811413556,229.772254170347,170.269758353079].
[301.535494495621,229.358922825936,170.60462296916].
[301.851001618102,229.022344828254,170.999883761198].
[302.261528679182,228.72274800235,171.46535023996].
[302.496495300638,228.560300243261,171.733618670075].
[302.55558448283,228.524053248759,171.817041850025].
[302.585437203379,228.524053248759,171.9226501737].
[302.6872801045,228.512916354348,172.138438485857].
[303.005566414746,228.447230808318,172.47243878327].
[303.636756427744,228.294247980932,172.990527434232].
[304.261182808879,228.127784990317,173.484970448969].
[304.595698298124,228.077844463457,173.71326514166].
[304.960404266044,228.236541346242,173.754906823448].
[305.818754075063,228.645443373728,173.745629414776].
[307.159950919616,229.19606910872,173.740994489521].
[308.741073759814,229.810605306905,173.801069101185].
[310.532500402999,230.539838140316,173.881798557836].
[312.391146595962,231.470206983761,173.80772285506].
[314.476413773711,232.654672735477,173.647231348116].
[316.697813729712,234.100546230653,173.313041003262].
[319.029679893905,235.628014953823,172.805779538016].
[321.426054807453,237.33509965367,172.315095695079].
[323.821784324987,238.981519949304,171.966961719802].
[325.980957543644,240.295157094929,171.691692671391].
[328.030021980874,241.206953490937,171.463529742074].
[329.580422406413,241.669273002177,171.29857155599].
[330.433609455799,241.806484600658,171.082108375318].
[330.80393434667,241.824893355419,170.779682664034].
[330.922096970572,241.825527321382,170.598592065733].
[330.94052925413,241.825527321382,170.558185291533].
[330.94052925413,241.829285700678,170.558185291533].
[330.899085931038,241.86205950103,170.557094829382].
[330.713349842897,241.964988604196,170.552207717077].
[330.407122803643,242.11641446514,170.544150231069].
[330.221386715502,242.219387855414,170.539263118764].
[330.17994339241,242.252192721552,170.538172656613].
[330.17994339241,242.255958032562,170.538172656613].
[330.156932549807,242.240320893114,170.538172656613].
[330.001895634927,242.170240096159,170.519693615434].
[329.599225109866,242.054696395552,170.436876298551].
[329.112535659363,241.984615598596,170.300333626624].
[328.856882698576,241.968978459148,170.217516309741].
[328.804973225488,241.968978459148,170.199037268562].
[328.804973225488,241.968978459148,170.199037268562].
[328.804973225488,241.968978459148,170.199037268562].
[328.781955117299,241.937375658647,170.222082983791].
[328.655777202273,241.780083924224,170.325366713853].
[328.382535988822,241.476395627759,170.497808297476].
[328.062729162462,241.219065274361,170.610752312605].
[327.727856767471,241.121130982991,170.649725145306].
[327.360758696973,241.122691553825,170.659385430373].
[327.152063530919,241.151079862618,170.661540931327].
[327.05356338384,241.168298242278,170.643240296238].
[326.797793038093,241.156512376358,170.561222539977].
[326.310888418239,241.08647341022,170.425998120656].
[325.908051717487,240.970998676971,170.343980364396].
[325.729937825815,240.869351561526,170.348758255987].
[325.603758645702,240.712065858514,170.452189036771].
[325.433675403829,240.478511470105,170.622717565096].
[325.307496654713,240.305245719433,170.749226656499].
[325.181318655893,240.131980999049,170.875734995644].
[324.993701712696,239.870729613801,171.06934002204].
[324.806471704642,239.601025541225,171.296983252622].
[324.611792446765,239.319546958251,171.588744227873].
[324.391167460996,239.026820058274,171.868192757045].
[324.064552518265,238.706961091546,172.021420301555].
[323.577740126828,238.463429346215,172.064646177546].
[323.073246652623,238.365658981899,172.069653508862].
[322.771388523562,238.334371987275,172.069653508862].
[322.484203382756,238.264239977519,172.069653508862].
[322.014259768758,238.116999673529,172.074664035578].
[321.570830000571,237.889248805603,172.13831430987].
[321.245722207805,237.521284386239,172.364984210561].
[320.840351557089,237.049908972938,172.714350890663].
[320.3452953843,236.530183897482,172.966056624195].
[319.832196571685,235.933324942314,173.166321439497].
[319.171450234555,235.086734631909,173.46664026191].
[318.458181914913,234.259769122008,173.761423889877].
[317.693106665999,233.767578141183,173.89736187033].
[316.733707703756,233.497583068006,173.907028380293].
[315.994437688927,233.378889828186,173.839354658442].
[315.714967705526,233.370275111332,173.727779553758].
[315.697575012176,233.401280304839,173.681805759832].
[315.800788877756,233.420085905311,173.742258113322].
[315.947929647011,233.420085905311,173.805347768295].
[315.942029228092,233.401280304839,173.742258113322].
[315.768444615854,233.370275111332,173.666705711438].
[315.62163222387,233.35146951086,173.645005783512].
[315.572158254531,233.347273414215,173.645005783512].
[315.566257835612,233.347273414215,173.645005783512].
[315.566257835612,233.347273414215,173.645005783512].
[315.566257835612,233.347273414215,173.645005783512].
[315.566257835612,233.347273414215,173.645005783512].
[315.589302671038,233.378919690376,173.621898860803].
[315.692582458095,233.520748460361,173.518340817847].
[315.862862039849,233.754584570234,173.347602469673].
[315.972027536756,233.900593747318,173.244044426717].
[316.038609635285,233.978441473995,173.219496013585].
[316.15900230924,234.132425551243,173.213035701715].
[316.312171568432,234.354109875322,173.180718799229].
[316.394960111975,234.4813850971,173.077159785524].
[316.412119453572,234.508851262813,172.915629600028].
[316.412119453572,234.508851262813,172.818530898193].
[316.464570785468,234.40969698699,172.904327342289].
[316.699641346351,233.965318352753,173.385939029903].
[317.087207180193,233.232661846241,174.179982463489].
[317.328082825362,232.792447479281,174.683045714946].
[317.412327231229,232.716099910649,174.907992950676].
[317.481109762028,232.765440941382,175.162165461849].
[317.549809162144,232.814722338461,175.416030779697].
[317.690867718542,232.876988839811,175.564553765887].
[318.238674097721,233.074220668557,175.732134734297].
[319.325278517624,233.484870782075,175.995443289575].
[320.55432017247,234.022427847939,176.224238670481].
[321.929018299667,234.653533579814,176.390876910989].
[323.469601766215,235.268638521145,176.477498369509].
[324.833828707206,235.86882411944,176.398869013484].
[326.327314933727,236.713233968905,176.138667098584].
[328.042879806382,238.037091485673,175.569931782839].
[329.562159431957,239.643901812087,174.635258513575].
[331.012706305251,241.36093512081,173.592393207127].
[332.765077824433,242.932986189208,172.924654469991].
[334.832404845343,244.221157693138,172.632880674466].
[336.596753339368,245.107237948481,172.388714672565].
[337.940875554935,245.699320014151,172.116421974941].
[338.751161848714,246.076151651794,171.970567150112].
[339.038137194367,246.23067838323,171.940528647164].
[339.079226841884,246.257966361302,171.940528647164].
[339.004859946677,246.257966361302,171.92284841528].
[338.643029993269,246.258682950812,171.802831866143].
[337.94753548484,246.261894482187,171.489431734692].
[337.317461387783,246.267189402276,171.128056710937].
[336.959814293934,246.270400933651,171.013586228596].
[336.796296281919,246.243112955579,171.137652456256].
[336.675477702109,246.117605191129,171.327173665484].
[336.514183768958,245.879926252142,171.517083737349].
[336.256068801083,245.615859387034,171.620635290811].
[335.683679104749,245.341932558158,171.649340649616].
[334.777426841048,245.114323774961,171.674437588972].
[333.919749428148,244.882231196581,171.698299125095].
[333.359671564838,244.617298434251,171.668013018116].
[332.998897789041,244.359444102843,171.653405747858].
[332.581660588626,244.119498189726,171.770863434667].
[331.954687883181,243.811133183229,171.898391185641].
[331.379567657802,243.435755751616,171.946638769601].
[331.117247684757,243.218179882171,171.952245567113].
[331.002513657941,243.091778512943,171.978640096904].
[330.758935372266,242.782082747578,172.096932172583].
[330.299153497737,242.252634023774,172.297379548776].
[329.650859506932,241.755540242797,172.439947656268].
[328.837850807387,241.281865440903,172.552597653639].
[328.194620338681,240.788352590912,172.784066910835].
[327.757685280806,240.275176549003,173.131087503533].
[327.528906651594,239.960903477162,173.361395851409].
[327.357114630656,239.724912876449,173.534336552457].
[327.084544643572,239.350483641394,173.808729067275].
[326.789014386035,238.944513895976,174.106235375427].
[326.537282208089,238.598709547393,174.341992446363].
[326.167024053196,238.177179306758,174.565813769093].
[325.536562742617,237.701438983818,174.746387151905].
[324.680770262374,237.256519471935,174.894428587899].
[323.795022217854,236.820658146304,175.044441181801].
[322.961784090868,236.407067641878,175.169439628663].
[322.433885798781,236.07245652247,175.246515835087].
[322.256135955285,235.915425149131,175.276478619628].
[322.181300731682,235.883864793279,175.264279363545].
[321.925893890683,235.868257254313,175.185106494278].
[321.439695208821,235.798309117519,175.054572500655].
[321.037462467738,235.68298413654,174.975399631389].
[320.859627647129,235.597418526767,174.95773377639].
[320.681745859297,235.511818329848,174.940056677284].
[320.279300411617,235.396419945886,174.860833415425].
[319.792748960292,235.326427287933,174.730216338465].
[319.537127690676,235.310809814954,174.650993076606].
[319.485218535061,235.310809814954,174.6333159775].
[319.462231086729,235.279229924863,174.656459312103].
[319.359208490783,235.137698676597,174.760180541843].
[319.189352945484,234.904353097112,174.931187939538].
[319.086330349538,234.762821848847,175.034909169278].
[319.086330349538,234.731241958755,175.05805250388].
[319.241262101098,234.731241958755,175.075722136482].
[319.69563387061,234.730927259177,175.195698464342].
[320.414706120085,234.729516873515,175.509052910109].
[321.105487391329,234.711259736818,175.930376772539].
[321.674034343166,234.638447959936,176.348399752621].
[322.351927464001,234.520412267894,176.85256323633].
[323.061193116928,234.503928788023,177.333417174053].
[323.635632257748,234.737974327024,177.637353038679].
[324.201013221908,235.211773431738,177.783742216846].
[325.064607444683,235.827262075059,177.765393981614].
[326.704138486461,236.896237710795,177.601040724563].
[329.096502484219,238.617993494033,177.304394672504].
[331.888319566149,240.805458698754,176.719535228728].
[334.884216896873,243.28012550133,175.806458808018].
[338.034358406929,245.894464695403,174.699641843879].
[341.417836296553,248.543967616226,173.570163281066].
[344.897890157227,251.085165991447,172.541474492151].
[347.88721078015,253.311123619474,171.490395259928].
[350.091055380387,255.162595613394,170.372855170004].
[351.355890276148,256.441321949366,169.488134297744].
[351.796107819582,256.968756422187,169.088400901383].
[351.799418563105,257.079252737085,168.91950466683].
[351.509220351378,257.169434991256,168.653167458508].
[350.918643025533,257.364750189454,168.234586818751].
[350.306597621714,257.610943654542,167.780675089713].
[349.925974883011,257.929051251497,167.379149408117].
[349.699740157049,258.321239059763,167.006149841335].
[349.59332093332,258.549129677695,166.803864464654].
[349.569575594887,258.599978947771,166.75872849616].
[349.569575594887,258.599978947771,166.75872849616].
[349.569575594887,258.599978947771,166.75872849616].
[349.569575594887,258.599978947771,166.75872849616].
[349.569575594887,258.599978947771,166.75872849616].
[349.569575594887,258.599978947771,166.75872849616].
[349.569575594887,258.599978947771,166.75872849616].
[349.569575594887,258.599978947771,166.75872849616].
[349.518792703733,258.599978947771,166.75872849616].
[349.272668173985,258.588135111571,166.75872849616].
[348.81437856281,258.535054720322,166.760276973099].
[348.449855869272,258.447539950214,166.767216765274].
[348.316020998546,258.394459558965,166.778658548247].
[348.246721178258,258.382615722765,166.785598340422].
[347.996382349908,258.367776754654,166.771179867178].
[347.496211694645,258.286425568167,166.683644781701].
[346.947095659143,258.110237518903,166.510040002026].
[346.397831294572,257.917500747594,166.3993250794].
[345.87452866042,257.747208762933,166.462489914681].
[345.521743470653,257.543683971464,166.571999438607].
[345.279527812488,257.328474580284,166.643927116504].
[345.075021347203,257.104734903765,166.755501138125].
[344.883619896221,256.858012465162,166.927432135112].
[344.781367651834,256.71737864522,167.03171355614].
[344.758552092168,256.685998998455,167.054981886315].
[344.712922295844,256.639737045155,167.062284993301].
[344.457556687401,256.432405354678,167.09501524806].
[343.892425265137,256.090573186499,167.148978315277].
[343.312067227187,255.883241496022,167.181708570036].
[342.992826453343,255.774205428129,167.21094550581].
[342.493238386522,255.416704373285,167.309246106562].
[341.061686324613,254.611506145342,167.471316397944].
[339.052925962357,253.767369908449,167.569616998695].
[337.867301404257,253.333341911256,167.591550827484].
[337.418433918033,253.090258392779,167.606193837488].
[336.978841311567,252.72177848892,167.671819255383].
[336.27082719379,252.314556732633,167.780017277765].
[335.265860956288,252.002941167483,167.84564269566].
[334.424885130466,251.71887069733,167.860285705665].
[333.913184496213,251.417525467539,167.906898291156].
[333.433011261344,251.01875824887,168.115801406092].
[332.794248409503,250.594993659117,168.467564971776].
[332.027605027992,250.209520581243,168.709366178882].
[331.47777044393,249.787066176646,168.817563215375].
[330.930877440332,249.370742970535,168.883377819915].
[330.230825773347,248.981012320651,168.94498853059].
[329.815588493364,248.772792457302,168.977905042959].
[329.701294867073,248.694887816517,169.008568232363].
[329.575995740335,248.522519402548,169.136392671806].
[329.304658135751,248.149252375312,169.413198888328].
[329.033321818551,247.775987119073,169.69000379152].
[328.885167279491,247.572177534879,169.841144277487].
[328.737015610443,247.384755009348,169.968964668008].
[328.465688518338,247.068543340479,170.164577032626].
[328.143124691237,246.742924261023,170.37357964729].
[327.742474688457,246.492787126727,170.537281858356].
[327.084813653776,246.269199428472,170.498783700924].
[326.287493351082,246.013693515101,170.325618159549].
[325.606676279959,245.758661629795,170.366047631015].
[325.126153077909,245.398926091379,170.657465630882].
[324.736930855634,244.981615672758,170.888036771786].
[324.531959394315,244.756638856089,170.960387894863].
[324.440490537223,244.647176264166,171.014425457932].
[324.235527021434,244.365202011688,171.22353577212].
[323.897599313234,243.900305063838,171.568300395045].
[323.692635797445,243.61833081136,171.797524772814].
[323.601170486024,243.492499330004,171.960871515279].
[323.396214915302,243.210536007785,172.228452688922].
[323.058300306304,242.745657080885,172.514724982358].
[322.853344735582,242.463693758667,172.653796275407].
[322.807612966263,242.400779237424,172.680339221069].
[322.807612966263,242.400779237424,172.680339221069].
[322.807612966263,242.400779237424,172.680339221069].
[322.807612966263,242.400779237424,172.680339221069].
[322.887069329722,242.419608205532,172.692883067732].
[323.243168045405,242.50399378611,172.768954282036].
[323.853121906163,242.661850047504,172.954103056666].
[324.316849874676,242.84287428177,173.169150038562].
[324.639762582662,243.060694578947,173.273005607291].
[325.055818733052,243.301391723316,173.247795106078].
[325.781572374699,243.658752710416,173.170276266646].
[326.911618085018,244.320452955264,173.084975999505].
[328.559211808146,245.399914775307,172.868208974631].
[330.587234722427,247.102322497174,172.232005608142].
[332.669257249598,249.435031507925,171.015219464895].
[334.782757316537,252.027489242209,169.532578400257].
[337.292041710094,254.578414563139,168.161377662473].
[340.208313300054,256.740871540467,167.194344802622].
[342.97936612664,258.29543781355,166.627440463463].
[345.302553323483,259.306151807802,166.304014984871].
[346.894259705132,260.037192653361,165.971243887147].
[347.788299459873,260.740307595818,165.499469306842].
[348.198230848032,261.25575563372,165.097728432013].
[348.280392384975,261.481138199816,164.846468381873].
[348.09121943704,261.58415144566,164.598685960344].
[347.744496038319,261.688316980723,164.36428948405].
[347.499030195583,261.721338181005,164.275734570915].
[347.338082484648,261.607911487847,164.359329165034].
[347.182315234528,261.398319705047,164.531839591257].
[347.095242827697,261.271195862754,164.636472453881].
[347.053999946813,261.228154525262,164.659819201275].
[346.901283922381,261.162380475743,164.659819201275].
[346.506033427189,261.037271867735,164.667857374198].
[346.006987646789,260.898789271296,164.680529074307].
[345.655154647387,260.753183702722,164.643299504914].
[345.385503279435,260.618441629928,164.542784553876].
[345.033500871841,260.472816860496,164.505543140387].
[344.534144518825,260.334257568131,164.518206532294].
[344.065149817643,260.194323906664,164.526242851408].
[343.56013357468,260.031222550505,164.534283464383].
[342.892072281632,259.767326829564,164.570318991674].
[342.348654471687,259.406939703216,164.661147786043].
[341.89515438568,258.955785880401,164.853294800028].
[341.183072783517,258.363483628857,165.170159907784].
[340.310273145323,257.801486920449,165.483591118324].
[339.618815925635,257.237555745253,165.794650880303].
[339.047539258764,256.537839152918,166.236308721963].
[338.409930468383,255.746876119703,166.738758068241].
[337.661602689545,255.104868033984,167.07473754533].
[336.793943186269,254.636848018407,167.250596274965].
[335.919696136725,254.209628048526,167.359306271773].
[335.023560380221,253.789353217414,167.446579400558].
[334.148848859524,253.361908572661,167.555315907697].
[333.303192302355,252.924848398708,167.707923006839].
[332.656415794239,252.422985896132,167.924114047595].
[332.135935363109,251.87995614106,168.177613897273].
[331.51171090264,251.409336284397,168.365691942775].
[330.818697235659,251.096096223666,168.501999636062].
[330.340171073093,250.826007312986,168.667485010242].
[329.972771732215,250.423530899194,168.847553687818].
[329.548709209035,249.96758579049,169.035740023727].
[329.003618284709,249.596593866136,169.244768745096].
[328.376491228799,249.278314835676,169.457921046424].
[327.831341222714,248.907230087934,169.682247780061].
[327.384388803764,248.419761995344,169.9471155567].
[326.965648942795,247.859901116311,170.29994525784].
[326.546918435964,247.283533184558,170.71405704996].
[326.128197282957,246.707178128018,171.143428569744].
[325.686671957187,246.099433923384,171.596184297004].
[325.165726889127,245.382371214705,172.130379844545].
[324.555654166127,244.542627398963,172.755970050275].
[323.909687103625,243.686284700415,173.371584689595].
[323.169095431103,242.867900559607,173.868911080324].
[322.324361874859,242.259914164051,174.094968293741].
[321.467121896017,241.957873046593,174.110328484992].
[320.814263430032,241.927883736435,174.058517758953].
[320.544568279784,242.040181591006,174.043838809147].
[320.546902551556,242.150858695428,174.128182133065].
[320.678303373812,242.274035489427,174.324994192149].
[320.925001044134,242.530529592025,174.520525942629].
[321.366896904873,243.052908162143,174.598721362571].
[322.021572477813,243.862175518991,174.535268615748].
[322.855528535545,244.926033957588,174.316798987263].
[323.935667885823,246.157498531571,174.020323903506].
[325.623818728524,247.620107257539,173.71561290771].
[328.143677257936,249.569516239577,173.126371761176].
[331.274085543912,252.118554583354,171.982347668725].
[335.146737009558,255.047679111986,170.557029714471].
[339.580295919958,258.166958049278,169.059712603906].
[344.220547644699,261.404586495936,167.499431755393].
[348.833441091357,264.695606925385,165.855879847674].
[352.923758691273,267.665210721408,164.265361025127].
[356.097278610579,270.0471062152,162.80156299429].
[358.260642387535,271.612615663772,161.729613768608].
[359.367692101607,272.328618073189,161.159975950964].
[359.677364978556,272.619213782963,160.785842344854].
[359.587447028297,272.741088767472,160.47969872786].
[359.360702196729,272.764613035038,160.300274627843].
[359.163131173796,272.722229907472,160.241134883531].
[358.805296336245,272.591818777617,160.232188797285].
[358.017433991955,272.351869275069,160.251133638499].
[357.039576416754,272.038196261587,160.336038526303].
[356.347801963531,271.6335361873,160.476023020813].
[355.874247652616,271.21930182266,160.560927908618].
[355.445671261211,270.76492342746,160.593265856801].
[354.864579102429,270.208741446181,160.653289597925].
[353.926415465372,269.713245388912,160.770481052342].
[352.545913374879,269.09011543742,160.959119287768].
[351.329911516736,268.187326378042,161.340935841546].
[350.497417873799,267.213080599559,161.916190728687].
[349.854192579827,266.327268340921,162.510296462237].
[349.123322678861,265.493135070821,163.01743742772].
[348.028742210804,264.758282939898,163.389599818463].
[346.597962075296,264.061586462006,163.709895438011].
[345.534655573094,263.372798717752,163.984657659208].
[344.911734412276,262.703917482708,164.249784663251].
[344.251989128837,261.831397774051,164.63677194234].
[343.53556885407,260.880943608723,165.110022056348].
[342.896213262238,260.103599181039,165.556056470538].
[342.049826766614,259.414561973371,165.911540887658].
[340.739323433393,258.635193249934,166.191569837077].
[339.349427661011,257.746619631293,166.538675225954].
[338.311139054523,256.87684490225,166.981924059491].
[337.417852706373,256.207013736993,167.311573616301].
[336.251374762654,255.626971532676,167.530373221075].
[334.984839444002,254.909263632833,167.805805160349].
[334.09843983515,254.162643242233,168.162218069523].
[333.447194820489,253.525399570623,168.431818568709].
[332.40632322795,252.867788980095,168.627394183629].
[331.093015064111,252.33826187075,168.811985257234].
[330.263667460074,251.971927509224,169.003083573317].
[329.749983050405,251.540845125799,169.131703332575].
[328.996972692715,251.019948809355,169.269201674213].
[327.886621145816,250.509715296963,169.491256880198].
[326.852001106761,250.016780889748,169.701851135943].
[326.145541328555,249.542525400462,169.830767558778].
[325.584520854901,249.153670630247,169.897252797671].
[324.700336085057,248.710964419271,170.009326228159].
[323.516561059521,248.169371132065,170.245989914372].
[322.552896719643,247.600533546019,170.522716789015].
[321.936102965842,247.003176085812,170.792334123597].
[321.337860346364,246.286294015088,171.189117695567].
[320.385111046622,245.439157452925,171.673925589805].
[319.075217853449,244.67644496908,172.03026394216].
[317.890411182048,244.084435238772,172.249831941453].
[317.104134857626,243.467824381988,172.515004059927].
[316.516352523575,242.837256654268,172.883457526088].
[315.819600276244,242.414582090257,173.149238117444].
[314.878229695724,242.175612418384,173.287213356701].
[314.12887466232,242.072963407409,173.342398586717].
[313.834207953424,242.050904069942,173.354712075929].
[313.788779178304,242.050904069942,173.354712075929].
[313.788779178304,242.050904069942,173.354712075929].
[313.873652021098,242.07327000668,173.409627857817].
[314.32763939378,242.188237942646,173.662414161173].
[315.295523908506,242.426933400115,174.105277030365].
[316.313841709285,242.731863366776,174.432908992096].
[317.164350714971,243.188524103097,174.563661470005].
[318.399517397308,243.975058367609,174.541830816918].
[320.38164274255,245.205222959707,174.323759371608].
[322.964498391822,247.086837557606,173.777208987492].
[326.275975844179,249.537290825528,172.790108427504].
[330.357746554733,252.417083666102,171.452289622119].
[335.139151803645,255.593077819921,170.010172536415].
[340.148706686112,259.036670715593,168.379200045417].
[345.091217151998,262.607281974273,166.573275563392].
[349.744913512028,265.966545643187,164.813188556535].
[353.833276845428,268.942598459481,163.189158620836].
[357.120270613577,271.349127177608,161.867533313298].
[359.555634348396,272.759317346422,161.128731834839].
[361.117165491411,273.235224136143,160.841783899773].
[361.751222111338,273.304003453598,160.760217672434].
[361.82010895718,273.304003453598,160.745914790804].
[361.609012124961,273.304003453598,160.745914790804].
[361.227818532131,273.28976633964,160.731922253053].
[360.891467884903,273.20897804727,160.692676639589].
[360.661069046476,273.027671284699,160.694445989898].
[360.605730339757,272.855366179869,160.795644906234].
[360.829724761886,272.855366179869,160.844362571986].
[361.300634599558,273.027671284699,160.7978376363].
[361.692138788753,273.20897804727,160.755386843091].
[361.840046638829,273.287252363521,160.7299222641].
[361.846269034235,273.290222618183,160.658248731966].
[361.819152760505,273.271646707607,160.540079054991].
[361.780025805135,273.229149392966,160.491847203576].
[361.652031357474,273.055440623486,160.588254963326].
[361.382804396947,272.684715666609,160.794371248886].
[361.109870862258,272.311444873441,160.953679743607].
[360.968928579875,272.128832294793,161.010025816].
[360.918847712594,272.078773053469,161.017367778184].
[360.902227934104,272.0673523005,161.017367778184].
[360.898519560268,272.064803986061,161.017367778184].
[360.875829753348,272.033563771027,161.040791427897].
[360.774141093665,271.893554840753,161.145768942802].
[360.583795633703,271.648397812215,161.31884760457].
[360.380421017542,271.444205146769,161.423825119475].
[360.13998909772,271.307143842326,161.432930669307].
[359.813813930596,271.242960107155,161.368761397563].
[359.421004590208,271.228638780047,161.262964154314].
[359.196515379562,271.228638780047,161.19879488257].
[359.146425066039,271.228638780047,161.184476782689].
[359.146425066039,271.228638780047,161.184476782689].
[359.096307196052,271.228638780047,161.170151186841].
[358.848994736289,271.214309955283,161.105948320503].
[358.376937763654,271.150092617945,161.000095689132].
[357.984595330181,271.04421612793,160.935892822794].
[357.832744240454,270.979998790592,160.921567226946].
[357.787345344974,270.934414607697,160.945002897418].
[357.685614831038,270.794337810774,161.050034285628].
[357.495191026689,270.532135689313,161.246636816622].
[357.269034766068,270.220732125462,161.480131223426].
[356.976889716285,269.818465969247,161.781755573391].
[356.707445567541,269.44745758793,162.05994244076].
[356.583021922746,269.276133715179,162.188403289264].
[356.560323984301,269.244880019594,162.211837713137].
[356.487453310718,269.230519713864,162.197523594936].
[356.160869609373,269.166161288624,162.13337216784].
[355.622424114301,269.060052183984,162.027604345442].
[355.222931570867,268.981325931313,161.963452918346].
[354.804596073643,268.874034386109,161.958263640134].
[354.182015864847,268.639966311342,161.999158335783].
[353.713014178992,268.361967386065,162.069305385027].
[353.538338352504,268.207462287849,162.136553956991].
[353.425235540103,268.149878842996,162.229214957199].
[353.116652053513,268.097874078203,162.348790864636].
[352.629384163896,268.026824905648,162.427558796267].
[352.301966434805,267.946233200654,162.486016448527].
[352.123684737646,267.789306886087,162.603898061383].
[351.967776505696,267.566374298458,162.780247087525].
[351.880152145488,267.435881236828,162.885498924378].
[351.86150155177,267.438629556538,162.885498924378].
[351.83401394019,267.595623678168,162.742770447967].
[351.710823011799,267.902431788253,162.401280859865].
[351.507715507805,268.167607102789,162.019112030917].
[351.411275750968,268.29178879511,161.827668525803].
[351.526362686736,268.402069195319,161.790191886245].
[351.825691740641,268.618303105461,161.783728934809].
[352.113196366032,268.900985036686,161.731254721696].
[352.24161068417,269.175616791678,161.578138353292].
[352.264294798349,269.381965635991,161.375462067841].
[352.264294798349,269.472295320784,161.263637858729].
[352.264294798349,269.489263850702,161.24012858443].
[352.237554380537,269.455270493612,161.24012858443].
[352.117712142293,269.30292283668,161.24012858443].
[351.847227244722,269.037423851031,161.24660840815].
[351.400676818753,268.820897675539,161.275648963291].
[350.816713389111,268.652608161277,161.333022838296].
[350.402642646242,268.457988938032,161.404612970887].
[350.174014900744,268.220716445321,161.484628689219].
[349.991528948605,268.060958852269,161.542342067074].
[349.646328464754,267.968367859734,161.576837041379].
[349.134179779054,267.880471120761,161.592000841786].
[348.803357045198,267.828848701858,161.595384342999].
[348.609593418194,267.837114295745,161.575481078241].
[348.337447272252,267.925780536434,161.48628083411].
[348.063502711008,268.07196645345,161.339214494261].
[347.959025294048,268.191894310384,161.226470480232].
[348.037389120558,268.351783266718,161.101051359244].
[348.205022273491,268.582777102898,160.927085122681].
[348.306696920328,268.722881946747,160.821569266451].
[348.352070949296,268.785406100418,160.774481032893].
[348.453748592161,268.925515072708,160.668962067448].
[348.621386684706,269.156515715539,160.494990704656].
[348.723064327571,269.29662468783,160.389471739211].
[348.695564107344,269.344893589274,160.328680981442].
[348.470639028057,269.421110825023,160.161754672216].
[348.099800265522,269.546771802797,159.886539715556].
[347.874875186235,269.622989038546,159.71961340633].
[347.874875186235,269.622989038546,159.71961340633].
[348.099800265522,269.546771802797,159.886539715556].
[348.470639028057,269.421110825023,160.161754672216].
[348.695564107344,269.344893589274,160.328680981442].
[348.745751676307,269.327887225255,160.365927275553].
[348.745751676307,269.327887225255,160.365927275553].
[348.745751676307,269.327887225255,160.365927275553].
[348.745751676307,269.327887225255,160.365927275553].
[348.745751676307,269.327887225255,160.365927275553].
[348.745751676307,269.327887225255,160.365927275553].
[348.745751676307,269.327887225255,160.365927275553].
[348.745751676307,269.327887225255,160.365927275553].
[348.768439693576,269.359150683901,160.342382118104].
[348.8701203326,269.499263784816,160.236860043306].
[349.037763364977,269.730271234598,160.062883554059].
[349.139444004001,269.870384335513,159.957361479261].
[349.180650017325,269.930137840357,159.910270470542].
[349.263641917845,270.057821369013,159.787344592379].
[349.400472429528,270.268335918627,159.535378476893].
[349.483464330048,270.396019447283,159.283797994723].
[349.501982326102,270.42450949348,159.103925053777].
[349.520504963283,270.453011904403,158.933844865943].
[349.60351766389,270.580750847915,158.750118049818].
[349.740382469121,270.79135676118,158.558888240126].
[349.846108285149,270.933391404948,158.453504014121].
[349.966424043462,271.025962699464,158.429989614895].
[350.184488741114,271.131594430633,158.444039732503].
[350.511424951805,271.195663314225,158.507007991025].
[350.905336267932,271.209959014482,158.610825098229].
[351.13047935749,271.209959014482,158.673793356751].
[351.180715571119,271.209959014482,158.687843474359].
[351.180715571119,271.209959014482,158.687843474359].
[351.176578385245,271.207202072957,158.670471763858].
[351.158036804528,271.194846318259,158.592617158774].
[351.123310660255,271.17170548001,158.44680487395].
[351.086142078372,271.146937048059,158.290736990182].
[351.051294159463,271.123715061522,158.144413383465].
[351.032667158296,271.111302384269,158.066200104782].
[351.028510912542,271.108532741606,158.048748363383].
[351.028510912542,271.108532741606,158.048748363383].
[351.028510912542,271.108532741606,158.048748363383].
[351.028510912542,271.108532741606,158.048748363383].
[351.028510912542,271.108532741606,158.048748363383].
[351.028510912542,271.108532741606,158.048748363383].
[351.028510912542,271.108532741606,158.048748363383].
[351.028510912542,271.108532741606,158.048748363383].
[351.028510912542,271.108532741606,158.048748363383].
[351.028510912542,271.108532741606,158.048748363383].
[350.983049839865,271.082641981761,158.048748363383].
[350.779307447325,270.92988748267,158.084754557749].
[350.346953190322,270.574010849551,158.25706742334].
[349.665539989272,270.160750998326,158.572168153421].
[348.658298521865,269.791609449289,158.822033172079].
[347.540234565539,269.254152068195,158.941276513958].
[346.203288644762,268.483911211174,159.037020689275].
[344.518669601192,267.652334001163,159.217232342947].
[342.713934647441,266.729853599809,159.565297120929].
[340.743950354413,265.577221337902,160.04992107533].
[338.822173873099,264.194034875965,160.559089279299].
[337.053803637219,262.961924632431,160.967355556084].
[335.492712080747,261.839262143701,161.457361919107].
[334.262826288351,260.706304001079,162.116115335073].
[333.187685046819,259.786790974981,162.609305169982].
[331.95420111873,259.116300446513,162.850600313283].
[330.855037833152,258.630980831007,163.001026062448].
[330.261151251793,258.287996138699,163.115067617981].
[330.062829819164,258.101463084222,163.188865921841].
[329.938011906646,257.929495262848,163.303482024115].
[329.769764117876,257.697691949507,163.477330878353].
[329.644947421439,257.525725803588,163.606302794263].
[329.520132841968,257.353762574319,163.735272522732].
[329.351889545955,257.121965450873,163.909116734646].
[329.249844828632,256.981373388669,164.014558579186].
[329.222017794053,256.946638841149,164.018482373734].
[329.199350394644,256.931561461366,163.930625756332].
[329.156896636745,256.903323046387,163.766079153625].
[329.111455380416,256.873097475862,163.589953299952].
[329.068849857637,256.844758113407,163.42481847145].
[329.046076000718,256.829609922665,163.336549235178].
[329.040994466376,256.826229904439,163.316853706352].
[329.040994466376,256.826229904439,163.316853706352].
[329.018199989722,256.794833220684,163.340349182931].
[328.893248332229,256.622727155933,163.469143486336].
[328.62266349025,256.250028679832,163.748049640391].
[328.352080323039,255.877332510524,164.026954068176].
[328.204337346556,255.673834111326,164.179240593386].
[328.056598103661,255.470340854702,164.311672300595].
[327.786026937338,255.097661215191,164.521449454551].
[327.510299845141,254.72153303584,164.742625731755].
[327.339436497433,254.502565515864,164.929125513102].
[327.153523224857,254.290177027943,165.025360606997].
[326.859695672439,253.959921640261,165.084941285901].
[326.538219210182,253.632110142111,165.21695377014].
[326.208810909414,253.381986363817,165.406678633196].
[325.746998962028,253.128910315021,165.515521239698].
[325.06261028959,252.751547205068,165.576564666216].
[324.143534068561,252.35273484312,165.744926211802].
[323.416698949184,252.020718923455,166.046011175573].
[322.953019862616,251.613267434261,166.322913781041].
[322.557186745215,251.106073207991,166.54851329467].
[322.229360850172,250.680666520733,166.677529833805].
[322.006406178604,250.4775585834,166.715396335674].
[321.624264381665,250.344811199977,166.727269317853].
[320.976027435981,250.094636523009,166.766117532843].
[320.4762754736,249.796106398439,166.830167411226].
[320.30012389609,249.640461770893,166.869015626215].
[320.27730618453,249.609034109396,166.877683834648].
[320.27730618453,249.609034109396,166.877683834648].
[320.27730618453,249.609034109396,166.877683834648].
[320.322963141778,249.592419510338,166.895563751286].
[320.527583428059,249.514308260069,166.975695978265].
[320.864945246469,249.375184861808,167.107811685353].
[321.069565532751,249.305187694059,167.164472887419].
[321.138047803639,249.413087724752,167.077162968238].
[321.24034376231,249.641696313355,166.903734248461].
[321.431827143006,249.814001638673,166.775072828248].
[321.636421498782,249.986309572695,166.6464094601].
[321.827908355688,250.218573480918,166.472976606292].
[321.930206752793,250.3594486624,166.367784263057].
[321.953032610522,250.390882164205,166.344312678664].
[321.953032610522,250.390882164205,166.344312678664].
[321.953032610522,250.390882164205,166.344312678664].
[321.833435985323,250.390882164205,166.344312678664].
[321.280130629919,250.390882164205,166.334245002829].
[320.227820767442,250.396341083152,166.275844847506].
[319.01963305162,250.433745825799,166.141937562875].
[317.346420177637,250.584738631443,165.904237357909].
[314.819874425376,250.956870662067,165.37458377799].
[311.473060742075,251.560576276165,164.4171156049].
[307.709188841465,252.29725631452,163.347796584337].
[303.737823830243,253.077054152514,162.417019233252].
[298.944550724363,253.666899363759,161.678199477139].
[292.71652254909,254.334870465545,160.601429224149].
[285.403409512582,255.477134068076,158.901036126929].
[277.516587356325,256.832647885111,157.220401981818].
[268.875076478271,258.16573522056,155.821317138447].
[259.204312897728,259.881397591717,154.081573842465].
[248.92688585834,262.061113477021,151.922898910754].
[238.666685854507,264.181400992661,149.96377619624].
[228.486558752971,266.100535130335,148.311696475407].
[218.169060858767,267.657413660077,147.015776398397].
[207.464915806231,268.630694858229,146.077488206711].
[196.571970691238,268.969052590024,145.675258471075].
[185.874871467035,268.757377511382,145.80203290881].
[175.744594830054,267.764473877564,146.479277494194].
[166.052593782851,265.672876105754,147.72195051634].
[156.53295777651,262.507514069183,149.459068335542].
[147.188116615268,258.489264534232,151.697440156275].
[138.141792895585,254.063056851674,154.141182456109].
[129.611194122219,249.277326817825,156.61210407677].
[121.864851811084,244.253637906805,159.122567357492].
[114.943572742256,239.050382559788,161.662183419031].
[108.690869693328,234.018822381647,163.616051940253].
[103.366095424274,229.5031086051,164.570174450217].
[99.3482970596787,225.666030597934,164.770042755766].
[96.4270306514252,222.799843071762,164.419588290077].
[94.3682398556057,221.065318387994,163.247868123149].
[93.1842500782775,220.302799657533,160.860166181054].
[92.7889789269214,220.185152308967,157.054357289337].
[92.8670987881198,220.731146829091,151.946712878915].
[93.205527817032,222.234561527428,145.569728024382].
[93.6562169351767,224.245551679707,138.593752511023].
[94.1287197487621,225.674994970323,133.112721949282].
[94.6891088338212,226.059704741498,130.75537343363].
[95.6077172133888,225.399480650602,130.416888679206].
[96.8578134275374,223.666547646428,130.7994859682].
[98.1572303016494,221.438007314283,131.529414223453].
[99.1718533403034,219.485507323774,132.225916822141].
[99.7502986682948,217.993674928901,132.663085812544].
[100.099372237217,216.341255527095,133.20963591723].
[100.29550911659,214.140656845059,134.324369607337].
[100.413988892241,211.496915354224,135.861141182468].
[100.711857634738,208.916250184578,137.287624876597].
[101.425427746247,206.717929113424,138.473913747094].
[102.325118544144,204.794927751078,139.401566878501].
[102.958832049544,202.966736994029,140.063427568966].
[103.455561002866,201.247963736562,140.486282752406].
[104.022436955636,199.792113963993,140.763141227349].
[104.520089791459,198.608618917126,140.948326935778].
[104.995666763634,197.808486174532,141.060177091852].
[105.549814943451,197.31306725852,141.127251643688].
[106.094806836386,196.980399589607,141.238524111863].
[106.516479270609,196.728939758731,141.408698384789].
[106.836604385857,196.511304629038,141.511914298814].
[107.071853854008,196.270852162316,141.559461370457].
[107.125175732305,195.96186807835,141.669336647744].
[107.00149004269,195.66931617517,141.829931549024].
[106.810873806847,195.342261141914,141.847668652373].
[106.593088885601,194.892818533613,141.757635027858].
[106.250298771474,194.384257624057,141.83494617573].
[105.7192594134,193.813920930263,142.109096257913].
[105.203800777511,193.230061524478,142.359071697346].
[104.902452570323,192.674985718426,142.586423535259].
[104.580652881239,192.303077701991,142.797773638549].
[103.981371344003,192.092724454316,142.850589244316].
[103.199849900055,191.885796981747,142.765250444467].
[102.426964167021,191.663204747618,142.698629235283].
[101.805729377512,191.431275812337,142.654009745492].
[100.943827748628,191.177869916055,142.520660274954].
[99.6752051659818,191.033905389954,142.300804166441].
[98.3149609288765,191.001782562189,142.180176912843].
[96.8627001862733,191.00769822239,142.211618191069].
[95.6030861479675,191.040385812915,142.334697745256].
[94.3283838686067,191.118204506302,142.492712410483].
[92.9692856133257,191.22423331227,142.707051164081].
[91.7475853854671,191.333140338126,142.928861813277].
[90.6660981562678,191.429899924685,143.030954309564].
[89.6775649984274,191.508371184868,143.072715113572].
[88.8926056557336,191.569682008079,143.220670236034].
[88.2945674843646,191.618399999121,143.459073662801].
[87.6412443262396,191.637302556712,143.608947437314].
[87.0307691940961,191.614917784951,143.695068235276].
[86.594170083657,191.555695015562,143.818830147024].
[86.1827353366645,191.480862570661,143.932683398254].
[85.5638630194749,191.367435853987,143.932452826886].
[84.7871817494724,191.175851799254,143.844173630465].
[84.0424073517187,190.989211033977,143.783844708335].
[83.6645573713559,190.903015526409,143.770383506279].
[83.5723103904304,190.854859157344,143.795036205276].
[83.5032430436091,190.677085297894,143.905521936924].
[83.348283772096,190.270135045241,144.087682112802].
[83.1592858150631,189.781027697549,144.163755285909].
[83.0100209318949,189.404595397308,144.034181597409].
[82.9449479901332,189.182729072773,143.77990527184].
[82.9887018699311,189.037609642471,143.664124834161].
[83.2396866388963,188.908184653205,143.802015068712].
[83.6534905661109,188.774349208133,144.086094348685].
[83.9044753350761,188.699843541175,144.258397141778].
[83.9604776067701,188.683219079774,144.296843091595].
[83.9604776067701,188.683219079774,144.296843091595].
[83.9604776067701,188.683219079774,144.296843091595].
[83.9604776067701,188.683219079774,144.296843091595].
[83.9604776067701,188.699843541175,144.272213853615].
[83.9044753350761,188.774349208133,144.148016555112].
[83.6534905661109,188.897188286036,143.904107527576].
[83.2396866388963,188.971693952995,143.691634482046].
[82.9887018699311,188.988318414396,143.605083037639].
[82.9326995982371,188.988318414396,143.591266325802].
[82.9326995982371,188.988318414396,143.591266325802].
[82.8766672459582,189.004951805318,143.552799725454].
[82.6255476651646,189.079497491619,143.380404383102].
[82.211521470821,189.202402550261,143.096172515196].
[81.8936702105769,189.32130763118,142.923777172843].
[81.5385672198592,189.547751120595,142.906594734109].
[81.0454830968234,189.924846542703,143.001983728582].
[80.7464124583847,190.204968743204,143.159253592761].
[80.6796807789342,190.298649504579,143.254642587235].
[80.6796807789342,190.309654589042,143.275926748848].
[80.6796807789342,190.309654589042,143.275926748848].
[80.6796807789342,190.309654589042,143.275926748848].
[80.6796807789342,190.309654589042,143.275926748848].
[80.6796807789342,190.309654589042,143.275926748848].
[80.7464124583847,190.265309688864,143.275926748848].
[81.0680260463922,190.055550055506,143.303541987366].
[81.7066361649156,189.645238921733,143.427304900009].
[82.4166891094716,189.216023227315,143.639097712435].
[83.1148899022343,188.854419732586,143.79755905322].
[83.7367068215918,188.595177394552,143.882382328276].
[84.2848361709525,188.398413535925,143.839496803188].
[84.8521274976385,188.320089932335,143.478958507643].
[85.2635567598724,188.391395168282,142.813482715382].
[85.5478797443243,188.610528356588,142.313485962699].
[85.8312364944709,189.006653481229,142.093545885093].
[86.1941608895675,189.606808743866,141.851368499295].
[86.5814134501197,190.215767358402,141.473084665568].
[87.0639990909821,190.81853844446,141.152712567381].
[87.6529770499013,191.420869024027,140.791680695515].
[88.2252403506789,192.000431226522,140.22978008474].
[88.8658420445076,192.40161613745,139.568431832426].
[89.7007304487363,192.691743857003,138.980867763273].
[90.5351184810351,193.050627926022,138.508018246314].
[91.1284457790876,193.462330268582,138.189530840411].
[91.460725096511,193.749700812663,137.885596867503].
[91.5920961779444,193.955261953434,137.488099340325].
[91.652301706289,194.235326802718,137.133097835851].
[91.767462479994,194.542260195173,136.792545643479].
[91.9386346342342,194.73075962798,136.501120869257].
[92.0957487892014,194.746764363611,136.39630375314].
[92.4048340831299,194.624402016988,136.505427837388].
[92.9751630804537,194.410670661794,136.725880432583].
[93.4815484660986,194.17184608674,136.859591690582].
[93.6918642674991,194.043462916697,136.889426704993].
[93.7262190346861,194.016102982854,136.889426704993].
[93.7262190346861,194.016102982854,136.889426704993].
[93.7262190346861,194.016102982854,136.889426704993].
[93.7262190346861,194.016102982854,136.889426704993].
[93.7826199493373,193.999554842775,136.928970571295].
[94.0353913120868,193.925391224247,137.106193884701].
[94.4521408344757,193.803116088868,137.398385731176].
[94.7049121972252,193.72895247034,137.575609044582].
[94.7613131118764,193.712404330261,137.615152910884].
[94.7613131118764,193.712404330261,137.615152910884].
[94.7613131118764,193.712404330261,137.615152910884].
[94.7613131118764,193.712404330261,137.615152910884].
[94.7613131118764,193.712404330261,137.615152910884].
[94.7613131118764,193.712404330261,137.615152910884].
[94.7613131118764,193.712404330261,137.615152910884].
[94.784816258168,193.745001868765,137.590592561386].
[94.8901500520216,193.891093900802,137.480520711477].
[95.0638161184715,194.1319589415,137.299042911228].
[95.169149912325,194.278050973536,137.188971061319].
[95.1926530586166,194.31064851204,137.164410711821].
[95.1926530586166,194.31064851204,137.164410711821].
[95.1926530586166,194.31064851204,137.164410711821].
[95.1926530586166,194.31064851204,137.164410711821].
[95.1926530586166,194.31064851204,137.164410711821].
[95.1926530586166,194.31064851204,137.164410711821].
