[505.692858087488,504.018149539317,-8.39798590712473].
[505.716791151266,504.03026001271,-8.39798590712473].
[505.816903134164,504.080918111335,-8.39798590712474].
[506.030957199771,504.16552716047,-8.39425331851043].
[506.342328043453,504.21684514286,-8.37752501691364].
[506.711113937117,504.228295732489,-8.34994471024833].
[506.874221473138,504.248319794074,-8.36230469993756].
[506.711113937117,504.338061412024,-8.48893678845463].
[506.364957026068,504.486020326405,-8.70387180458908].
[506.155002246446,504.575761944355,-8.83423648172045].
[506.155002246446,504.575761944355,-8.83423648172045].
[506.364957026068,504.486020326405,-8.70387180458908].
[506.711113937117,504.338061412024,-8.48893678845463].
[506.921068716739,504.248319794074,-8.35857211132326].
[506.967915960341,504.228295732489,-8.32948382003724].
[506.967915960341,504.228295732489,-8.32948382003724].
[506.967915960341,504.228295732489,-8.32948382003724].
[506.967915960341,504.228295732489,-8.32948382003724].
[506.967915960341,504.228295732489,-8.32948382003724].
[506.967915960341,504.228295732489,-8.32948382003724].
[506.967915960341,504.228295732489,-8.32948382003724].
[506.967915960341,504.228295732489,-8.32948382003724].
[506.967915960341,504.228295732489,-8.32948382003724].
[506.967915960341,504.228295732489,-8.32948382003724].
[506.967915960341,504.228295732489,-8.32948382003724].
[506.967915960341,504.228295732489,-8.32948382003724].
[506.967915960341,504.228295732489,-8.32948382003724].
[506.967915960341,504.228295732489,-8.32948382003724].
[506.967915960341,504.228295732489,-8.32948382003724].
[506.967915960341,504.228295732489,-8.32948382003724].
[506.967915960341,504.228295732489,-8.32948382003724].
[506.967915960341,504.228295732489,-8.32948382003724].
[506.967915960341,504.228295732489,-8.32948382003724].
[506.967915960341,504.228295732489,-8.32948382003724].
[506.967915960341,504.228295732489,-8.32948382003724].
[506.967915960341,504.228295732489,-8.32948382003724].
[506.967915960341,504.228295732489,-8.32948382003724].
[506.967915960341,504.228295732489,-8.32948382003724].
[506.967915960341,504.228295732489,-8.32948382003724].
[506.967915960341,504.228295732489,-8.32948382003724].
[506.967915960341,504.228295732489,-8.32948382003724].
[506.967915960341,504.228295732489,-8.32948382003724].
[506.967915960341,504.228295732489,-8.32948382003724].
[506.967915960341,504.228295732489,-8.32948382003724].
[506.945287956614,504.228295732489,-8.32948382003724].
[506.843876279628,504.216845142859,-8.32948382003724].
[506.65245745081,504.16552716047,-8.33321640865154].
[506.419873688572,504.080918111335,-8.34994471024833].
[506.116872298681,504.029600128946,-8.37752501691364].
[505.841122374038,504.018149539317,-8.39425331851043].
[505.715487070104,504.018149539317,-8.39798590712474].
[505.717080024747,503.998130074059,-8.36890181063457].
[505.825635216223,503.908409055418,-8.23855593327393].
[506.004612469453,503.72901643868,-7.99830233017953].
[506.113167660928,503.498267130293,-7.75434750580345].
[506.137389598187,503.245731323959,-7.53795392182709].
[506.137389598187,503.104703034212,-7.42434497481165].
[506.183436442988,503.053511501719,-7.37846572695331].
[506.389804084054,502.965115259799,-7.28645815028674].
[506.730046803464,502.819374495495,-7.13476330157098].
[506.936414444531,502.730978253574,-7.0427557249044].
[506.982461289331,502.711254385958,-7.02222605958792].
[506.982461289331,502.711254385958,-7.02222605958792].
[506.981667391728,502.711541580494,-7.03080116883552].
[506.978109389516,502.71282869711,-7.06923214222744].
[506.972243235587,502.714950793651,-7.13259410551242].
[506.968685233375,502.716237910266,-7.17102507890434].
[506.967891335772,502.716525104803,-7.17960018815194].
[506.967891335772,502.716525104803,-7.17960018815194].
[506.967891335772,502.716525104803,-7.17960018815194].
[506.967891335772,502.716525104803,-7.17960018815194].
[506.967891335772,502.716525104803,-7.17960018815194].
[506.967891335772,502.716525104803,-7.17960018815194].
[506.967891335772,502.716525104803,-7.17960018815194].
[506.967891335772,502.716525104803,-7.17960018815194].
[506.967891335772,502.716525104803,-7.17960018815194].
[507.01475106255,502.696507214332,-7.15028424209587].
[507.271609785266,502.586780373581,-6.98959067905623].
[507.827817093003,502.349175553176,-6.64162144085354].
[508.383990299049,502.111585300588,-6.29367353703368].
[508.640808183615,502.001875905385,-6.13300552277641].
[508.665025893486,501.950405615327,-6.07839431984144].
[508.563603981335,501.809423283657,-5.96499595673095].
[508.396387517457,501.576982714641,-5.77803366340811].
[508.272337012005,501.404545327763,-5.63933459963591].
[508.148292405229,501.232116140386,-5.50064213108704].
[507.981088459886,500.999692972857,-5.31369383455546].
[507.87967414061,500.858721195724,-5.200303960928].
[507.857045547309,500.827266140515,-5.17500326026629].
[507.857045547309,500.827266140515,-5.17500326026629].
[507.857045547309,500.827266140515,-5.17500326026629].
[507.857045547309,500.827266140515,-5.17500326026629].
[507.857045547309,500.827266140515,-5.17500326026629].
[507.857045547309,500.827266140515,-5.17500326026629].
[507.857045547309,500.827266140515,-5.17500326026629].
[507.857045547309,500.827266140515,-5.17500326026629].
[507.857045547309,500.827266140515,-5.17500326026629].
[507.857045547309,500.827266140515,-5.17500326026629].
[507.857045547309,500.827266140515,-5.17500326026629].
[507.834418648016,500.795813440078,-5.14970445365161].
[507.733011920763,500.654852216296,-5.03632306855397].
[507.565820492549,500.422446448301,-4.84938876724206].
[507.464413765296,500.281485224519,-4.73600738214442].
[507.441786866004,500.250032524081,-4.71070857552974].
[507.441786866004,500.250032524081,-4.71070857552974].
[507.441786866004,500.250032524081,-4.71070857552974].
[507.441786866004,500.250032524081,-4.71070857552974].
[507.419161660531,500.21858217815,-4.68541166274939].
[507.317762524448,500.077631506534,-4.57203876522842].
[507.150583611957,499.84524313612,-4.38511845756469].
[507.049184475874,499.704555966327,-4.28016651365895].
[507.048407899007,499.705739921198,-4.31789031071865].
[507.169730135194,499.879837341553,-4.51030721283503].
[507.436057980961,500.253195720729,-4.8105615192368].
[507.706906339235,500.624859847426,-5.05711415937512].
[507.83364207115,500.796079963529,-5.15810910854736].
[507.810195392981,500.847269647722,-5.20430334029194].
[507.600227568385,500.936919147339,-5.33561718870292].
[507.254049149811,501.084726184265,-5.55211712371559].
[507.044081325216,501.174375683882,-5.68343097212656].
[506.997231170888,501.194379191089,-5.71273105215221].
[506.997231170888,501.194379191089,-5.71273105215221].
[506.997231170888,501.194379191089,-5.71273105215221].
[506.997231170888,501.194379191089,-5.71273105215221].
[506.997231170888,501.194379191089,-5.71273105215221].
[506.997231170888,501.194379191089,-5.71273105215221].
[506.997231170888,501.194379191089,-5.71273105215221].
[507.044081325216,501.174375683882,-5.68343097212656].
[507.254049149811,501.084726184265,-5.55211712371559].
[507.600227568385,500.936919147339,-5.33561718870292].
[507.809423192555,500.847539176456,-5.2126916819295].
[507.852812584674,500.828743613232,-5.22098554093915].
[507.847106752407,500.830735176171,-5.28296746787604].
[507.843645990198,500.831943120153,-5.32056140691134].
[507.842873789772,500.832212648888,-5.32894974854889].
[507.842873789772,500.832212648888,-5.32894974854889].
[507.842873789772,500.832212648888,-5.32894974854889].
[507.864736033897,500.863670693031,-5.35423412141057].
[507.962715814446,501.004655865643,-5.46755081891508].
[508.124257162736,501.237374657857,-5.66278186701205].
[508.222236943285,501.379585748451,-5.81375998415699].
[508.24409918741,501.413064989648,-5.90113754066461].
[508.24409918741,501.41429090763,-5.93879896030504].
[508.290969610758,501.394548758055,-5.91765373847054].
[508.501028274799,501.304844664096,-5.78522600924455].
[508.847356462298,501.156947616317,-5.56688959523914].
[509.057415126339,501.067243522358,-5.43446186601315].
[509.104285549687,501.047227833507,-5.40491324558286].
[509.104285549687,501.01577157016,-5.37964960302288].
[509.104285549687,500.874794378523,-5.26642581228491].
[509.12850894842,500.62235651741,-5.05021464749094].
[509.23707068977,500.391719700359,-4.80461658410726].
[509.416058741917,500.212439705468,-4.56110466254286].
[509.524620483267,500.122780080054,-4.42873038989716].
[509.548843882,500.102774313476,-4.3991936972422].
[509.548843882,500.102774313476,-4.3991936972422].
[509.594962959936,500.083026729934,-4.37773685377301].
[509.847791094625,499.974770615642,-4.25990224875152].
[510.395338193896,499.740325187186,-4.00423058897477].
[510.942936722271,499.505862310385,-3.74793425030498].
[511.195826445382,499.397585300998,-3.62935156715887].
[511.241963212555,499.377831716031,-3.6076798629972].
[511.241963212555,499.377831716031,-3.6076798629972].
[511.241963212555,499.377831716031,-3.6076798629972].
[511.241963212555,499.377831716031,-3.6076798629972].
[511.241963212555,499.377831716031,-3.6076798629972].
[511.21932382722,499.346386426828,-3.58246433932513].
[511.117861141409,499.205458417892,-3.46945620248118].
[510.92793971371,498.941664408836,-3.25792359303613].
[510.725021718566,498.659818636628,-3.03191553519783].
[510.535110806711,498.396039233698,-2.82039463819496].
[510.433655497379,498.255121470426,-2.70739471720062].
[510.411017757959,498.223678467339,-2.68218102673239].
[510.411017757959,498.223678467339,-2.68218102673239].
[510.411017757959,498.223678467339,-2.68218102673239].
[510.411017757959,498.223678467339,-2.68218102673239].
[510.411017757959,498.223678467339,-2.68218102673239].
[510.411017757959,498.223678467339,-2.68218102673239].
[510.388381664276,498.192237750119,-2.65696916926811].
[510.264299282491,498.019891799792,-2.51876743856733].
[509.995599357615,497.64667730117,-2.21949211742298].
[509.726904216974,497.273469447678,-1.92022212491281].
[509.602827564503,497.101131455162,-1.78202677546599].
[509.580193116376,497.06969302356,-1.7568167508058].
[509.580193116376,497.06969302356,-1.7568167508058].
[509.510685970133,497.058240098979,-1.76136079438468].
[509.199176552505,497.006911652062,-1.78172578482728].
[508.68558434964,496.922285349838,-1.81984688888923].
[508.374074932012,496.870956902921,-1.86058075792089].
[508.304567785769,496.85950397834,-1.89416249374823].
[508.327201867705,496.85950397834,-1.89416249374823].
[508.428640785337,496.828065247877,-1.83991403817133].
[508.550618768147,496.687166633171,-1.70655835711835].
[508.449187225166,496.454864090095,-1.51572970144604].
[508.137344463496,496.31396547539,-1.4027428989821].
[507.934474002884,496.282526744926,-1.37753213565367].
[507.889207484518,496.282526744926,-1.37753213565367].
[507.889207484518,496.282526744926,-1.37753213565367].
[507.889207484518,496.282526744926,-1.37753213565367].
[507.911839920948,496.293982253738,-1.37753213565367].
[508.013271463928,496.345322282375,-1.37753213565367].
[508.227378149851,496.44995090128,-1.39819885540322].
[508.538885925739,496.590849515985,-1.49082066742455].
[508.930508318582,496.761415095201,-1.64352821903491].
[509.242017736209,496.902302128186,-1.73615003105624].
[509.456127128904,497.006911652062,-1.7568167508058].
[509.557560313625,497.058240098979,-1.7568167508058].
[509.580193116376,497.06969302356,-1.7568167508058].
[509.580193116376,497.06969302356,-1.7568167508058].
[509.533320052069,497.089681115218,-1.78657339067922].
[509.323249552073,497.179261527138,-1.91993339836991].
[508.976901850383,497.326954657708,-2.13980687971029].
[508.766831350386,497.416535069628,-2.27316688740098].
[508.766831350386,497.416535069628,-2.27316688740098].
[508.976901850383,497.326954657708,-2.13980687971029].
[509.323249552073,497.179261527138,-1.91993339836991].
[509.533320052069,497.089681115218,-1.78657339067922].
[509.580193116376,497.06969302356,-1.7568167508058].
[509.580193116376,497.06969302356,-1.7568167508058].
[509.602827564503,497.101131455162,-1.78202677546599].
[509.726904216974,497.273469447678,-1.92022212491281].
[509.995599357615,497.64667730117,-2.21949211742298].
[510.264299282491,498.019891799792,-2.51876743856733].
[510.388381664276,498.19223775012,-2.65696916926811].
[510.411017757959,498.223678467339,-2.68218102673239].
[510.411017757959,498.223678467339,-2.68218102673239].
[510.411017757959,498.223678467339,-2.68218102673239].
[510.411017757959,498.223678467339,-2.68218102673239].
[510.411017757959,498.223678467339,-2.68218102673239].
[510.411017757959,498.223678467339,-2.68218102673239].
[510.411017757959,498.223678467339,-2.68218102673239].
[510.411017757959,498.255121470426,-2.70739471720062].
[510.411017757959,498.396039233698,-2.82039463819496].
[510.410886558815,498.648376053032,-3.03646986748592].
[510.410298565042,498.90988284843,-3.29193413725217].
[510.409329127202,499.227804430612,-3.57765633718517].
[510.40874113343,499.5460908244,-3.77791040557463].
[510.408609934285,499.704770995236,-3.84821763525283].
[510.408609934285,499.735714120261,-3.85726274594254].
[510.408609934285,499.735714120261,-3.85726274594254].
[510.408609934285,499.735714120261,-3.85726274594254].
[510.33912910167,499.724265584077,-3.86153440729613].
[510.027737613543,499.672956804587,-3.88067866529671].
[509.514339843553,499.588362928468,-3.91224221067405].
[509.202948355425,499.537054148978,-3.93138646867464].
[509.133467522811,499.525605612794,-3.93565813002823].
[509.133467522811,499.525605612794,-3.93565813002823].
[509.133467522811,499.525605612794,-3.93565813002823].
[509.110835881386,499.494158769982,-3.91040255032922].
[509.009407901371,499.353223798255,-3.79721489482712].
[508.842181433276,499.120861312585,-3.61059999962013].
[508.740753453261,498.979926340858,-3.49741234411803].
[508.718121811837,498.917034975429,-3.44690304811421].
[508.740857606525,498.756613715088,-3.32048190850711].
[508.842752369087,498.4368902844,-3.07453499367565].
[509.010748431494,498.151903597029,-2.86351102575].
[509.112643194056,498.033080985345,-2.77891152109651].
[509.135378988744,498.013584298338,-2.76566968583813].
[509.135378988744,498.013584298338,-2.76566968583813].
[509.136123025891,498.013339034547,-2.75751730236997].
[509.139457569041,498.012239838495,-2.72098085448349].
[509.144955301261,498.010427570584,-2.66074243569724].
[509.148289844411,498.009328374532,-2.62420598781076].
[509.102924078095,498.028825061539,-2.63744782306913].
[508.896274275875,498.117302346657,-2.73333005930428].
[508.55556635137,498.263176728605,-2.89141314166747].
[508.34891654915,498.351654013724,-2.98729537790262].
[508.327030679094,498.351409667413,-2.97917349080172].
[508.43559481669,498.230399870783,-2.82164396062308].
[508.614586819579,497.941827225808,-2.49039625861079].
[508.723150957174,497.619961942406,-2.17155889853308].
[508.747374890582,497.459082870865,-2.02889125247427].
[508.747374890582,497.427645443542,-2.0036437311814].
[508.745880995868,497.428129178704,-2.01995109358279].
[508.739185824255,497.430297129291,-2.09303562142316].
[508.728147352407,497.433871475537,-2.21353163703264].
[508.721452180794,497.436039426124,-2.28661616487301].
[508.71995828608,497.436523161286,-2.3029235272744].
[508.720706633341,497.436280840405,-2.29475456471656].
[508.724806040534,497.434953419281,-2.25000541466151].
[508.733676932299,497.432080952954,-2.15317071442266].
[508.742539683995,497.429211122447,-2.05642487121166].
[508.746629343129,497.427886857823,-2.01178213102495].
[508.747374890582,497.427645443542,-2.0036437311814].
[508.747374890582,497.427645443542,-2.0036437311814].
[508.700522655157,497.447626965294,-2.03315550518487].
[508.490545503733,497.53717793294,-2.16541810018254].
[508.144351707818,497.684822518109,-2.38348225387318].
[507.934374556393,497.774373485754,-2.51574484887084].
[507.887522320968,497.794355007507,-2.54525662287432].
[507.887522320968,497.794355007507,-2.54525662287432].
[507.887522320968,497.794355007507,-2.54525662287432].
[507.887522320968,497.794355007507,-2.54525662287432].
[507.910150622985,497.825797210186,-2.57050847599115].
[508.011563636814,497.966711386279,-2.68367943011063].
[508.17876542984,498.199039585749,-2.87026678939284].
[508.280178443669,498.339953761843,-2.98343774351232].
[508.280178443669,498.339953761842,-2.98343774351232].
[508.17876542984,498.199039585749,-2.87026678939284].
[508.011563636814,497.966711386279,-2.68367943011063].
[507.910150622985,497.825797210186,-2.57050847599115].
[507.887522320968,497.794355007507,-2.54525662287432].
[507.887522320968,497.794355007507,-2.54525662287432].
[507.887522320968,497.794355007507,-2.54525662287432].
[507.887522320968,497.794355007507,-2.54525662287432].
[507.911749101603,497.742938377463,-2.49049919000096].
[508.020325999585,497.512505028561,-2.24509340157267].
[508.199339040794,497.132584664748,-1.84048765823802].
[508.307915938776,496.902151315846,-1.59508186980973].
[508.332142719411,496.850734685803,-1.54032443693637].
[508.354022626747,496.882169794094,-1.56557009580625].
[508.452827115771,497.02305217535,-1.67871328923688].
[508.617840290393,497.255327953994,-1.86525487888089].
[508.767519177775,497.376469520117,-1.95690630508669].
[508.99939580307,497.319432432986,-1.88583254568281].
[509.340858514241,497.173566442526,-1.72702867199339].
[509.546782036064,497.08533070574,-1.63875174347243].
[509.589613012217,497.066649624697,-1.65330391467104].
[509.584205078341,497.068396830833,-1.71273032262956].
[509.580925000639,497.069456564923,-1.748774261053].
[509.580193116376,497.06969302356,-1.7568167508058].
[509.533320052069,497.089681115218,-1.78657339067922].
[509.323249552073,497.179261527138,-1.91993339836991].
[508.976901850383,497.326954657708,-2.13980687971029].
[508.766831350386,497.416535069628,-2.27316688740098].
[508.71995828608,497.436523161286,-2.3029235272744].
[508.71995828608,497.436523161286,-2.3029235272744].
[508.71995828608,497.436523161286,-2.3029235272744].
[508.742594013703,497.467966463549,-2.32813795673494].
[508.844040306789,497.608885567635,-2.44114118966304].
[509.011296968035,497.84122189199,-2.62745202344949].
[509.112743261121,497.982140996076,-2.7404552563776].
[509.136123025891,498.013584298338,-2.76566968583813].
[509.162090644163,498.044781696713,-2.7827501589365].
[509.269022781782,498.184598736031,-2.85929952853766].
[509.462961821378,498.446312867051,-2.99838557969323].
[509.692497972943,498.737384216201,-3.13691620805032].
[510.036060001821,499.070387656872,-3.28926099889902].
[510.540550390012,499.395849614978,-3.47254920073297].
[511.112850428607,499.67740199185,-3.65959524241598].
[511.512618373472,499.894487091049,-3.78315198903059].
[511.681963359048,500.158161703137,-3.97209697318282].
[511.799765951108,500.66375325042,-4.42152042472087].
[511.958682916167,501.324675731919,-5.01699636859414].
[512.058381910377,501.817461415233,-5.42348807072475].
[512.082635975355,502.040807918987,-5.60086008392366].
[512.083344847666,502.212804069701,-5.72701722726568].
[512.059873616033,502.463423247563,-5.88893051037627].
[511.954682853754,502.69273916664,-6.0932797158474].
[511.781252606505,502.870761755275,-6.29609278715206].
[511.676061844227,502.959525497466,-6.39979435378676].
[511.629957400865,502.96782931655,-6.42116391627252].
[511.528522383236,502.896533697256,-6.3998645101538].
[511.314461919116,502.722293079001,-6.30040684954505].
[510.980550897608,502.51169297404,-6.12509604038788].
[510.48788123177,502.327812583807,-5.97878007024221].
[510.009379625661,502.082259233607,-5.84409291819765].
[509.693903959292,501.798542054923,-5.68270655828439].
[509.569846692451,501.646124967675,-5.58724711483057].
[509.547215789647,501.614669888044,-5.56594723392505].
[509.570677222926,501.563479090239,-5.5194802548766].
[509.675824072025,501.334057851216,-5.31122970274359].
[509.849181918682,500.955806174489,-4.96788258780683].
[509.954328767781,500.726384935467,-4.75963203567381].
[509.97779020106,500.675455218404,-4.7213164773725].
[509.977052461963,500.676625301111,-4.75784861064262].
[509.973746144716,500.678554441359,-4.81807991582911].
[509.945659967571,500.648273040094,-4.82935274199305].
[509.84091070081,500.507578348873,-4.72429980215811].
[509.672921813086,500.275181569411,-4.53765736493045].
[509.571478863572,500.134225797448,-4.42445300434837].
[509.59569140321,500.082773686397,-4.36966459258914].
[509.805647426987,499.993137094618,-4.23732432700868].
[510.151806389299,499.845351339119,-4.01913211617606].
[510.361762413075,499.75571474734,-3.88679185059559].
[510.408609934285,499.735714120261,-3.85726274594254].
[510.408609934285,499.735714120261,-3.85726274594254].
[510.408609934285,499.735714120261,-3.85726274594254].
[510.408609934285,499.735714120261,-3.85726274594254].
[510.408609934285,499.735714120261,-3.85726274594254].
[510.408609934285,499.735714120261,-3.85726274594254].
[510.408609934285,499.735714120261,-3.85726274594254].
[510.408609934285,499.735714120261,-3.85726274594254].
[510.408609934285,499.735714120261,-3.85726274594254].
[510.408609934285,499.735714120261,-3.85726274594254].
[510.408609934285,499.735714120261,-3.85726274594254].
[510.408609934285,499.735714120261,-3.85726274594254].
[510.408609934285,499.735714120261,-3.85726274594254].
[510.408609934285,499.735714120261,-3.85726274594254].
[510.407767516426,499.75571474734,-3.88679185059559].
[510.403992061514,499.90799266004,-4.06151765615932].
[510.397767388695,500.336517338864,-4.46966867827532].
[510.393991933784,500.889014165042,-4.91519807657559].
[510.393149515925,501.189753715446,-5.13468599251203].
[510.393149515925,501.252395036367,-5.17707153249529].
[510.393149515925,501.252395036367,-5.17707153249529].
[510.393149515925,501.252395036367,-5.17707153249529].
[510.393149515925,501.252395036367,-5.17707153249529].
[510.300219427596,501.29214278752,-5.22756213064536].
[509.883735666426,501.470279849432,-5.45384529252936].
[509.197070030485,501.763978212506,-5.82692315472878].
[508.780586269316,501.942115274418,-6.05320631661278].
[508.687656180987,501.98186302557,-6.10369691476285].
[508.687656180987,501.98186302557,-6.10369691476285].
[508.642397300185,501.918950560119,-6.05309361917973].
[508.439561068758,501.636996451315,-5.82630538244179].
[508.105140659537,501.17213271477,-5.45239479258736].
[507.902304428111,500.890178605967,-5.22560655584941].
[507.857045547309,500.827266140515,-5.17500326026629].
[507.903128330595,500.807530976695,-5.15397333561668].
[508.109657036781,500.7190841087,-5.05972375216448].
[508.497008410165,500.553260256233,-4.87492165260551].
[508.913473336783,500.375181310429,-4.64886197881347].
[509.305682432186,500.207667833388,-4.41051395452766].
[509.515618652618,500.118035755579,-4.27870386418782].
[509.562461755104,500.098036135703,-4.24929305762112].
[509.561719735113,500.098294312777,-4.25746094628722].
[509.558394232225,500.099451382148,-4.29406688364983].
[509.55291140488,500.101359067031,-4.35441987121348].
[509.549585901992,500.102516136402,-4.39102580857609].
[509.548843882,500.102774313476,-4.3991936972422].
[509.548843882,500.102774313476,-4.3991936972422].
[509.548843882,500.102774313476,-4.3991936972422].
[509.549585901992,500.102516136402,-4.39102580857609].
[509.55291140488,500.101359067031,-4.35441987121348].
[509.558394232225,500.099451382148,-4.29406688364983].
[509.561719735113,500.098294312777,-4.25746094628722].
[509.562461755104,500.098036135703,-4.24929305762112].
[509.562461755104,500.098036135703,-4.24929305762112].
[509.562461755104,500.098036135703,-4.24929305762112].
[509.562461755104,500.098036135703,-4.24929305762112].
[509.562461755104,500.098036135703,-4.24929305762112].
[509.562461755104,500.098036135703,-4.24929305762112].
[509.562461755104,500.098036135703,-4.24929305762112].
[509.562461755104,500.098036135703,-4.24929305762112].
[509.538250482107,500.118035755579,-4.27870386418782].
[509.429743084536,500.239121144917,-4.43579402778731].
[509.250844630133,500.527863420645,-4.76640955544862].
[509.142337232562,500.849905781842,-5.08501552528908].
[509.140759471356,501.042055810929,-5.24477563412814].
[509.242195833779,501.213277079791,-5.34647690583042].
[509.41018315073,501.443715484008,-5.47247416123518].
[509.514967463076,501.58348344134,-5.54889535967781].
[509.543120811121,501.614669888044,-5.56594723392505].
[509.546468761044,501.614669888044,-5.56594723392505].
[509.500379517279,501.634677759083,-5.59524850665089].
[509.290473907312,501.724346816042,-5.72656770037329].
[508.944398063321,501.872186097573,-5.94307644831461].
[508.734492453355,501.961855154531,-6.07439564203701].
[508.687656180987,501.98186302557,-6.10369691476285].
[508.687656180987,501.98186302557,-6.10369691476285].
[508.687656180987,501.98186302557,-6.10369691476285].
[508.687656180987,501.98186302557,-6.10369691476285].
[508.687656180987,501.98186302557,-6.10369691476285].
[508.687656180987,501.98186302557,-6.10369691476285].
[508.687656180987,501.98186302557,-6.10369691476285].
[508.687656180987,501.98186302557,-6.10369691476285].
[508.687656180987,501.919220088853,-6.06148196081729].
[508.687656180987,501.638473924032,-5.87228766311464].
[508.688480083471,501.155597057871,-5.53094073390994].
[508.69217255823,500.785196081072,-5.20990291371979].
[508.744361502402,500.554995906024,-4.92907182194446].
[508.954664694706,500.376866085608,-4.70202414647974].
[509.296132081961,500.210990764716,-4.51564076812003].
[509.502742799506,500.122515756278,-4.4204366151428].
[509.594115515493,500.165679602385,-4.44971417546759].
[509.797008900514,500.447601548155,-4.67613125055859].
[510.131523540083,500.912412256823,-5.04942989831083].
[510.334416925104,501.194334202593,-5.27584697340183].
[510.379688558597,501.257239491503,-5.32636745162722].
[510.379688558597,501.257239491503,-5.32636745162722].
[510.379688558597,501.257239491503,-5.32636745162722].
[510.379688558597,501.257239491503,-5.32636745162722].
[510.379688558597,501.257239491503,-5.32636745162722].
[510.379688558597,501.257239491503,-5.32636745162722].
[510.379688558597,501.257239491503,-5.32636745162722].
[510.379688558597,501.257239491503,-5.32636745162722].
[510.379688558597,501.257239491503,-5.32636745162722].
[510.379688558597,501.257239491503,-5.32636745162722].
[510.424966874232,501.320154065301,-5.37689538673012].
[510.627890206537,501.602117623057,-5.60334588122753].
[510.96245422083,502.066996938291,-5.97669962826598].
[511.210662552393,502.41188435679,-6.25368551639493].
[511.458894154248,502.756804109543,-6.53069737280148].
[511.793507554198,503.221752046535,-6.90410623132639].
[512.041752524778,503.566690375234,-7.18113300644177].
[512.290020770803,503.911661045348,-7.45818575558502].
[512.624683567346,504.376677619291,-7.83164973779993].
[512.827666814114,504.658724428662,-8.05816709331165].
[512.872958498473,504.721657578407,-8.10870994712337].
[512.872958498473,504.721657578407,-8.10870994712337].
[512.872958498473,504.721657578407,-8.10870994712337].
[512.872958498473,504.721657578407,-8.10870994712337].
[512.919796576775,504.70161870944,-8.07914615432613].
[513.129710280373,504.611810729408,-7.946650427269].
[513.475799468507,504.463742402451,-7.72820190379303].
[513.685713172106,504.373934422419,-7.59570617673589].
[513.732551250407,504.353895553452,-7.56614238393865].
[513.732551250407,504.353895553452,-7.56614238393865].
[513.77937729396,504.333861833346,-7.53658618737143].
[513.989237061556,504.244076928908,-7.40412450425535].
[514.335237324257,504.096046647174,-7.18573210974913].
[514.545097091854,504.006261742736,-7.05327042663304].
[514.591923135407,503.98622802263,-7.02371423006582].
[514.591923135407,503.98622802263,-7.02371423006582].
[514.591923135407,503.98622802263,-7.02371423006582].
[514.591923135407,503.98622802263,-7.02371423006582].
[514.591923135407,503.98622802263,-7.02371423006582].
[514.591923135407,503.98622802263,-7.02371423006582].
[514.591923135407,503.98622802263,-7.02371423006582].
[514.591923135407,503.98622802263,-7.02371423006582].
[514.591923135407,503.98622802263,-7.02371423006582].
[514.591923135407,504.048877907557,-7.06649676314904].
[514.637885092065,504.329655212095,-7.25823477406946].
[514.843872290872,504.792578726417,-7.5743573110757].
[515.183487767038,505.073356030955,-7.76609532199613].
[515.389474965845,505.15604270984,-7.8383167308149].
[515.480729136079,505.288731924376,-7.99138755612518].
[515.683714754629,505.62900695666,-8.30363327964167].
[516.01838146158,506.035726199382,-8.59173640745721].
[516.22136708013,506.24798503103,-8.71589550240977].
[516.219853509208,506.310921829551,-8.76647791854226].
[516.010084536398,506.400762953911,-8.89845236085752].
[515.664233968994,506.548885926627,-9.11604143109149].
[515.477114760782,506.670198959528,-9.27330990188746].
[515.531818178727,506.862766780929,-9.44141326036016].
[515.699178559966,507.23637227376,-9.74168065482564].
[515.823339210967,507.609984569445,-10.0419535167573].
[515.946838166182,507.782804853867,-10.1884256778097].
[516.111219199263,507.815581395042,-10.2487223841966].
[516.207803319172,507.817728512829,-10.3064289432796].
[516.228130535506,507.818740224803,-10.3336200071119].
[516.276606156765,507.797956673262,-10.2846564489849].
[516.488374962104,507.707198318185,-10.1293723401871].
[516.832381955763,507.559800793675,-9.93349336107921].
[517.039885690394,507.470898975591,-9.82810607784633].
[517.086037079429,507.451127136024,-9.80633358355158].
[517.086037079429,507.451127136024,-9.80633358355158].
[517.063382735474,507.419655030882,-9.78105870945061].
[516.939200337789,507.247137058851,-9.64251157370793].
[516.670283886963,506.873550128598,-9.34248834408179].
[516.401372297157,506.499969951425,-9.04247053777314].
[516.277195720741,506.327460066477,-8.9039298966715].
[516.299850064696,506.35893217162,-8.92920477077247].
[516.502902022854,506.641018141061,-9.15574466478562].
[516.837678105328,507.106099279045,-9.52924580670726].
[517.040075497753,507.388470206956,-9.7634979909224].
[517.082448953605,507.45268918975,-9.84860996045909].
[517.077612330685,507.454794763864,-9.90559650541281].
[517.074678770594,507.45607185912,-9.94016059211834].
[517.074024204861,507.456356817589,-9.94787288232033].
[517.1435052626,507.467765095478,-9.94787288232033].
[517.454897759665,507.518893449803,-9.94342729679688].
[517.990957667137,507.614595998977,-9.92350356474522].
[518.450714949598,507.716843143589,-9.88621012998498].
[518.897412570545,507.812532058355,-9.84636639280281].
[519.344833652779,507.863650848641,-9.80907827110824].
[519.577271176214,507.875056992505,-9.78915826597773].
[519.623460238322,507.875334738505,-9.79216685702649].
[519.620688203726,507.876579509717,-9.82557043177737].
[519.616117891326,507.878631790492,-9.88064361598656].
[519.613345856731,507.879876561705,-9.91404719073743].
[519.704268355599,507.923025950408,-9.94214809115694].
[520.115124819177,508.115163322937,-10.0346840146828].
[520.794206893358,508.431944295922,-10.1872499601039].
[521.208884393011,508.624081668451,-10.2797858836297].
[521.303105733392,508.666953311154,-10.3004334390656].
[521.327248216289,508.647149399272,-10.2778037128631].
[521.432767001026,508.526925103655,-10.1511705535331].
[521.606738065881,508.239557179445,-9.87095799220921].
[521.688997589921,507.8870731345,-9.56527452366818].
[521.608301238807,507.58640258677,-9.34916164264953].
[521.436437256694,507.261458933653,-9.14086991087935].
[521.28686148433,506.819523602397,-8.8045300634881].
[521.015096355462,506.190540576811,-8.25927548422256].
[520.47696525384,505.568168338517,-7.72032654220837].
[519.938853033802,505.098622321099,-7.38507466730635].
[519.645047766569,504.823557057535,-7.21356029764274].
[519.396600103849,504.498734881231,-6.96749346422288].
[519.01639770667,503.970954146894,-6.5449468617673].
[518.610188481616,503.407071844508,-6.09349697821445].
[518.185350861706,502.816210860757,-5.61321634215281].
[517.782033726968,502.251325808968,-5.12855499886755].
[517.383315168884,501.699039200354,-4.65125195632015].
[517.009239721326,501.313656769374,-4.3922993880346].
[516.434873161706,501.081659654599,-4.34391964235677].
[515.610028698768,500.979241317286,-4.38604923321225].
[514.840301720679,500.956388697279,-4.49011748489208].
[514.121141923795,500.956388697279,-4.68735071161408].
[513.211410444569,500.953550673653,-4.95717978072114].
[512.220217681713,500.917961945237,-5.13337434904295].
[511.05114086011,500.794497242612,-5.21217051532194].
[509.825436314233,500.601626866556,-5.27545564601682].
[508.925754374837,500.446249402264,-5.34972814129099].
[508.285336934609,500.309400823771,-5.37999701078719].
[507.593546361877,500.087123107966,-5.31939969411915].
[507.005718858586,499.70360435376,-5.15703687178997].
[506.66053957764,499.332033266294,-4.98118046295121].
[506.532776690143,499.160736010031,-4.8950092349617].
[506.439695898761,499.118096518344,-4.87844273557255].
[506.104994954329,499.035358143378,-4.85825643501756].
[505.488991514333,498.778061100319,-4.73380066971396].
[505.009560062358,498.352050798337,-4.43232360452132].
[504.818266593808,497.945099300407,-4.06068810031627].
[504.705339150226,497.650278111511,-3.72838752895097].
[504.556501553541,497.298243184058,-3.33439600407847].
[504.443586559011,496.803692270688,-2.87559938379255].
[504.299337411611,496.23786233768,-2.40850746611137].
[504.030585920429,495.692074086045,-1.9714742614981].
[503.761839145391,495.287266694809,-1.64732974040778].
[503.590773383318,495.134853680014,-1.53929547658678].
[503.310673023387,495.192999666156,-1.6534711990501].
[502.753103672777,495.340719479691,-1.89693047288158].
[502.173729388642,495.418854889765,-2.06717431832098].
[501.817794274916,495.38748112107,-2.11885530509939].
[501.606063602992,495.302541970419,-2.11470392536781].
[501.479425016519,495.218843748438,-2.05823072749596].
[501.352291298023,495.065674268142,-1.91921759513265].
[501.161506829893,494.8025221028,-1.73403079051314].
[500.958598274788,494.521456504035,-1.53954412646708].
[500.768696122507,494.257838455448,-1.33723051540334].
[500.667245480163,494.116872353477,-1.22434915029483].
[500.667245480163,494.116872353477,-1.22434915029483].
[500.768696122507,494.257838455448,-1.33723051540334].
[500.935959954466,494.490252266215,-1.5233404231234].
[501.03741059681,494.631218368187,-1.63622178823191].
[501.060047294883,494.662672157095,-1.66140902530634].
[501.060047294883,494.662672157095,-1.66140902530634].
[501.013053878847,494.682664734692,-1.69143298788639].
[500.802443999821,494.772265251195,-1.82599105282965].
[500.45520701245,494.91999152862,-2.04783979664585].
[500.244597133423,495.009592045124,-2.1823978615891].
[500.197603717387,495.029584622721,-2.21242182416916].
[500.197603717387,495.029584622721,-2.21242182416916].
[500.150597584862,495.049582610339,-2.24245391127869].
[499.939930714485,495.139207372878,-2.37704838783693].
[499.592599764263,495.286973625256,-2.59895716425726].
[499.381932893886,495.376598387795,-2.7335516408155].
[499.334926761361,495.396596375413,-2.76358372792504].
[499.334926761361,495.396596375413,-2.76358372792504].
[499.334926761361,495.396596375413,-2.76358372792504].
[499.334926761361,495.396596375413,-2.76358372792504].
[499.334926761361,495.396596375413,-2.76358372792504].
[499.334926761361,495.396596375413,-2.76358372792504].
[499.334926761361,495.396596375413,-2.76358372792504].
[499.404572592776,495.408059402905,-2.75874516665249].
[499.716703554227,495.459433127927,-2.73706023948115].
[500.231320509614,495.544134081127,-2.70130783880017].
[500.543451471064,495.595507806149,-2.67962291162883].
[500.56609254844,495.606970833641,-2.67962291162883].
[500.355431856005,495.606970833641,-2.70130783880017].
[500.008111091487,495.606970833641,-2.73706023948115].
[499.797450399053,495.606970833641,-2.75874516665249].
[499.797450399053,495.606970833641,-2.75874516665249].
[500.008111091487,495.606970833641,-2.73706023948115].
[500.355431856005,495.606970833641,-2.70130783880017].
[500.56609254844,495.606970833641,-2.67962291162883].
[500.61309730248,495.606970833641,-2.67478435035628].
[500.61309730248,495.606970833641,-2.67478435035628].
[500.590457603589,495.575509818531,-2.64959082451929].
[500.488993512516,495.43451133097,-2.53668127513239].
[500.321707507351,495.202044125392,-2.35052489939304].
[500.220243416278,495.061045637831,-2.23761535000614].
[500.197603717387,495.029839987947,-2.22158628180384].
[500.197603717387,495.030984455492,-2.26265853142078].
[500.219350143405,495.064335782965,-2.35555231026229].
[500.316810863208,495.206493995436,-2.5094604366868].
[500.477496425005,495.439241721382,-2.70465980451223].
[500.574957144808,495.580255466308,-2.8174956813198].
[500.596703570826,495.611719885796,-2.84267276858236].
[500.596703570826,495.611719885796,-2.84267276858236].
[500.596703570826,495.611719885796,-2.84267276858236].
[500.596703570826,495.611719885796,-2.84267276858236].
[500.596703570826,495.611719885796,-2.84267276858236].
[500.596703570826,495.611719885796,-2.84267276858236].
[500.643713618658,495.591716327976,-2.8125157644812].
[500.854398036224,495.502066601522,-2.67736144880687].
[501.201757916869,495.354259190607,-2.45452965372768].
[501.365432286602,495.284613021974,-2.34953234215452].
[501.201757916869,495.354259190607,-2.45452965372768].
[500.854398036224,495.502066601522,-2.67736144880687].
[500.643713618658,495.591716327976,-2.8125157644812].
[500.596703570826,495.611719885796,-2.84267276858236].
[500.596703570826,495.611719885796,-2.84267276858236].
[500.596703570826,495.611719885796,-2.84267276858236].
[500.596703570826,495.611719885796,-2.84267276858236].
[500.596703570826,495.611719885796,-2.84267276858236].
[500.596703570826,495.611719885796,-2.84267276858236].
[500.596703570826,495.611719885796,-2.84267276858236].
[500.596703570826,495.611719885796,-2.84267276858236].
[500.596703570826,495.611719885796,-2.84267276858236].
[500.596703570826,495.611719885796,-2.84267276858236].
[500.596703570826,495.611719885796,-2.84267276858236].
[500.596703570826,495.611719885796,-2.84267276858236].
[500.596703570826,495.611719885796,-2.84267276858236].
[500.596703570826,495.611719885796,-2.84267276858236].
[500.596703570826,495.611719885796,-2.84267276858236].
[500.596703570826,495.611719885796,-2.84267276858236].
[500.596703570826,495.611719885796,-2.84267276858236].
[500.596703570826,495.611719885796,-2.84267276858236].
[500.596703570826,495.611719885796,-2.84267276858236].
[500.596703570826,495.611719885796,-2.84267276858236].
[500.643713618658,495.591716327976,-2.8125157644812].
[500.854398036224,495.502066601522,-2.67736144880687].
[501.201757916869,495.354259190607,-2.45452965372768].
[501.412442334434,495.264609464153,-2.31937533805336].
[501.435088407943,495.296076121974,-2.34455421637653].
[501.325896650511,495.526749624861,-2.5925524358352].
[501.145869877448,495.907065935659,-3.00143237535248].
[501.036678120016,496.137739438547,-3.24943059481115].
[501.012314145693,496.189209654188,-3.30476647723549].
[501.012314145693,496.189209654188,-3.30476647723549].
[501.012314145693,496.189209654188,-3.30476647723549].
[501.012314145693,496.189209654188,-3.30476647723549].
[501.012314145693,496.188947496898,-3.29563491148111].
[501.012314145693,496.18777258944,-3.25471007304464].
[500.989668072184,496.154630993991,-3.17118910884567].
[500.888175412051,496.013607217557,-3.05834520506132].
[500.720842304469,495.782773255304,-2.93063914649903].
[500.619349644336,495.642924386328,-2.85872008115116].
[500.596703570826,495.611719885796,-2.84267276858236].
[500.596703570826,495.611719885796,-2.84267276858236].
[500.596703570826,495.611719885796,-2.84267276858236].
[500.596703570826,495.611719885796,-2.84267276858236].
[500.596703570826,495.611719885796,-2.84267276858236].
[500.596703570826,495.611719885796,-2.84267276858236].
[500.596703570826,495.611719885796,-2.84267276858236].
[500.596703570826,495.611719885796,-2.84267276858236].
[500.596703570826,495.611719885796,-2.84267276858236].
[500.596703570826,495.611719885796,-2.84267276858236].
[500.596703570826,495.611719885796,-2.84267276858236].
[500.596703570826,495.611719885796,-2.84267276858236].
[500.596703570826,495.611719885796,-2.84267276858236].
[500.596703570826,495.611719885796,-2.84267276858236].
[500.596703570826,495.611719885796,-2.84267276858236].
[500.596703570826,495.611719885796,-2.84267276858236].
[500.596703570826,495.611719885796,-2.84267276858236].
[500.596703570826,495.611719885796,-2.84267276858236].
[500.596703570826,495.611719885796,-2.84267276858236].
[500.596703570826,495.611719885796,-2.84267276858236].
[500.596703570826,495.611719885796,-2.84267276858236].
[500.596703570826,495.611719885796,-2.84267276858236].
[500.596703570826,495.611719885796,-2.84267276858236].
[500.57405910821,495.580255466308,-2.8174956813198].
[500.4725736676,495.439241721382,-2.70465980451223].
[500.305252463001,495.206749360662,-2.51862489432148].
[500.203767022391,495.065735615736,-2.40578901751391].
[500.181122559775,495.034271196248,-2.38061193025135].
[500.181122559775,495.034271196248,-2.38061193025135].
