[471.32619468938,424.814908254797,53.2835654928976].
[472.101332465072,424.962457531457,53.3371216840668].
[472.675047982789,425.126915157978,53.3960147129948].
[472.791723810939,425.100358170107,53.5143197833882].
[472.647227067493,424.892971675467,53.6941376566657].
[472.545867889271,424.752848131636,53.8032027099728].
[472.545867889271,424.752848131636,53.8032027099728].
[472.647227067493,424.892971675467,53.6941376566657].
[472.814340100608,425.123996342707,53.5143197833882].
[472.915699278831,425.264119886538,53.4052547300811].
[472.9383155685,425.295385675314,53.3809190272701].
[472.915699278831,425.264119886538,53.4052547300811].
[472.814340100608,425.123996342707,53.5143197833882].
[472.647227067493,424.892971675467,53.6941376566657].
[472.545867889271,424.752848131636,53.8032027099728].
[472.545867889271,424.752848131636,53.8032027099728].
[472.647227067493,424.892971675467,53.6941376566657].
[472.814340100608,425.123996342707,53.5143197833882].
[472.915699278831,425.264119886538,53.4052547300811].
[472.9383155685,425.295385675314,53.3809190272701].
[472.9383155685,425.295385675314,53.3809190272701].
[472.9383155685,425.295385675314,53.3809190272701].
[472.9383155685,425.295385675314,53.3809190272701].
[472.9383155685,425.295385675314,53.3809190272701].
[472.9383155685,425.295385675314,53.3809190272701].
[472.9383155685,425.295385675314,53.3809190272701].
[472.9383155685,425.295385675314,53.3809190272701].
[472.9383155685,425.295385675314,53.3809190272701].
[472.9383155685,425.295385675314,53.3809190272701].
[472.9383155685,425.295385675314,53.3809190272701].
[472.9383155685,425.295385675314,53.3809190272701].
[472.9383155685,425.295385675314,53.3809190272701].
[472.9383155685,425.295385675314,53.3809190272701].
[472.960933029413,425.32665308327,53.3659696933492].
[473.062297456787,425.466783883768,53.2989714269072].
[473.230575303063,425.698054350631,53.1885099599241].
[473.337121274566,425.839233128695,53.121511693482].
[473.368281657499,425.872228359556,53.1065623595612].
[473.373463201628,425.873276337122,53.1065623595612].
[473.374619360399,425.873510172525,53.1065623595612].
[473.374619360399,425.873510172525,53.1065623595612].
[473.374619360399,425.873510172525,53.1065623595612].
[473.374619360399,425.873510172525,53.1065623595612].
[473.374619360399,425.873510172525,53.1065623595612].
[473.374619360399,425.873510172525,53.1065623595612].
[473.374619360399,425.873510172525,53.1065623595612].
[473.374619360399,425.873510172525,53.1065623595612].
[473.374619360399,425.873510172525,53.1065623595612].
[473.374619360399,425.873510172525,53.1065623595612].
[473.374619360399,425.873510172525,53.1065623595612].
[473.39723234106,425.904774475756,53.0822061489712].
[473.498576689337,426.044891361841,52.973049186175].
[473.665665272006,426.275905052313,52.7930797797681].
[473.767009620283,426.416021938398,52.683922816972].
[473.789622600944,426.447286241629,52.6595666063819].
[473.789622600944,426.447286241629,52.6595666063819].
[473.789622600944,426.447286241629,52.6595666063819].
[473.79076847985,426.447514431326,52.6688985561136].
[473.795903952817,426.448537106598,52.7107214532309].
[473.804370916333,426.450223213071,52.7796757533105].
[473.8095063893,426.451245888343,52.8214986504278].
[473.810652268206,426.45147407804,52.8308306001594].
[473.810652268206,426.45147407804,52.8308306001594].
[473.810652268206,426.45147407804,52.8308306001594].
[473.810652268206,426.45147407804,52.8308306001594].
[473.810652268206,426.45147407804,52.8308306001594].
[473.810652268206,426.45147407804,52.8308306001594].
[473.810652268206,426.45147407804,52.8308306001594].
[473.810652268206,426.45147407804,52.8308306001594].
[473.810652268206,426.45147407804,52.8308306001594].
[473.810652268206,426.45147407804,52.8308306001594].
[473.810652268206,426.45147407804,52.8308306001594].
[473.810652268206,426.45147407804,52.8308306001594].
[473.810652268206,426.45147407804,52.8308306001594].
[473.810652268206,426.45147407804,52.8308306001594].
[473.810652268206,426.45147407804,52.8308306001594].
[473.810652268206,426.45147407804,52.8308306001594].
[473.810652268206,426.45147407804,52.8308306001594].
[473.810652268206,426.45147407804,52.8308306001594].
[473.810652268206,426.45147407804,52.8308306001594].
[473.810652268206,426.45147407804,52.8308306001594].
[473.810652268206,426.45147407804,52.8308306001594].
[473.810652268206,426.45147407804,52.8308306001594].
[473.810652268206,426.45147407804,52.8308306001594].
[473.810652268206,426.45147407804,52.8308306001594].
[473.810652268206,426.45147407804,52.8308306001594].
[473.857083043985,426.432136455133,52.8551773072377].
[474.065171344319,426.345243796166,52.9642916782491].
[474.408250951265,426.201337674601,53.1441908626748].
[474.616339251599,426.11299185204,53.2533052336862].
[474.662770027378,426.092634888046,53.2776519407645].
[474.662770027378,426.092407442306,53.2776519407645].
[474.662770027378,426.111744321256,53.2624750457673].
[474.662770027378,426.198634389996,53.1944569213369].
[474.686498582024,426.354455460344,53.0823139927954].
[474.792842586036,426.496212235294,53.014295868365].
[474.968174207462,426.604627996695,52.9991189733678].
[475.074518211474,426.658264975824,52.9991189733678].
[475.09824676612,426.670182087564,52.9991189733678].
[475.09824676612,426.670182087564,52.9991189733678].
[475.09824676612,426.670182087564,52.9991189733678].
[475.09824676612,426.670182087564,52.9991189733678].
[475.120853429803,426.701438478612,52.9747478437592].
[475.222169467344,426.841519904753,52.8655240185602].
[475.389211373501,427.072475131662,52.6854443746874].
[475.490527411042,427.212556557803,52.5762205494884].
[475.53574193652,427.275070996435,52.5274769986437].
[475.637063343635,427.415159846647,52.4182473847727].
[475.804114102721,427.646127313779,52.2381581969931].
[475.92804456984,427.798119601159,52.1289285831221].
[476.099502458154,427.882725152998,52.1045561618861].
[476.479546498313,427.990036585085,52.0893620655527].
[476.954632403548,428.142031433338,52.0212668500819].
[477.314152578161,428.381541616826,51.8846260969379].
[477.630045177711,428.6962915134,51.7073088787222].
[477.898418010899,428.999929494514,51.512038143235].
[478.022348869152,429.151909967648,51.4028161404901].
[478.11506253822,429.195056232831,51.3876262732007].
[478.429252689576,429.248342478176,51.4287720137345].
[478.994742156389,429.336196644313,51.5057876857454].
[479.521711616446,429.389482889659,51.588065536739].
[479.942630687454,429.401372658116,51.6650617778376].
[480.107932514928,429.401372658116,51.6970160739033].
[479.942630687454,429.401372658116,51.6650617778376].
[479.591816915235,429.401372658116,51.5972463924137].
[479.379037606535,429.401372658116,51.5561142819539].
[479.331560125308,429.401372658116,51.5469364675598].
[479.308953643049,429.370121024204,51.5713029101886].
[479.207638418588,429.230060918067,51.6805057298013].
[479.040597852974,428.999140841903,51.8605507413172].
[478.939282628513,428.859080735766,51.9697535609299].
[478.916676146254,428.827829101853,51.9941200035587].
[478.916676146254,428.827829101853,51.9941200035587].
[478.916676146254,428.827829101853,51.9941200035587].
[478.916676146254,428.827829101853,51.9941200035587].
[478.916676146254,428.827829101853,51.9941200035587].
[478.916676146254,428.827829101853,51.9941200035587].
[478.916676146254,428.827829101853,51.9941200035587].
[478.964156712899,428.808474675569,52.0276544123973].
[479.176949849485,428.721734154829,52.1779452059694].
[479.527786420033,428.578723213253,52.425732834122].
[479.740579556619,428.491982692513,52.576023627694].
[479.788060123264,428.472628266229,52.6095580365326].
[479.788060123264,428.472628266229,52.6095580365326].
[479.810663520105,428.503873383633,52.5851971632513].
[479.91196491668,428.643904284806,52.4760193037225].
[480.101587278215,428.906022982731,52.271653280636].
[480.304195437779,429.186092203176,52.0532917779111].
[480.493825449625,429.448221476277,51.8489175096797].
[480.595132212614,429.588259795549,51.7397338664835].
[480.617736806864,429.619506568155,51.7153717026915].
[480.617736806864,429.619506568155,51.7153717026915].
[480.617736806864,429.619506568155,51.7153717026915].
[480.617736806864,429.619506568155,51.7153717026915].
[480.617736806864,429.619506568155,51.7153717026915].
[480.618745957577,429.619695380614,51.7239692233166].
[480.6232686573,429.620541579349,51.7625006375338].
[480.630725328535,429.621936725201,51.8260281997439].
[480.58779528951,429.642150906438,51.8311522305144].
[480.376136019618,429.729140994395,51.6900282458775].
[480.025505070961,429.872252103632,51.4431792154709].
[479.812836650356,429.95905337913,51.293457710209].
[479.765383911608,429.978421361633,51.2600503267623].
[479.765383911608,429.978421361633,51.2600503267623].
[479.765383911608,429.978421361633,51.2600503267623].
[479.765383911608,429.978421361633,51.2600503267623].
[479.765383911608,429.978421361633,51.2600503267623].
[479.765383911608,429.978421361633,51.2600503267623].
[479.812836650356,429.978421361633,51.2690761355111].
[480.048105610764,429.990297508756,51.3095270039315].
[480.500025151641,430.043522707514,51.3762192111146].
[480.879690228717,430.131276224843,51.4166700795351].
[481.028431559684,430.184501423601,51.4256958882839].
[481.074628530359,430.227802890636,51.4098401511391].
[481.180380396697,430.368641403415,51.3387796672753].
[481.354735748144,430.600844855169,51.2216207360228].
[481.460487614482,430.741683367949,51.150560252159].
[481.484084045354,430.77310868786,51.1347045150143].
[481.484084045354,430.77310868786,51.1347045150143].
[481.484084045354,430.77310868786,51.1347045150143].
[481.483089365262,430.77292917169,51.1261773710531].
[481.478631518366,430.772124636033,51.0879613631612].
[481.471281771366,430.770798180982,51.0249538180685].
[481.46682392447,430.769993645325,50.9867378101766].
[481.465829244378,430.769814129155,50.9782106662154].
[481.465829244378,430.769814129155,50.9782106662154].
[481.465829244378,430.769814129155,50.9782106662154].
[481.465829244378,430.769814129155,50.9782106662154].
[481.465829244378,430.769814129155,50.9782106662154].
[481.465829244378,430.769814129155,50.9782106662154].
[481.465829244378,430.769814129155,50.9782106662154].
[481.465829244378,430.769814129155,50.9782106662154].
[481.465829244378,430.769814129155,50.9782106662154].
[481.46682392447,430.769993645325,50.9867378101766].
[481.471281771366,430.770798180982,51.0249538180685].
[481.478631518365,430.772124636033,51.0879613631612].
[481.483089365262,430.77292917169,51.1261773710531].
[481.484084045354,430.77310868786,51.1347045150143].
[481.484084045354,430.77310868786,51.1347045150143].
[481.484084045354,430.77310868786,51.1347045150143].
[481.484084045354,430.77310868786,51.1347045150143].
[481.484084045354,430.77310868786,51.1347045150143].
[481.484084045354,430.77310868786,51.1347045150143].
[481.484084045354,430.77310868786,51.1347045150143].
[481.484084045354,430.77310868786,51.1347045150143].
[481.484084045354,430.77310868786,51.1347045150143].
[481.484084045354,430.77310868786,51.1347045150143].
[481.484084045354,430.77310868786,51.1347045150143].
[481.484084045354,430.77310868786,51.1347045150143].
[481.484084045354,430.77310868786,51.1347045150143].
[481.484084045354,430.77310868786,51.1347045150143].
[481.484084045354,430.77310868786,51.1347045150143].
[481.484084045354,430.77310868786,51.1347045150143].
[481.484084045354,430.77310868786,51.1347045150143].
[481.484084045354,430.77310868786,51.1347045150143].
[481.483089365262,430.77292917169,51.1261773710531].
[481.478631518366,430.772124636033,51.0879613631612].
[481.471281771366,430.770798180982,51.0249538180685].
[481.46682392447,430.769993645325,50.9867378101766].
[481.465829244378,430.769814129155,50.9782106662154].
[481.465829244378,430.769814129155,50.9782106662154].
[481.465829244378,430.769814129155,50.9782106662154].
[481.465829244378,430.769814129155,50.9782106662154].
[481.465829244378,430.769814129155,50.9782106662154].
[481.465829244378,430.769814129155,50.9782106662154].
[481.465829244378,430.769814129155,50.9782106662154].
[481.465829244378,430.769814129155,50.9782106662154].
[481.465829244378,430.769814129155,50.9782106662154].
[481.465829244378,430.769814129155,50.9782106662154].
[481.465829244378,430.769814129155,50.9782106662154].
[481.465829244378,430.769814129155,50.9782106662154].
[481.465829244378,430.769814129155,50.9782106662154].
[481.465829244378,430.769814129155,50.9782106662154].
[481.465829244378,430.769814129155,50.9782106662154].
[481.465829244378,430.769814129155,50.9782106662154].
[481.465829244378,430.769814129155,50.9782106662154].
[481.465829244378,430.769814129155,50.9782106662154].
[481.488432206232,430.801061607147,50.9538264785966].
[481.589731653332,430.941103087738,50.8445441314561].
[481.756746206475,431.171992455571,50.6643680012135].
[481.858045653575,431.312033936163,50.555085654073].
[481.880648615429,431.343281414155,50.5307014664542].
[481.880648615429,431.343281414155,50.5307014664542].
[481.880648615429,431.343281414155,50.5307014664542].
[481.880648615429,431.343281414155,50.5307014664542].
[481.880648615429,431.343281414155,50.5307014664542].
[481.880648615429,431.343281414155,50.5307014664542].
[481.880648615429,431.343281414155,50.5307014664542].
[481.880648615429,431.343281414155,50.5307014664542].
[481.880648615429,431.343281414155,50.5307014664542].
[481.880648615429,431.343281414155,50.5307014664542].
[481.880648615429,431.343281414155,50.5307014664542].
[481.880648615429,431.343281414155,50.5307014664542].
[481.880648615429,431.343281414155,50.5307014664542].
[481.880648615429,431.343281414155,50.5307014664542].
[481.880648615429,431.343281414155,50.5307014664542].
[481.880648615429,431.343281414155,50.5307014664542].
[481.880648615429,431.343281414155,50.5307014664542].
[481.903252788455,431.374530566531,50.5063159722173].
[482.00455766365,431.514579551196,50.3970277692214].
[482.171581166208,431.745481291152,50.2168419843053].
[482.272886041402,431.885530275817,50.1075537813093].
[482.295490214428,431.916779428194,50.0831682870725].
[482.295490214428,431.916779428194,50.0831682870725].
[482.295490214428,431.916779428194,50.0831682870725].
[482.295490214428,431.916779428194,50.0831682870725].
[482.295490214428,431.916779428194,50.0831682870725].
[482.295490214428,431.916779428194,50.0831682870725].
[482.295490214428,431.916779428194,50.0831682870725].
[482.295490214428,431.916779428194,50.0831682870725].
[482.295490214428,431.916779428194,50.0831682870725].
[482.295490214428,431.916779428194,50.0831682870725].
[482.295490214428,431.916779428194,50.0831682870725].
[482.295490214428,431.916779428194,50.0831682870725].
[482.295490214428,431.916779428194,50.0831682870725].
[482.295490214428,431.916779428194,50.0831682870725].
[482.295490214428,431.916779428194,50.0831682870725].
[482.295490214428,431.916779428194,50.0831682870725].
[482.295490214428,431.916779428194,50.0831682870725].
[482.295490214428,431.916779428194,50.0831682870725].
[482.295490214428,431.916779428194,50.0831682870725].
[482.295490214428,431.916779428194,50.0831682870725].
[482.295490214428,431.916779428194,50.0831682870725].
[482.295490214428,431.916779428194,50.0831682870725].
[482.295490214428,431.916779428194,50.0831682870725].
[482.295490214428,431.916779428194,50.0831682870725].
[482.295490214428,431.916779428194,50.0831682870725].
[482.295490214428,431.916779428194,50.0831682870725].
[482.295490214428,431.916779428194,50.0831682870725].
[482.295490214428,431.916779428194,50.0831682870725].
[482.295490214428,431.916779428194,50.0831682870725].
[482.295490214428,431.916779428194,50.0831682870725].
[482.295490214428,431.916779428194,50.0831682870725].
[482.295490214428,431.916779428194,50.0831682870725].
[482.318095598723,431.94803025509,50.0587814861127].
[482.419405902449,432.08808674443,49.9494874267905].
[482.586438355142,432.319000857505,49.7692919864249].
[482.687748658867,432.459057346846,49.6599979271028].
[482.710354043162,432.490308173742,49.635611126143].
[482.710354043162,432.490308173742,49.635611126143].
[482.710354043162,432.490308173742,49.635611126143].
[482.710354043162,432.490308173742,49.635611126143].
[482.710354043162,432.490308173742,49.635611126143].
[482.710354043162,432.490308173742,49.635611126143].
[482.710354043162,432.490308173742,49.635611126143].
[482.780377159323,432.490308173742,49.6446508909747].
[483.094198993695,432.490308173742,49.6851643062192].
[483.659002214245,432.482769277199,49.7853747949864].
[484.185249329809,432.448982286961,49.9756445644712].
[484.605502525507,432.393276957481,50.2315908159612].
[484.817927806699,432.359489967243,50.3813471702014].
[484.865326293711,432.3519510707,50.4147623295063].
[484.865326293711,432.3519510707,50.4147623295063].
[484.865326293711,432.3519510707,50.4147623295063].
[484.842725756161,432.320711493751,50.4309087637159].
[484.741437174043,432.180705423178,50.5032720614377].
[484.573499671899,431.949707648194,50.6225789696099].
[484.467994437381,431.808954083858,50.6949422673318].
[484.43844181533,431.776482098044,50.7110887015413].
[484.411620753661,431.744492586567,50.7354461816574].
[484.309373957367,431.604308788838,50.8446088340748].
[484.142348709185,431.373459767301,51.0245876210815].
[484.041042775217,431.233442757975,51.1337502734989].
[484.018438365946,431.20220074026,51.158107753615].
[484.018438365946,431.20220074026,51.158107753615].
[484.018438365946,431.20220074026,51.158107753615].
[484.018438365946,431.20220074026,51.158107753615].
[484.018438365946,431.20220074026,51.158107753615].
[484.018438365946,431.20220074026,51.158107753615].
[484.018438365946,431.20220074026,51.158107753615].
[484.018438365946,431.20220074026,51.158107753615].
[484.018438365946,431.20220074026,51.158107753615].
[484.018438365946,431.20220074026,51.158107753615].
[484.018438365946,431.20220074026,51.158107753615].
[484.018438365946,431.20220074026,51.158107753615].
[484.018438365946,431.20220074026,51.158107753615].
[484.018438365946,431.20220074026,51.158107753615].
[484.018438365946,431.20220074026,51.158107753615].
[484.018438365946,431.20220074026,51.158107753615].
[484.018438365946,431.20220074026,51.158107753615].
[484.018438365946,431.20220074026,51.158107753615].
[484.018438365946,431.20220074026,51.158107753615].
[484.018438365946,431.20220074026,51.158107753615].
[484.018438365946,431.20220074026,51.158107753615].
[484.018438365946,431.20220074026,51.158107753615].
[484.018438365946,431.20220074026,51.158107753615].
[484.018438365946,431.20220074026,51.158107753615].
[484.018438365946,431.20220074026,51.158107753615].
[484.018438365946,431.20220074026,51.158107753615].
[484.018438365946,431.20220074026,51.158107753615].
[484.018438365946,431.20220074026,51.158107753615].
[484.018438365946,431.20220074026,51.158107753615].
[484.018438365946,431.20220074026,51.158107753615].
[484.018438365946,431.20220074026,51.158107753615].
[484.018438365946,431.20220074026,51.158107753615].
[484.018438365946,431.20220074026,51.158107753615].
[484.018438365946,431.20220074026,51.158107753615].
[484.018438365946,431.20220074026,51.158107753615].
[484.018438365946,431.20220074026,51.158107753615].
[484.018438365946,431.20220074026,51.158107753615].
[484.018438365946,431.20220074026,51.158107753615].
[484.018438365946,431.20220074026,51.158107753615].
[484.018438365946,431.20220074026,51.158107753615].
[484.018438365946,431.20220074026,51.158107753615].
[484.018438365946,431.20220074026,51.158107753615].
[484.018438365946,431.20220074026,51.158107753615].
[484.018438365946,431.20220074026,51.158107753615].
[484.018438365946,431.20220074026,51.158107753615].
[484.018438365946,431.20220074026,51.158107753615].
[484.018438365946,431.20220074026,51.158107753615].
[483.996786194089,431.17113541232,51.1824639437934].
[483.898796851812,431.031735236384,51.2916208151109].
[483.734545472307,430.801407331976,51.4715900706952].
[483.630479880102,430.660888846062,51.5807469420127].
[483.581963426086,430.597800355814,51.6294580325342].
[483.479717181415,430.457623140862,51.738609123211].
[483.312709623372,430.226798569231,51.9185688481301].
[483.236230229691,430.03620767331,52.0855860217585].
[483.324844961996,429.778246068005,52.3692787136087].
[483.508210379216,429.404443205948,52.7968544467628].
[483.642024860463,429.208950853532,53.0318441911964].
[483.768116687598,429.29832772552,52.980589897695].
[483.935092610147,429.529091967951,52.8006808119701].
[484.036368626606,429.66905755615,52.6915604355171].
[484.058966360378,429.70028810026,52.6672123884437].
[484.058966360378,429.70028810026,52.6672123884437].
[484.058966360378,429.70028810026,52.6672123884437].
[484.058966360378,429.70028810026,52.6672123884437].
[484.058966360378,429.70028810026,52.6672123884437].
[484.058966360378,429.70028810026,52.6672123884437].
[484.058966360378,429.70028810026,52.6672123884437].
[484.058966360378,429.70028810026,52.6672123884437].
[484.106361699764,429.70028810026,52.676373779964].
[484.318772874275,429.70028810026,52.7174322882096].
[484.691575541929,429.712163050341,52.7851263240974].
[485.027851315282,429.796610226756,52.80183976893].
[485.343481546728,430.024306138337,52.7018941558357].
[485.611719916627,430.308266557361,52.5220071165453].
[485.735588680323,430.460092746708,52.4129001119307].
[485.758185722644,430.491320089138,52.3885550485177].
[485.758185722644,430.491320089138,52.3885550485177].
[485.758185722644,430.491320089138,52.3885550485177].
[485.780783961276,430.522549084777,52.3642086962514].
[485.882062240362,430.66250773321,52.2550959153968].
[486.071641328389,430.924491182879,52.0508517114745].
[486.274203248482,431.204415889499,51.8326203730667].
[486.463789980416,431.466409902448,51.6283679339342].
[486.542474186385,431.575145311656,51.543597017603].
[486.463789980416,431.466409902448,51.6283679339342].
[486.296801487114,431.235644885138,51.8082740208004].
[486.195517846107,431.09567882695,51.9173925783536].
[486.195517846107,431.09567882695,51.9173925783536].
[486.296801487114,431.235644885138,51.8082740208003].
[486.463789980416,431.466409902448,51.6283679339342].
[486.565073621423,431.606375960635,51.519249376381].
[486.587673056461,431.637606609614,51.494901735159].
[486.587673056461,431.637606609614,51.494901735159].
[486.587673056461,431.637606609614,51.494901735159].
[486.587673056461,431.637606609614,51.494901735159].
[486.587673056461,431.637606609614,51.494901735159].
[486.587673056461,431.637606609614,51.494901735159].
[486.587673056461,431.637606609614,51.494901735159].
[486.587673056461,431.637606609614,51.494901735159].
[486.587673056461,431.637606609614,51.494901735159].
[486.587673056461,431.637606609614,51.494901735159].
[486.587673056461,431.637606609614,51.494901735159].
[486.587673056461,431.637606609614,51.494901735159].
[486.587673056461,431.637606609614,51.494901735159].
[486.587673056461,431.637606609614,51.494901735159].
[486.587673056461,431.637606609614,51.494901735159].
[486.587673056461,431.637606609614,51.494901735159].
[486.587673056461,431.637606609614,51.494901735159].
[486.587673056461,431.637606609614,51.494901735159].
[486.587673056461,431.637606609614,51.494901735159].
[486.587673056461,431.637606609614,51.494901735159].
[486.587673056461,431.637606609614,51.494901735159].
[486.587673056461,431.637606609614,51.494901735159].
[486.587673056461,431.637606609614,51.494901735159].
[486.587673056461,431.637606609614,51.494901735159].
[486.587673056461,431.637606609614,51.494901735159].
[486.587673056461,431.637606609614,51.494901735159].
[486.587673056461,431.637606609614,51.494901735159].
[486.587673056461,431.637606609614,51.494901735159].
[486.587673056461,431.637606609614,51.494901735159].
[486.587673056461,431.637606609614,51.494901735159].
[486.587673056461,431.637606609614,51.494901735159].
[486.587673056461,431.637606609614,51.494901735159].
[486.587673056461,431.637606609614,51.494901735159].
[486.587673056461,431.637606609614,51.494901735159].
[486.589458517749,431.637929541752,51.5107439080111].
[486.597460400088,431.639376823187,51.581743600933].
[486.610653273705,431.641762986872,51.6988023048664].
[486.618655156044,431.643210268307,51.7698019977883].
[486.643031389941,431.674757584023,51.7612585951093].
[486.765987073997,431.84576837641,51.6197143744956].
[487.030212908132,432.215745788221,51.294968180121].
[487.291880528954,432.585282530998,50.9473407811812].
[487.411772649572,432.755765604477,50.7783953968797].
[487.433483514935,432.786838418257,50.7461397435978].
[487.43259887535,432.786684547263,50.7382396498381].
[487.428634195791,432.785994945313,50.7028338859808].
[487.422097544269,432.784857983909,50.6444596500037].
[487.465491502749,432.764786027288,50.6425795529284].
[487.676853553654,432.677766469214,50.7849310735618].
[488.0267891869,432.534549163229,51.0326541061686].
[488.23903587739,432.447683476148,51.1829057205617].
[488.28639451543,432.428301121478,51.2164313873437].
[488.28639451543,432.428301121478,51.2164313873437].
[488.28639451543,432.428301121478,51.2164313873437].
[488.28639451543,432.428301121478,51.2164313873437].
[488.28639451543,432.459530221623,51.1920854410176].
[488.28639451543,432.59948933842,51.0829744794608].
[488.285117951334,432.880869039272,50.8530601814392].
[488.27939678798,433.247864750042,50.5197718392768].
[488.269964184264,433.653827609096,50.1258198771363].
[488.264243020909,433.881797194471,49.9016424965307].
[488.332896298145,433.944910630383,49.8606539414351].
[488.646300103734,433.998087808336,49.9011333626597].
[489.163015624327,434.085521390609,49.9678726454584].
[489.477265934572,434.138693823262,50.008352066683].
[489.572741755779,434.162847564453,50.0173842464235].
[489.676483264449,434.21627216042,50.0173842464235].
[489.887488388116,434.30326642522,50.0188622691015].
[490.194144147903,434.355650631252,50.0254863071828].
[490.559362286684,434.366721128848,50.0364074996653].
[490.767684903535,434.36570353379,50.0430315377466].
[490.814167962395,434.365086331188,50.0445095604246].
[490.814167962395,434.364948614673,50.0445095604246].
[490.814167962395,434.364948614673,50.0445095604246].
[490.814167962395,434.364948614673,50.0445095604246].
[490.814167962395,434.364948614673,50.0445095604246].
[490.814167962395,434.364948614673,50.0445095604246].
[490.814167962395,434.364948614673,50.0445095604246].
[490.814167962395,434.364948614673,50.0445095604246].
[490.814167962395,434.364948614673,50.0445095604246].
[490.814167962395,434.364948614673,50.0445095604246].
[490.814167962395,434.364948614673,50.0445095604246].
[490.814167962395,434.364948614673,50.0445095604246].
[490.814167962395,434.364948614673,50.0445095604246].
[490.814167962395,434.364948614673,50.0445095604246].
[490.814167962395,434.364948614673,50.0445095604246].
[490.814167962395,434.364948614673,50.0445095604246].
[490.814167962395,434.364948614673,50.0445095604246].
[490.814167962395,434.364948614673,50.0445095604246].
[490.814167962395,434.364948614673,50.0445095604246].
[490.814167962395,434.364948614673,50.0445095604246].
[490.814167962395,434.364948614673,50.0445095604246].
[490.814167962395,434.364948614673,50.0445095604246].
[490.814167962395,434.364948614673,50.0445095604246].
[490.814167962395,434.364948614673,50.0445095604246].
[490.814993194869,434.365086331188,50.0520607679591].
[490.818691630227,434.36570353379,50.0859029322343].
[490.824789319269,434.366721128848,50.1416992283214].
[490.828487754627,434.36733833145,50.1679901850621].
[490.829312987101,434.367476047965,50.1416992283214].
[490.830134954466,434.367613219593,50.0859029322343].
[490.833818756626,434.368227980176,50.0520607679591].
[490.839892319605,434.369241549026,50.0595820984502].
[490.843576121765,434.36985630961,50.1271325273817].
[490.844398089131,434.369993481237,50.2385043564061].
[490.866990260288,434.381547791301,50.3001644344313].
[491.013910476929,434.43333061643,50.2888382511792].
[491.385520138177,434.518706061676,50.2453141178893].
[491.82422298894,434.570488886805,50.2189153966116].
[492.051490001265,434.582043196869,50.2130250457052].
[492.097159131353,434.582043196869,50.2130250457052].
[492.144447838567,434.562650636264,50.246539905707].
[492.356381120838,434.475739209356,50.3967430874711].
[492.705800031287,434.332446491145,50.6443862681723].
[492.940329976282,434.276752909033,50.7702537388751].
[493.088889899854,434.397269022252,50.6947035085944].
[493.255857908374,434.627939428741,50.5148855743549].
[493.357129124732,434.767848102565,50.4058204840724].
[493.379725787457,434.799065947362,50.381484773011].
[493.379725787457,434.799065947362,50.381484773011].
[493.379725787457,434.799065947362,50.381484773011].
[493.379725787457,434.799065947362,50.381484773011].
[493.379725787457,434.799065947362,50.381484773011].
[493.334533657602,434.736631909512,50.4301549075258].
[493.131996583168,434.456821964463,50.6482793174323].
[492.798069400443,433.995493356308,51.007905671704].
[492.595532326009,433.715683411259,51.2260300816105].
[492.550340196155,433.653249373409,51.2747002161253].
[492.550340196155,433.653249373409,51.2747002161253].
[492.550340196155,433.653249373409,51.2747002161253].
[492.550340196155,433.653249373409,51.2747002161253].
[492.550340196155,433.653249373409,51.2747002161253].
[492.550340196155,433.653249373409,51.2747002161253].
[492.550340196155,433.653249373409,51.2747002161253].
[492.550340196155,433.653249373409,51.2747002161253].
[492.550340196155,433.653249373409,51.2747002161253].
[492.550340196155,433.653249373409,51.2747002161253].
[492.550340196155,433.653249373409,51.2747002161253].
[492.550340196155,433.653249373409,51.2747002161253].
[492.550340196155,433.653249373409,51.2747002161253].
[492.550340196155,433.653249373409,51.2747002161253].
[492.550340196155,433.653249373409,51.2747002161253].
[492.595532326009,433.715683411259,51.2260300816106].
[492.798069400443,433.995493356308,51.007905671704].
[493.131996583168,434.456821964463,50.6482793174323].
[493.334533657602,434.736631909512,50.4301549075258].
[493.379725787457,434.799065947362,50.381484773011].
[493.379725787457,434.799065947362,50.381484773011].
[493.379725787457,434.799065947362,50.381484773011].
[493.379725787457,434.799065947362,50.381484773011].
[493.379725787457,434.799065947362,50.381484773011].
[493.379725787457,434.799065947362,50.381484773011].
[493.379725787457,434.799065947362,50.381484773011].
[493.379725787457,434.799065947362,50.381484773011].
[493.379725787457,434.799065947362,50.381484773011].
[493.379725787457,434.799065947362,50.381484773011].
[493.379725787457,434.799065947362,50.381484773011].
[493.40232364587,434.830285444033,50.3571477742396].
[493.503600220937,434.970201521044,50.2480769128406].
[493.670577064473,435.200884133325,50.0682494636385].
[493.771853639539,435.340800210336,49.9591786022395].
[493.794451497953,435.372019707006,49.934841603468].
[493.817050552151,435.403240855683,49.9105033168841].
[493.918332486352,435.543164336468,49.8014266839106].
[494.085318165605,435.77385915551,49.6215897189908].
[494.186600099805,435.913782636296,49.5125130860173].
[494.209199154003,435.945003784972,49.4881747994334].
[494.209199154003,435.945003784972,49.4881747994334].
[494.209199154003,435.945003784972,49.4881747994334].
[494.209199154003,435.945003784972,49.4881747994334].
[494.209966874187,435.945126222589,49.4953770060132].
[494.213407557347,435.94567494992,49.5276550565244].
[494.219080284857,435.946579648343,49.580872564979].
[494.222520968016,435.947128375674,49.6131506154902].
[494.223288688201,435.947250813291,49.62035282207].
[494.223288688201,435.947250813291,49.62035282207].
[494.223288688201,435.947250813291,49.62035282207].
[494.223288688201,435.947250813291,49.62035282207].
[494.223288688201,435.947250813291,49.62035282207].
[494.223288688201,435.947250813291,49.62035282207].
[494.223288688201,435.947250813291,49.62035282207].
[494.223288688201,435.947250813291,49.62035282207].
[494.223288688201,435.947250813291,49.62035282207].
[494.223288688201,435.947250813291,49.62035282207].
[494.223288688201,435.947250813291,49.62035282207].
[494.223288688201,435.947250813291,49.62035282207].
[494.223288688201,435.947250813291,49.62035282207].
[494.223288688201,435.947250813291,49.62035282207].
[494.223288688201,435.947250813291,49.62035282207].
[494.223288688201,435.947250813291,49.62035282207].
[494.223288688201,435.947250813291,49.62035282207].
[494.223288688201,435.947250813291,49.62035282207].
[494.223288688201,435.947250813291,49.62035282207].
[494.222520968016,435.947128375674,49.6131506154902].
[494.219080284857,435.946579648343,49.580872564979].
[494.213407557347,435.94567494992,49.5276550565244].
[494.209966874187,435.945126222589,49.4953770060133].
[494.209199154003,435.945003784972,49.4881747994334].
[494.209199154003,435.945003784972,49.4881747994334].
[494.209199154003,435.945003784972,49.4881747994334].
[494.209199154003,435.945003784972,49.4881747994334].
[494.209199154003,435.945003784972,49.4881747994334].
[494.209199154003,435.945003784972,49.4881747994334].
[494.209199154003,435.945003784972,49.4881747994334].
[494.209199154003,435.945003784972,49.4881747994334].
[494.209199154003,435.945003784972,49.4881747994334].
[494.209199154003,435.945003784972,49.4881747994334].
[494.209199154003,435.945003784972,49.4881747994334].
[494.209199154003,435.945126222589,49.4881747994334].
[494.209199154003,435.94567494992,49.4881747994334].
[494.162706641002,435.965991965864,49.4619827767357].
[493.954341653631,436.053540664459,49.3445982748814].
[493.610805866884,436.197101805249,49.1510639498238].
[493.402440879513,436.252877757184,49.0580419058867].
[493.355948366511,436.132353728545,49.141034844563].
[493.380614132794,435.882231832264,49.3544391198769].
[493.491158427956,435.65532442934,49.6132618847363].
[493.673415158744,435.480709378788,49.8843353721607].
[493.783959453906,435.393738322024,50.0339731756461].
[493.808625220189,435.374332456199,50.067361882702].
[493.808625220189,435.374332456199,50.067361882702].
[493.808625220189,435.374332456199,50.067361882702].
[493.807852912709,435.374206437538,50.0601410270104].
[493.804391670718,435.373641661081,50.0277793969788].
[493.798685047424,435.372710502124,49.9744240891912].
[493.795223805433,435.372145725668,49.9420624591596].
[493.794451497953,435.372019707006,49.934841603468].
[493.771853639539,435.360199275804,49.934841603468].
[493.670577064473,435.307223778478,49.934841603468].
[493.456314599413,435.21988194921,49.9256581845777].
[493.143118571179,435.166906451884,49.8845009565089].
[492.771124602652,435.155086020681,49.8166441591488].
[492.559205149484,435.155086020681,49.77548693108].
[492.51191952796,435.155086020681,49.7663035121898].
[492.51191952796,435.155086020681,49.7663035121898].
[492.51191952796,435.155086020681,49.7663035121898].
[492.51191952796,435.155086020681,49.7663035121898].
[492.51191952796,435.155086020681,49.7663035121898].
[492.51191952796,435.155086020681,49.7663035121898].
[492.559205149484,435.135686955213,49.7998239298515].
[492.771124602652,435.048746375528,49.9500520193193].
[493.120520712765,434.905405592515,50.1977362658815].
[493.332440165933,434.81846501283,50.3479643553493].
[493.379725787457,434.799065947362,50.381484773011].
[493.379725787457,434.799065947362,50.381484773011].
[493.379725787457,434.799065947362,50.381484773011].
[493.379725787457,434.799065947362,50.381484773011].
[493.379725787457,434.799065947362,50.381484773011].
[493.379725787457,434.799065947362,50.381484773011].
[493.379725787457,434.799065947362,50.381484773011].
[493.379725787457,434.799065947362,50.381484773011].
[493.379725787457,434.799065947362,50.381484773011].
[493.379725787457,434.799065947362,50.381484773011].
[493.40232364587,434.830285444033,50.3571477742396].
[493.526199275135,435.00142266972,50.2237386262567].
[493.794458052871,435.372028762786,49.9348345440811].
[494.062720307191,435.742639658839,49.6459267177623].
[494.164001045607,435.882561487619,49.5368513726011].
[494.085318165605,435.77385915551,49.6215897189908].
[493.918332486352,435.543164336468,49.8014266839106].
[493.817050552151,435.403240855683,49.9105033168842].
[493.817050552151,435.403240855683,49.9105033168841].
[493.918332486352,435.543164336468,49.8014266839106].
[494.085318165605,435.77385915551,49.6215897189908].
[494.186600099805,435.913782636296,49.5125130860173].
[494.209199154003,435.945003784972,49.4881747994334].
[494.209199154003,435.945003784972,49.4881747994334].
[494.209199154003,435.945003784972,49.4881747994334].
[494.209199154003,435.945003784972,49.4881747994334].
[494.209199154003,435.945003784972,49.4881747994334].
[494.209199154003,435.945003784972,49.4881747994334].
[494.209199154003,435.945003784972,49.4881747994334].
[494.209199154003,435.945003784972,49.4881747994334].
[494.209199154003,435.945003784972,49.4881747994334].
[494.209199154003,435.945003784972,49.4881747994334].
[494.209199154003,435.945003784972,49.4881747994334].
[494.209199154003,435.945003784972,49.4881747994334].
[494.209199154003,435.945003784972,49.4881747994334].
[494.209199154003,435.945003784972,49.4881747994334].
[494.209199154003,435.945003784972,49.4881747994334].
[494.209199154003,435.945003784972,49.4881747994334].
[494.209199154003,435.945003784972,49.4881747994334].
[494.209199154003,435.945003784972,49.4881747994334].
[494.209199154003,435.945003784972,49.4881747994334].
[494.164002241391,435.882563139625,49.5368500847887].
[493.961443732124,435.602723581828,49.7549975791613].
[493.627481209335,435.141346150505,50.1146619932832].
[493.424922700069,434.861506592709,50.3328094876557].
[493.379725787457,434.799065947362,50.381484773011].
[493.379725787457,434.799065947362,50.381484773011].
[493.379725787457,434.799065947362,50.381484773011].
[493.379725787457,434.799065947362,50.381484773011].
[493.379725787457,434.799065947362,50.381484773011].
[493.379725787457,434.799065947362,50.381484773011].
[493.379725787457,434.799065947362,50.381484773011].
[493.379725787457,434.799065947362,50.381484773011].
[493.379725787457,434.799065947362,50.381484773011].
[493.379725787457,434.799065947362,50.381484773011].
[493.379725787457,434.799065947362,50.381484773011].
[493.379725787457,434.799065947362,50.381484773011].
[493.379725787457,434.799065947362,50.381484773011].
[493.379725787457,434.799065947362,50.381484773011].
[493.379725787457,434.799065947362,50.381484773011].
[493.379725787457,434.799065947362,50.381484773011].
[493.379725787457,434.799065947362,50.381484773011].
[493.379725787457,434.799065947362,50.381484773011].
[493.379725787457,434.799065947362,50.381484773011].
[493.379725787457,434.799065947362,50.381484773011].
[493.379725787457,434.799065947362,50.381484773011].
[493.379725787457,434.799065947362,50.381484773011].
[493.379725787457,434.799065947362,50.381484773011].
[493.379725787457,434.799065947362,50.381484773011].
[493.379725787457,434.799065947362,50.381484773011].
[493.379725787457,434.799065947362,50.381484773011].
[493.378945793926,434.79893581422,50.3742165336982].
[493.375450105444,434.798352597943,50.3416425450094].
[493.369686689489,434.797391036861,50.2879371169865].
[493.366191001008,434.796807820584,50.2553631282977].
[493.365411007477,434.796677687443,50.2480948889848].
[493.365411007477,434.796677687443,50.2480948889848].
[493.365411007477,434.796677687443,50.2480948889848].
[493.365411007477,434.796677687443,50.2480948889848].
[493.365411007477,434.796677687443,50.2480948889848].
[493.365411007477,434.796677687443,50.2480948889848].
[493.365411007477,434.796677687443,50.2480948889848].
[493.365411007477,434.796677687443,50.2480948889848].
[493.365411007477,434.796677687443,50.2480948889848].
[493.365411007477,434.796677687443,50.2480948889848].
[493.365411007477,434.796677687443,50.2480948889848].
[493.365411007477,434.796677687443,50.2480948889848].
[493.365411007477,434.796677687443,50.2480948889848].
[493.365411007477,434.796677687443,50.2480948889848].
[493.365411007477,434.796677687443,50.2480948889848].
[493.365411007477,434.796677687443,50.2480948889848].
[493.365411007477,434.796677687443,50.2480948889848].
[493.365411007477,434.796677687443,50.2480948889848].
[493.365411007477,434.796677687443,50.2480948889848].
[493.365411007477,434.796677687443,50.2480948889848].
[493.365411007477,434.796677687443,50.2480948889848].
[493.365411007477,434.796677687443,50.2480948889848].
[493.365411007477,434.796677687443,50.2480948889848].
[493.365411007477,434.796677687443,50.2480948889848].
[493.366191001008,434.796807820584,50.2480948889848].
[493.369686689489,434.797391036861,50.2480948889848].
[493.375450105444,434.798352597943,50.2553631282977].
[493.378945793926,434.79893581422,50.2879371169865].
[493.379725787457,434.799065947362,50.3416425450094].
[493.40232364587,434.830285444033,50.3498795349267].
[493.503600220937,434.970201521044,50.2480769128406].
[493.670577064473,435.200884133325,50.0682494636385].
[493.771853639539,435.340800210336,49.9591786022395].
[493.794451497953,435.372019707006,49.934841603468].
[493.794451497953,435.372019707006,49.934841603468].
[493.794451497953,435.372019707006,49.934841603468].
[493.794451497953,435.372019707006,49.934841603468].
[493.817050552151,435.403240855683,49.9105033168841].
[493.918332486352,435.543164336468,49.8014266839106].
[494.085318165605,435.77385915551,49.6215897189908].
[494.186600099805,435.913782636296,49.5125130860173].
[494.209199154003,435.945003784972,49.4881747994334].
[494.209199154003,435.945003784972,49.4881747994334].
[494.209199154003,435.945003784972,49.4881747994334].
[494.209199154003,435.945003784972,49.4881747994334].
[494.209199154003,435.945003784972,49.4881747994334].
[494.209199154003,435.945003784972,49.4881747994334].
[494.209199154003,435.945003784972,49.4881747994334].
[494.209199154003,435.945003784972,49.4881747994334].
[494.209199154003,435.945003784972,49.4881747994334].
[494.186600099805,435.913782636296,49.5125130860173].
[494.062720307191,435.742639658839,49.6459267177623].
[493.794458052871,435.372028762786,49.9348345440811].
[493.526199275135,435.00142266972,50.2237386262567].
[493.40232364587,434.830285444033,50.3571477742396].
[493.379725787457,434.799065947362,50.381484773011].
[493.379725787457,434.799065947362,50.381484773011].
[493.40232364587,434.830285444033,50.3571477742396].
[493.503600220937,434.970201521044,50.2480769128406].
[493.670577064473,435.200884133325,50.0682494636385].
[493.771853639539,435.340800210336,49.9591786022395].
[493.794451497953,435.372019707006,49.934841603468].
[493.794451497953,435.372019707006,49.934841603468].
[493.794451497953,435.372019707006,49.934841603468].
[493.794451497953,435.372019707006,49.934841603468].
[493.794451497953,435.372019707006,49.934841603468].
[493.794451497953,435.372019707006,49.934841603468].
[493.794451497953,435.372019707006,49.934841603468].
[493.794451497953,435.372019707006,49.934841603468].
[493.794451497953,435.372019707006,49.934841603468].
[493.794451497953,435.372019707006,49.934841603468].
[493.817050552151,435.403240855683,49.9105033168841].
[493.918332486352,435.543164336468,49.8014266839106].
[494.085318165605,435.77385915551,49.6215897189908].
[494.186600099805,435.913782636296,49.5125130860173].
[494.209199154003,435.945003784972,49.4881747994334].
[494.209199154003,435.945003784972,49.4881747994334].
[494.209199154003,435.945003784972,49.4881747994334].
[494.209199154003,435.945003784972,49.4881747994334].
[494.209199154003,435.945003784972,49.4881747994334].
[494.209199154003,435.945003784972,49.4881747994334].
[494.209199154003,435.945003784972,49.4881747994334].
[494.209199154003,435.945003784972,49.4881747994334].
[494.303703633733,435.906201973731,49.5551992741631].
[494.727243327635,435.732304320383,49.8555821300043].
[495.425542229956,435.445595560384,50.3508297337833].
[495.754577444129,435.310499718277,50.5841881148949].
[495.425542229956,435.445595560384,50.3508297337833].
[494.727243327635,435.732304320383,49.8555821300043].
[494.350964939817,435.886797345686,49.5887179414732].
[494.468270939017,435.838633647506,49.6719137116792].
[494.817487380986,435.695251762306,49.9195850247946].
[495.029297859915,435.608286252885,50.0698052697304].
[495.076559166,435.58888162484,50.1033239370405].
[495.076559166,435.58888162484,50.1033239370405].
[495.076559166,435.58888162484,50.1033239370405].
[495.076559166,435.58888162484,50.1033239370405].
[495.076559166,435.58888162484,50.1033239370405].
[495.076559166,435.58888162484,50.1033239370405].
[495.076559166,435.58888162484,50.1033239370405].
[495.076559166,435.58888162484,50.1033239370405].
[495.076559166,435.58888162484,50.1033239370405].
[495.076559166,435.58888162484,50.1033239370405].
[495.076559166,435.58888162484,50.1033239370405].
[495.076559166,435.58888162484,50.1033239370405].
[495.076559166,435.58888162484,50.1033239370405].
[495.029297859915,435.608286252885,50.0698052697304].
[494.817487380986,435.695251762306,49.9195850247946].
[494.468270939017,435.838633647506,49.6719137116792].
[494.256460460088,435.925599156927,49.5216934667435].
[494.209199154003,435.945003784972,49.4881747994334].
[494.256460460088,435.925599156927,49.5216934667435].
[494.468270939017,435.838633647506,49.6719137116792].
[494.817487380986,435.695251762306,49.9195850247946].
[495.029297859915,435.608286252885,50.0698052697304].
[495.053963197573,435.557666979656,50.1276566673551].
[494.95269509284,435.417772645503,50.2367083988578].
[494.785732214522,435.187125881134,50.4165043081931].
[494.684464109789,435.04723154698,50.5255560396958].
[494.731707283434,435.027834363784,50.5590618471154].
[495.044704603139,435.080796554011,50.6001727265181].
[495.56074994181,435.168116443581,50.6679531078466].
[495.873747261516,435.221078633808,50.7090639872493].
[495.943586403588,435.232896095795,50.7182370643542].
[495.943586403588,435.232896095795,50.7182370643542].
[495.943586403588,435.232896095795,50.7182370643542].
[495.943586403588,435.232896095795,50.7182370643542].
[495.943586403588,435.232896095795,50.7182370643542].
[495.943586403588,435.232896095795,50.7182370643542].
[495.943586403588,435.232896095795,50.7182370643542].
[495.943586403588,435.232896095795,50.7182370643542].
[495.896343229943,435.252293278991,50.6847312569346].
[495.684614014971,435.339225422918,50.5345686460292].
[495.335531554617,435.482552297717,50.2869923553655].
[495.123802339645,435.569484441644,50.1368297444601].
[495.076559166,435.58888162484,50.1033239370405].
[495.076559166,435.58888162484,50.1033239370405].
[495.029297859915,435.608286252885,50.0698052697304].
[494.817487380986,435.695251762306,49.9195850247946].
[494.468270939017,435.838633647506,49.6719137116792].
[494.256460460088,435.925599156927,49.5216934667435].
[494.209199154003,435.945003784972,49.4881747994334].
[494.209199154003,435.945003784972,49.4881747994334].
[494.209199154003,435.945003784972,49.4881747994334].
[494.209199154003,435.945003784972,49.4881747994334].
[494.209199154003,435.945003784972,49.4881747994334].
[494.209199154003,435.945003784972,49.4881747994334].
[494.209199154003,435.945003784972,49.4881747994334].
[494.209199154003,435.945003784972,49.4881747994334].
[494.209199154003,435.945003784972,49.4881747994334].
[494.164002241391,435.882563139625,49.5368500847887].
[493.961443732124,435.602723581828,49.7549975791613].
[493.627481209335,435.141346150505,50.1146619932832].
[493.424922700069,434.861506592709,50.3328094876557].
[493.379725787457,434.799065947362,50.381484773011].
[493.379725787457,434.799065947362,50.381484773011].
[493.379725787457,434.799065947362,50.381484773011].
[493.379725787457,434.799065947362,50.381484773011].
[493.379725787457,434.799065947362,50.381484773011].
[493.379725787457,434.799065947362,50.381484773011].
[493.379725787457,434.799065947362,50.381484773011].
[493.379725787457,434.799065947362,50.381484773011].
[493.379725787457,434.799065947362,50.381484773011].
[493.379725787457,434.799065947362,50.381484773011].
[493.379725787457,434.799065947362,50.381484773011].
[493.379725787457,434.799065947362,50.381484773011].
[493.379725787457,434.799065947362,50.381484773011].
[493.379725787457,434.799065947362,50.381484773011].
[493.379725787457,434.799065947362,50.381484773011].
[493.379725787457,434.799065947362,50.381484773011].
[493.379725787457,434.799065947362,50.381484773011].
[493.379725787457,434.799065947362,50.381484773011].
[493.379725787457,434.799065947362,50.381484773011].
[493.379725787457,434.799065947362,50.381484773011].
[493.379725787457,434.799065947362,50.381484773011].
[493.379725787457,434.799065947362,50.381484773011].
[493.379725787457,434.799065947362,50.381484773011].
[493.379725787457,434.799065947362,50.381484773011].
[493.379725787457,434.799065947362,50.381484773011].
[493.379725787457,434.799065947362,50.381484773011].
[493.379725787457,434.799065947362,50.381484773011].
[493.379725787457,434.799065947362,50.381484773011].
[493.379725787457,434.799065947362,50.381484773011].
[493.379725787457,434.799065947362,50.381484773011].
[493.40232364587,434.830285444033,50.3571477742396].
[493.526199275135,435.00142266972,50.2237386262567].
[493.794458052871,435.372028762786,49.9348345440811].
[494.062720307191,435.742639658839,49.6459267177623].
[494.186600099805,435.913782636296,49.5125130860173].
[494.209199154003,435.945003784972,49.4881747994334].
[494.209199154003,435.945003784972,49.4881747994334].
[494.209199154003,435.945003784972,49.4881747994334].
[494.209199154003,435.945003784972,49.4881747994334].
[494.209199154003,435.945003784972,49.4881747994334].
[494.209199154003,435.945003784972,49.4881747994334].
[494.209199154003,435.945003784972,49.4881747994334].
[494.209199154003,435.945003784972,49.4881747994334].
[494.209199154003,435.945003784972,49.4881747994334].
[494.209199154003,435.945003784972,49.4881747994334].
[494.209199154003,435.945003784972,49.4881747994334].
[494.209199154003,435.945003784972,49.4881747994334].
[494.209199154003,435.945003784972,49.4881747994334].
[494.209199154003,435.945003784972,49.4881747994334].
[494.209199154003,435.945003784972,49.4881747994334].
[494.209199154003,435.945003784972,49.4881747994334].
[494.209199154003,435.945003784972,49.4881747994334].
[494.209199154003,435.945003784972,49.4881747994334].
[494.209199154003,435.945003784972,49.4881747994334].
[494.209199154003,435.945003784972,49.4881747994334].
[494.209199154003,435.945003784972,49.4881747994334].
[494.209199154003,435.945003784972,49.4881747994334].
[494.209199154003,435.945003784972,49.4881747994334].
[494.161919705037,435.964415862152,49.4546432648279].
[493.950027915357,436.05141475628,49.3043653526745].
[493.600677414623,436.194851683558,49.0565989623909].
[493.388785624942,436.281850577687,48.9063210502376].
[493.341506175976,436.301262654867,48.8727895156321].
[493.366186570744,436.281850577687,48.9063210502376].
[493.476796426225,436.194851683558,49.0565989623909].
[493.659161247705,436.020193607604,49.3287036392584].
[493.769771103186,435.79327123269,49.5880581843852].
[493.771853639539,435.511944839797,49.8257636826821].
[493.670577064473,435.232105282001,50.0439111770546].
[493.503600220937,434.970201521044,50.2480769128406].
[493.40232364587,434.830285444033,50.3571477742396].
[493.379725787457,434.799065947362,50.381484773011].
[493.379725787457,434.799065947362,50.381484773011].
[493.379725787457,434.799065947362,50.381484773011].
[493.379725787457,434.799065947362,50.381484773011].
[493.379725787457,434.799065947362,50.381484773011].
[493.379725787457,434.799065947362,50.381484773011].
[493.379725787457,434.799065947362,50.381484773011].
[493.379725787457,434.849691015026,50.3400116942356].
[493.425690420253,435.088514842762,50.1541422503742].
[493.631689612679,435.516088780437,49.8476953447068].
[493.971324862978,435.831185257635,49.6618259008455].
[494.154729588501,435.904095230359,49.6356822045603].
[494.029573298183,435.764309331844,49.7043837305222].
[493.549532743115,435.480683174414,49.8176533977051].
[492.932075250396,435.25346309322,49.886354923667].
[492.596392011896,435.169287726665,49.9016843061573].
[492.526532464149,435.157471244511,49.9016843061573].
[492.595619704416,435.169161708004,49.903491003671].
[492.905247234023,435.22155473047,49.9115880601714].
[493.415736728079,435.307936221047,49.9249378494538].
[493.725364257686,435.360329243513,49.9330349059543].
[493.794451497953,435.372019707006,49.934841603468].
[493.794451497953,435.372019707006,49.934841603468].
[493.817050552151,435.403240855683,49.917705523464].
[493.918332486352,435.543164336468,49.8409069410016].
[494.085318165605,435.77385915551,49.7070852779565].
[494.186600099805,435.913782636296,49.598008644983].
[494.209199154003,435.945003784972,49.5276550565244].
[494.209199154003,435.945003784972,49.4953770060133].
[494.209199154003,435.945003784972,49.4881747994334].
[494.209199154003,435.945003784972,49.4881747994334].
[494.209199154003,435.945003784972,49.4881747994334].
[494.209199154003,435.945003784972,49.4881747994334].
[494.209199154003,435.945003784972,49.4881747994334].
[494.209199154003,435.945003784972,49.4881747994334].
[494.209199154003,435.945003784972,49.4881747994334].
[494.209199154003,435.945003784972,49.4881747994334].
[494.209199154003,435.945003784972,49.4881747994334].
[494.209199154003,435.945003784972,49.4881747994334].
[494.209199154003,435.945003784972,49.4881747994334].
[494.209199154003,435.945003784972,49.4881747994334].
[494.209199154003,435.945003784972,49.4881747994334].
[494.209199154003,435.945003784972,49.4881747994334].
[494.209199154003,435.945003784972,49.4881747994334].
[494.209199154003,435.945003784972,49.4881747994334].
[494.209199154003,435.945003784972,49.4881747994334].
[494.209199154003,435.945003784972,49.4881747994334].
[494.209199154003,435.945003784972,49.4881747994334].
[494.209199154003,435.945003784972,49.4881747994334].
[494.209199154003,435.945003784972,49.4881747994334].
[494.209199154003,435.945126222589,49.4881747994334].
[494.162706641002,435.964964589483,49.4619827767357].
[493.954341653631,436.052442132662,49.3445982748814].
[493.610805866884,436.196072893314,49.1510639498238].
[493.402440879513,436.283551972047,49.0336794479695].
[493.355948366511,436.303391416075,49.0074874252718].
[493.355948366511,436.303514094034,49.0074874252718].
[493.355948366511,436.303514094034,49.0074874252718].
[493.355948366511,436.303514094034,49.0074874252718].
[493.355948366511,436.303514094034,49.0074874252718].
[493.355948366511,436.303514094034,49.0074874252718].
[493.355948366511,436.303514094034,49.0074874252718].
[493.355948366511,436.303514094034,49.0074874252718].
[493.355948366511,436.303514094034,49.0074874252718].
[493.355948366511,436.303514094034,49.0074874252718].
[493.355948366511,436.303514094034,49.0074874252718].
[493.355948366511,436.303514094034,49.0074874252718].
[493.355948366511,436.303514094034,49.0074874252718].
[493.355948366511,436.303514094034,49.0074874252718].
[493.355948366511,436.303514094034,49.0074874252718].
[493.355948366511,436.303514094034,49.0074874252718].
[493.355948366511,436.284101776513,49.031849883189].
[493.355948366511,436.197101805249,49.141034844563].
[493.333350870983,436.041851400268,49.3300821841813].
[493.209479636321,435.870692706129,49.4950741190371].
[492.941235946458,435.624074205637,49.6548743681704].
[492.672995773323,435.340434149985,49.8086216263448].
[492.501844493504,435.208100381251,49.8529590489033].
[492.267334871651,435.263853226356,49.7186185044708].
[491.91794884718,435.407251077217,49.4718545123691].
[491.729442661508,435.525581105761,49.3052838377811].
[491.787061974349,435.685510517908,49.1961440669259].
[491.960018720627,435.917193156098,49.071263494314].
[492.087518130927,436.088942577759,48.9711331175691].
[492.212192814272,436.26024621375,48.8449397460956].
[492.379154750124,436.490982777994,48.6647466724923].
[492.480422283224,436.630931578525,48.5554540486841].
[492.480422283224,436.630931578525,48.5554540486841].
[492.379154750124,436.490982777994,48.6647466724923].
[492.212192814272,436.26024621375,48.8449397460956].
[492.110925281173,436.120297413219,48.9542323699039].
[492.088329440294,436.089070614944,48.9786188505573].
[492.088329440294,436.089070614944,48.9786188505573].
[492.065734822756,436.057845507289,48.9955195982225].
[491.964472772284,435.917904283591,49.071263494314].
[491.797519875756,435.687180211432,49.1961440669259].
[491.718044607417,435.578338061591,49.2475212850499].
[491.793091573244,435.686489333339,49.1552181583874].
[491.954075328642,435.916282134696,48.9751714079406].
[492.051716912007,436.0556585141,48.8659675336129].
[492.07350369414,436.086757587957,48.8416008556454].
[492.07350369414,436.086757587957,48.8416008556454].
[492.07350369414,436.06721803202,48.8584533995818].
[492.07350369414,435.979647817736,48.9339812615489].
[492.072692651231,435.835268942766,49.0585056541047].
[492.069057809092,435.747698728482,49.1340335160719].
[492.110365657017,435.728159172545,49.1600767904538].
[492.318717797921,435.728159172545,49.2012667866401].
[492.667414203068,435.728159172545,49.2691776094926].
[492.879401186111,435.728159172545,49.3103676056789].
[492.926701875587,435.728159172545,49.3195583361245].
[492.926701875587,435.728159172545,49.3195583361245].
[492.926701875587,435.728159172545,49.3195583361245].
[492.926701875587,435.728159172545,49.3195583361245].
[492.926701875587,435.728159172545,49.3195583361245].
[492.926701875587,435.728159172545,49.3195583361245].
[492.926701875587,435.728159172545,49.3195583361245].
[492.926701875587,435.728159172545,49.3195583361245].
[492.926701875587,435.728159172545,49.3195583361245].
[492.926701875587,435.728159172545,49.3195583361245].
[492.926701875587,435.728159172545,49.3195583361245].
[492.926701875587,435.728159172545,49.3195583361245].
[492.926701875587,435.728159172545,49.3195583361245].
[492.949304016261,435.759386827407,49.2952144907981].
[493.050599783085,435.899339466897,49.1861129452686].
[493.217608268479,436.130082360515,49.0062349064879].
[493.318904035303,436.270035000004,48.8971333609585].
[493.388785624942,436.281973015304,48.9063210502376].
[493.600677414623,436.195400410889,49.0565989623909].
[493.950027915357,436.052319454703,49.3043653526745].
[494.161919705037,435.964964589483,49.4546432648279].
[494.162706641002,435.964538299769,49.4619827767357].
[493.954341653631,436.05141475628,49.3445982748814].
[493.610805866884,436.194974361517,49.1510639498238].
[493.402440879513,436.282523060112,49.0336794479695].
[493.355948366511,436.302841611609,49.0074874252718].
[493.402440879513,436.283979098554,49.0336794479695].
[493.610805866884,436.197101805249,49.1510639498238].
[493.954341653631,436.053540664459,49.3445982748814].
[494.162706641002,435.965991965864,49.4619827767357].
[494.209199154003,435.94567494992,49.4881747994334].
[494.209199154003,435.945126222589,49.4881747994334].
[494.161919705037,435.964415862152,49.4546432648279].
[493.950027915357,436.05141475628,49.3043653526745].
[493.600677414623,436.194851683558,49.0565989623909].
[493.388785624942,436.281850577687,48.9063210502376].
[493.341506175976,436.301262654867,48.8727895156321].
[493.342293111941,436.301262654867,48.8801290275399].
[493.392312427252,436.281850577687,48.9392144605367].
[493.606492128609,436.194851683558,49.1108310276169].
[493.953554717667,436.051414756281,49.3372587629736].
[494.116214128,435.983827939331,49.435790754038].
[493.954341653631,436.051537434239,49.3445982748814].
[493.610805866884,436.195524165983,49.1510639498238].
[493.402440879513,436.28342953443,49.0336794479695].
[493.355161430547,436.303268738117,49.0001479133639].
[493.351634628237,436.302841611609,48.9672545030649].
[493.345819914251,436.301935137291,48.913022437839].
[493.342293111941,436.301385332825,48.8801290275399].
[493.341506175976,436.301262654867,48.8727895156321].
[493.388785624942,436.281850577687,48.9063210502376].
[493.600677414623,436.194851683558,49.0565989623909].
[493.950027915357,436.051414756281,49.3043653526745].
[494.161919705037,435.964415862152,49.4546432648279].
[494.209199154003,435.945003784972,49.4881747994334].
[494.209199154003,435.945003784972,49.4881747994334].
[494.209199154003,435.945003784972,49.4881747994334].
[494.209199154003,435.945003784972,49.4881747994334].
[494.209199154003,435.945003784972,49.4881747994334].
[494.209199154003,435.945003784972,49.4881747994334].
[494.209199154003,435.945003784972,49.4881747994334].
[494.209199154003,435.945003784972,49.4881747994334].
[494.209199154003,435.945003784972,49.4881747994334].
[494.209199154003,435.945003784972,49.4881747994334].
[494.209199154003,435.945003784972,49.4881747994334].
[494.209199154003,435.945003784972,49.4881747994334].
[494.209199154003,435.945003784972,49.4881747994334].
[494.209199154003,435.945003784972,49.4881747994334].
[494.209199154003,435.945003784972,49.4881747994334].
[494.209199154003,435.945003784972,49.4881747994334].
[494.209199154003,435.945003784972,49.4881747994334].
[494.209199154003,435.945003784972,49.4881747994334].
[494.209199154003,435.945003784972,49.4881747994334].
[494.209199154003,435.945003784972,49.4881747994334].
[494.209199154003,435.945003784972,49.4881747994334].
[494.209199154003,435.945003784972,49.4881747994334].
[494.209199154003,435.945003784972,49.4881747994334].
[494.209199154003,435.945003784972,49.4881747994334].
[494.209199154003,435.945003784972,49.4881747994334].
[494.209199154003,435.945003784972,49.4881747994334].
[494.209199154003,435.945003784972,49.4881747994334].
[494.209199154003,435.945003784972,49.4881747994334].
[494.209199154003,435.945003784972,49.4881747994334].
[494.209199154003,435.945003784972,49.4881747994334].
[494.209199154003,435.945003784972,49.4881747994334].
[494.209199154003,435.945003784972,49.4881747994334].
[494.209199154003,435.945003784972,49.4881747994334].
[494.209199154003,435.945003784972,49.4881747994334].
[494.209199154003,435.945003784972,49.4881747994334].
[494.209199154003,435.945003784972,49.4881747994334].
[494.209199154003,435.945003784972,49.4881747994334].
[494.209199154003,435.945003784972,49.4881747994334].
[494.209199154003,435.945003784972,49.4881747994334].
[494.209199154003,435.945003784972,49.4881747994334].
[494.209199154003,435.945003784972,49.4881747994334].
[494.209199154003,435.945003784972,49.4881747994334].
[494.209199154003,435.945003784972,49.4881747994334].
[494.209199154003,435.945003784972,49.4881747994334].
[494.209199154003,435.945003784972,49.4881747994334].
[494.209199154003,435.945003784972,49.4881747994334].
[494.209199154003,435.945003784972,49.4881747994334].
[494.209199154003,435.945003784972,49.4881747994334].
[494.209199154003,435.945003784972,49.4881747994334].
[494.209199154003,435.945003784972,49.4881747994334].
[494.209199154003,435.945003784972,49.4881747994334].
[494.209199154003,435.945003784972,49.4881747994334].
[494.209199154003,435.945003784972,49.4881747994334].
[494.209199154003,435.945003784972,49.4881747994334].
[494.209199154003,435.945003784972,49.4881747994334].
[494.209199154003,435.945003784972,49.4881747994334].
[494.209199154003,435.945003784972,49.4881747994334].
[494.209199154003,435.945003784972,49.4881747994334].
[494.209199154003,435.945003784972,49.4881747994334].
[494.209199154003,435.945003784972,49.4881747994334].
[494.209199154003,435.945003784972,49.4881747994334].
[494.209199154003,435.945003784972,49.4881747994334].
[494.209199154003,435.945003784972,49.4881747994334].
[494.209199154003,435.945003784972,49.4881747994334].
[494.186600099805,435.933188207289,49.4881747994334].
[494.085318165605,435.860828890935,49.503329667127].
[493.895734627938,435.68655318917,49.580432490922].
[493.693176118671,435.478390159905,49.7335698865505].
[493.503600220937,435.307230284003,49.8936830875868].
[493.40232364587,435.113542304057,50.0590660447482].
[493.379725787457,434.917226023717,50.2480769128406].
[493.379725787457,434.81846501283,50.3571477742396].
[493.379725787457,434.799065947362,50.381484773011].
[493.379725787457,434.799065947362,50.381484773011].
[493.379725787457,434.799065947362,50.381484773011].
[493.379725787457,434.799065947362,50.381484773011].
[493.379725787457,434.799065947362,50.381484773011].
[493.379725787457,434.799065947362,50.381484773011].
[493.379725787457,434.799065947362,50.381484773011].
[493.379725787457,434.799065947362,50.381484773011].
[493.379725787457,434.799065947362,50.381484773011].
[493.379725787457,434.799065947362,50.381484773011].
[493.379725787457,434.799065947362,50.381484773011].
[493.379725787457,434.799065947362,50.381484773011].
[493.379725787457,434.799065947362,50.381484773011].
[493.379725787457,434.799065947362,50.381484773011].
[493.40232364587,434.830285444033,50.3571477742396].
[493.503600220937,434.970201521044,50.2480769128406].
[493.670577064473,435.200884133325,50.0682494636385].
[493.771853639539,435.340800210336,49.9591786022395].
[493.747168962512,435.391425278,49.901315627605].
[493.535263340207,435.478395013425,49.7510626280076].
[493.185890033333,435.621783866126,49.5033373115849].
[492.973984411028,435.708753601551,49.3530843119874].
[492.973984411028,435.708753601551,49.3530843119874].
[493.185890033333,435.621783866126,49.5033373115849].
[493.535263340207,435.478395013425,49.7510626280076].
[493.747168962512,435.391425278,49.901315627605].
[493.794451497953,435.372019707006,49.934841603468].
[493.794451497953,435.372019707006,49.934841603468].
[493.794451497953,435.372019707006,49.934841603468].
[493.794451497953,435.372019707006,49.934841603468].
[493.794451497953,435.372019707006,49.934841603468].
[493.794451497953,435.372019707006,49.934841603468].
[493.794451497953,435.372019707006,49.934841603468].
[493.794451497953,435.372019707006,49.934841603468].
[493.794451497953,435.372019707006,49.934841603468].
[493.794451497953,435.372019707006,49.934841603468].
[493.794451497953,435.372019707006,49.934841603468].
[493.794451497953,435.372019707006,49.934841603468].
[493.817050552151,435.403240855683,49.9105033168841].
[493.918332486352,435.543164336468,49.8014266839106].
[494.085318165605,435.77385915551,49.6215897189908].
[494.186600099805,435.913782636296,49.5125130860173].
[494.209199154003,435.945003784972,49.4881747994334].
[494.209199154003,435.945003784972,49.4881747994334].
[494.209199154003,435.945003784972,49.4881747994334].
[494.209199154003,435.945003784972,49.4881747994334].
[494.209199154003,435.945003784972,49.4881747994334].
[494.209199154003,435.945003784972,49.4881747994334].
[494.209199154003,435.945003784972,49.4881747994334].
[494.209199154003,435.945003784972,49.4881747994334].
[494.161919705037,435.964415862152,49.4546432648279].
[493.950027915357,436.05141475628,49.3043653526745].
[493.600677414623,436.194851683558,49.0565989623909].
[493.388785624942,436.281850577687,48.9063210502376].
[493.388785624942,436.281850577687,48.9063210502376].
[493.600677414623,436.194851683558,49.0565989623909].
[493.950027915357,436.051414756281,49.3043653526745].
[494.161919705037,435.964415862152,49.4546432648279].
[494.161919705037,435.964415862152,49.4546432648279].
[493.950027915357,436.05141475628,49.3043653526745].
[493.600677414623,436.194851683558,49.0565989623909].
[493.388785624942,436.281850577687,48.9063210502376].
[493.341506175976,436.301262654867,48.8727895156321].
[493.341506175976,436.301262654867,48.8727895156321].
[493.341506175976,436.301262654867,48.8727895156321].
[493.341506175976,436.270035000004,48.8971333609585].
[493.318904035303,436.130082360514,49.0062349064879].
[493.217608268479,435.879933895904,49.2104555022413].
[493.027998838588,435.641191089787,49.4286528192994].
[492.825412665834,435.413599084896,49.6328651836885].
[492.635810878386,435.239287520203,49.7419609552171].
[492.534520472457,435.166906451884,49.7663035121898].
[492.466244043756,435.174492534185,49.747768771506].
[492.259912433358,435.261466493647,49.6497032800276].
[491.915116219505,435.405122281382,49.4455302183652].
[491.652727045459,435.51267571577,49.2333651656151].
[491.395145620953,435.621012323195,49.0657176761445].
[491.008874633396,435.785052951656,48.8824147955451].
[490.592280480552,435.959363987206,48.6513519881714].
[490.149802599903,436.14171518933,48.3538444670189].
[489.679303959215,436.33526808543,48.0301431235683].
[489.073315161037,436.585488682174,47.6294068389343].
[488.468524992211,436.83633247745,47.2402464743282].
[488.000258741273,437.082250297676,46.9003601732421].
[487.603811780918,437.505396095252,46.4307967765355].
[487.383129219475,438.107999718577,45.8116835006742].
[487.328067342896,438.585783433317,45.3561397715596].
[487.327763267748,438.776815320866,45.2053392381741].
[487.335922766446,438.809149243739,45.2540123388354].
[487.349375505508,438.810924300112,45.3745814857902].
[487.357535004206,438.812000926225,45.4477103700337].
[487.359355634457,438.812241153982,45.4640276296864].
[487.264734746378,438.851187612253,45.3983939510318].
[486.840673346447,439.025733528612,45.1042442107596].
[486.141514296299,439.313511093628,44.6192732772019].
[485.717452896368,439.488057009987,44.3251235369297].
[485.622832008289,439.527003468258,44.2594898582751].
[485.577634764191,439.464481617848,44.3084935088682].
[485.37507476931,439.184278124208,44.5281126341377].
[485.041109797157,438.72230066412,44.8902033574221].
[484.838549802275,438.442097170481,45.1098224826917].
[484.793352558178,438.379575320071,45.1588261332847].
[484.793352558178,438.379575320071,45.1588261332847].
[484.793352558178,438.379575320071,45.1588261332847].
[484.698652192212,438.379575320071,45.1421859534702].
[484.251632398299,438.379575320071,45.0676098414671].
[483.427989135243,438.355985536401,44.9446546193214].
[482.735272333605,438.250263460756,44.8700785073183].
[482.372276482037,438.075957225857,44.8534383275038].
[482.248383991653,437.970235150211,44.8534383275038].
[482.178401686556,437.966118426548,44.8206013695659].
[481.966053046261,438.053390626747,44.6734363340723].
[481.569600962256,438.216758268395,44.4069488042062].
[481.149533365839,438.391467557138,44.1528802217929].
[480.759681318437,438.5554776329,43.9437891121352].
[480.551962362316,438.643766367771,43.8368855652155].
[480.50561399837,438.663843875344,43.8130321596709].
[480.50561399837,438.66397717302,43.8130321596709].
[480.50561399837,438.66397717302,43.8130321596709].
[480.506660018329,438.664109943525,43.8219920228714].
[480.511347954546,438.664704979647,43.8621473438491].
[480.519077054703,438.665686028358,43.9283522756769].
[480.52376499092,438.66628106448,43.9685075966546].
[480.52376499092,438.66628106448,43.9685075966546].
[480.519077054703,438.665686028358,43.9283522756769].
[480.511347954546,438.664704979647,43.8621473438491].
[480.506660018329,438.664109943525,43.8219920228714].
[480.50561399837,438.66397717302,43.8130321596709].
[480.50561399837,438.66397717302,43.8130321596709].
[480.50561399837,438.66397717302,43.8130321596709].
[480.50561399837,438.66397717302,43.8130321596709].
[480.50561399837,438.66397717302,43.8130321596709].
[480.50561399837,438.66397717302,43.8130321596709].
[480.50561399837,438.66397717302,43.8130321596709].
[480.483014184167,438.632701926243,43.8375681964312].
[480.359130323078,438.461262537751,43.9720657167323].
[480.090859484517,438.090010075087,44.263320463223].
[479.822592406414,437.718762816416,44.5545711270806].
[479.698713048626,437.547329659915,44.6890637582643].
[479.769844613981,437.477128588805,44.770232084725].
[480.190931764638,437.302524460063,45.032805629422].
[480.981775499624,436.975346584841,45.5473879077095].
[481.829320533436,436.625492501996,46.12074223358].
[482.713714930695,436.290858508723,46.6778415064308].
[483.554689959441,436.050934926481,47.1417826909984].
[484.341801306115,435.815491088972,47.5749756229062].
[484.788597792421,435.549806520895,47.8790633421147].
[485.014272701367,435.381676689439,48.0258094819149].
[485.294158371669,435.243314628,48.2223929376379].
[485.581722733789,434.950149297724,48.6618233210052].
[485.77189895805,434.439685737424,49.2715022654746].
[486.033644181734,433.832778763037,49.8711426298436].
[486.508402850156,433.327695109378,50.4073500563236].
[487.003759204988,432.767629254443,51.0842378980323].
[487.313738878826,431.986522099584,51.9781249849491].
[487.358735846332,430.979918113142,53.0562951949194].
[487.200727835363,429.971881608216,54.0045351469823].
[486.872012072006,429.049906572855,54.7692377442616].
[486.300098471892,428.076899764812,55.573268468799].
[485.605912911324,427.074017399274,56.4507549346141].
[484.832208356988,425.991308604036,57.3991872000072].
[483.802446592829,424.556433507725,58.6096785356422].
[482.400734247238,422.773243105011,60.0832091927329].
[480.462348571633,420.832860107595,61.5904765241386].
[478.150238183876,418.865699797328,63.0307410874472].
[476.136424332533,416.818541908879,64.637331956451].
[474.609304513016,414.855063684861,66.3001543867136].
[473.353422606839,413.09729622885,67.8374110730235].
[472.213010254055,411.437981189494,69.2903282538665].
[471.445707565837,410.032954483463,70.5225357164992].
[471.163272003809,408.900141742946,71.5467733223665].
[471.250519842064,407.980481989376,72.4826277530605].
[471.863636362444,407.350631161972,73.2721133082299].
[473.180155773401,407.116019708863,73.7659834944642].
[474.986324881284,407.228813324701,73.9257145792416].
[477.303186889922,407.700048112953,73.8283498462408].
[480.001601793684,408.525237579077,73.5008601768186].
[482.566289907079,409.555763774175,72.9510023790847].
[484.366851959559,410.533932830407,72.2522928952755].
[485.177122919126,411.142296991301,71.6710104161666].
[485.329791663711,411.360136192411,71.3329667820368].
[485.066641710224,411.421565059976,71.0481908311899].
[484.400638748994,411.469689518208,70.6912231921995].
[483.595867631066,411.486001809322,70.4126471317258].
[482.844896628943,411.425198103883,70.2831410026479].
[481.915537748315,411.249285079724,70.1844900604269].
[480.909820828664,410.960417687655,70.0492754941903].
[479.971362022252,410.640395493292,69.9294358229405].
[478.915405803247,410.449729521413,69.8066156303182].
[477.845190700604,410.394891514083,69.6022821847812].
[477.062364233593,410.408711932504,69.3001874712372].
[476.566828214604,410.494348643563,68.9945410544225].
[476.120999228008,410.654655465683,68.6769794196888].
[475.647776424701,410.845086428792,68.3399053138548].
[475.036313505571,411.091146998531,67.9043635029453].
[474.469896762036,411.368440660226,67.4445145643563].
[474.176158234354,411.729965422686,66.9744037621343].
[474.007446818498,412.279833309741,66.3688479567639].
[473.796633834673,412.821643042744,65.777603156264].
[473.574186076794,413.184457802859,65.3362923946022].
[473.349038143331,413.460466689603,65.0176654582935].
[473.086989392647,413.815516907443,64.627731723798].
[472.671524137786,414.184248798835,64.1565005720524].
[472.169726784606,414.464750762803,63.7707476594784].
[471.703315819049,414.708956432888,63.4557527165711].
[471.107616551731,415.136774998957,62.9298626526109].
[470.292249349027,415.769097743156,62.1211358416019].
[469.387357028212,416.318999308475,61.3416944770372].
[468.700386959457,416.680780283333,60.7976683997367].
[468.151403116308,417.090158222458,60.3022391519664].
[467.718720187368,417.571025242334,59.7938518672962].
[467.352231957336,417.904055226855,59.4030690591206].
[466.952805624285,418.147550878464,59.0594078573733].
[466.63159023655,418.460452429051,58.6843358361688].
[466.356279098859,418.873480207838,58.2284219346295].
[466.032601725716,419.188383016613,57.8351015107647].
[465.635545746799,419.401883486387,57.5357319536828].
[465.314252408847,419.574937146848,57.2708269986399].
[465.082812875918,419.767906634217,56.9762806631663].
[464.970556036992,419.994394313258,56.7173660840481].
[464.945508150544,420.244646012704,56.5037199817855].
[464.945508150544,420.384739105227,56.3943797582071].
[464.945508150544,420.415998099398,56.3699826566094].
[464.945508150544,420.415998099398,56.3699826566094].
[464.9681074598,420.447258770043,56.3455842465519].
[465.069390537089,420.587359376007,56.2362381588636].
[465.236378100978,420.818346225098,56.055956938224].
[465.336356271351,420.958157231967,55.9365497306815].
[465.353107393544,420.988120009515,55.8670605097386].
[465.343465363138,420.985980145557,55.7927183307186].
[465.385281271811,420.965393186178,55.781151842782].
[465.597592021803,420.878655989555,55.9213363146783].
[465.9497846991,420.736127996709,56.1690494176261].
[466.163400356007,420.649680399181,56.3192950093765].
[466.211064451743,420.6303913329,56.3528193323254].
[466.211064451743,420.6303913329,56.3528193323254].
[466.211064451743,420.6303913329,56.3528193323254].
[466.211064451743,420.6303913329,56.3528193323254].
[466.211064451743,420.6303913329,56.3528193323254].
[466.211064451743,420.6303913329,56.3528193323254].
[466.211064451743,420.6303913329,56.3528193323254].
[466.211064451743,420.6303913329,56.3528193323254].
[466.258710221704,420.611109682832,56.3863307659248].
[466.472243748187,420.524695322464,56.5365185916185].
[466.824301015308,420.382222128432,56.78413645444].
[467.037834541791,420.295807768064,56.9343242801337].
[467.085480311752,420.276526117996,56.9678357137331].
[467.084218448919,420.276237642481,56.9580122172144].
[467.078563172051,420.274944784918,56.9139863602339].
[467.069239196786,420.272813223153,56.8413999933695].
[467.063583919918,420.27152036559,56.797374136389].
[467.062322057085,420.271231890074,56.7875506398703].
[467.062322057085,420.271231890074,56.7875506398703].
[467.062322057085,420.271231890074,56.7875506398703].
