[464.61406031748,416.91299944391,58.3927773471071].
[464.811710596665,417.186278746877,58.3927773471071].
[465.131497885724,417.628429639923,58.3927773471071].
[465.334121413538,417.908585158418,58.3927773471071].
[465.379332833749,417.971096304127,58.3927773471071].
[465.379332833749,417.971096304127,58.3927773471071].
[465.379332833749,417.971096304127,58.3927773471071].
[465.379332833749,417.971096304127,58.3927773471071].
[465.424548937005,418.033613924804,58.3441148604611].
[465.62719345277,418.313798462094,58.1260247259243].
[465.961297776304,418.775744668446,57.7664548821835].
[466.163942292069,419.055929205736,57.5483647476467].
[466.209158395325,419.118446826413,57.4997022610007].
[466.209158395325,419.118446826413,57.4997022610007].
[466.209158395325,419.118446826413,57.4997022610007].
[466.209158395325,419.118446826413,57.4997022610007].
[466.209158395325,419.118446826413,57.4997022610007].
[466.209158395325,419.118446826413,57.4997022610007].
[466.186549758271,419.087187206641,57.5240341343712].
[466.062617410489,418.91583330946,57.6574126385919].
[465.794241288791,418.544765584317,57.9462444595099].
[465.52586857119,418.173702565818,58.2350726168695].
[465.401940299951,418.002354305031,58.3684467338315].
[465.379332833749,417.971096304127,58.3927773471071].
[465.379332833749,417.971096304127,58.3927773471071].
[465.379332833749,417.971096304127,58.3927773471071].
[465.379332833749,417.971096304127,58.3927773471071].
[465.379332833749,417.971096304127,58.3927773471071].
[465.379332833749,417.971096304127,58.3927773471071].
[465.379332833749,417.971096304127,58.3927773471071].
[465.379332833749,417.971096304127,58.3927773471071].
[465.356726538308,417.939839921965,58.4171067003856].
[465.255412151111,417.799758535649,58.5261432970625].
[465.065767841141,417.537548610856,58.7302423466678].
[464.863144313327,417.25739309236,58.9483098935453].
[464.673507482836,416.995193508997,59.1524008935843].
[464.572198342219,416.855119376817,59.261431843785].
[464.549593217449,416.823864613271,59.2857599371644].
[464.549593217449,416.823864613271,59.2857599371644].
[464.549593217449,416.823864613271,59.2857599371644].
[464.549593217449,416.823864613271,59.2857599371644].
[464.549593217449,416.823864613271,59.2857599371644].
[464.549593217449,416.823864613271,59.2857599371644].
[464.549593217449,416.823864613271,59.2857599371644].
[464.549593217449,416.823864613271,59.2857599371644].
[464.549593217449,416.823864613271,59.2857599371644].
[464.549593217449,416.823864613271,59.2857599371644].
[464.549593217449,416.823864613271,59.2857599371644].
[464.549593217449,416.855119376817,59.261431843785].
[464.524488335426,417.014439632249,59.1186388680423].
[464.411976060051,417.33163797367,58.7875663204176].
[464.226474678424,417.613922790241,58.4290658694732].
[464.113962403049,417.731432694008,58.2534268752295].
[464.088857521026,417.75067881726,58.2196648496875].
[464.088857521026,417.75067881726,58.2196648496875].
[464.088857521026,417.75067881726,58.2196648496875].
[464.088857521026,417.75067881726,58.2196648496875].
[464.088857521026,417.75067881726,58.2196648496875].
[464.088857521026,417.75067881726,58.2196648496875].
[464.088857521026,417.75067881726,58.2196648496875].
[464.088857521026,417.75067881726,58.2196648496875].
[464.088857521026,417.75067881726,58.2196648496875].
[464.088857521026,417.75067881726,58.2196648496875].
[464.088857521026,417.75067881726,58.2196648496875].
[464.088857521026,417.75067881726,58.2196648496875].
[464.088857521026,417.75067881726,58.2196648496875].
[464.088857521026,417.75067881726,58.2196648496875].
[464.088857521026,417.75067881726,58.2196648496875].
[464.088857521026,417.75067881726,58.2196648496875].
[464.088857521026,417.75067881726,58.2196648496875].
[464.088857521026,417.75067881726,58.2196648496875].
[464.041128796981,417.769932491013,58.185889578867].
[463.827223496088,417.85622147024,58.0345193167831].
[463.474553276589,417.998487945717,57.784951945934].
[463.260647975696,418.084776924944,57.6335816838502].
[463.212919251651,418.104030598698,57.5998064130297].
[463.238039653346,418.084776924944,57.6335816838502].
[463.350621483065,417.96722655428,57.8092856847237].
[463.536237540418,417.684856242471,58.1679093067469].
[463.648819370137,417.36757508818,58.4990829298442].
[463.673939771833,417.208217578095,58.6419144518387].
[463.673939771833,417.176956186657,58.6662481906284].
[463.673939771833,417.176956186657,58.6662481906284].
[463.696548094182,417.208217578095,58.6419144518387].
[463.797871565356,417.348321414426,58.5328582006647].
[463.964925727502,417.579313589491,58.3530548396512].
[464.066249198676,417.719417425822,58.2439985884772].
[464.088857521026,417.75067881726,58.2196648496875].
[464.088857521026,417.75067881726,58.2196648496875].
[464.088857521026,417.75067881726,58.2196648496875].
[464.088857521026,417.75067881726,58.2196648496875].
[464.088857521026,417.75067881726,58.2196648496875].
[464.088857521026,417.75067881726,58.2196648496875].
[464.088857521026,417.75067881726,58.2196648496875].
[464.088857521026,417.75067881726,58.2196648496875].
[464.088857521026,417.75067881726,58.2196648496875].
[464.088857521026,417.75067881726,58.2196648496875].
[464.088857521026,417.75067881726,58.2196648496875].
[464.088857521026,417.75067881726,58.2196648496875].
[464.088857521026,417.75067881726,58.2196648496875].
[464.088857521026,417.75067881726,58.2196648496875].
[464.088857521026,417.75067881726,58.2196648496875].
[464.088857521026,417.75067881726,58.2196648496875].
[464.088857521026,417.75067881726,58.2196648496875].
[464.088857521026,417.75067881726,58.2196648496875].
[464.088857521026,417.75067881726,58.2196648496875].
[464.088857521026,417.75067881726,58.2196648496875].
[464.088857521026,417.75067881726,58.2196648496875].
[464.088857521026,417.75067881726,58.2196648496875].
[464.088857521026,417.75067881726,58.2196648496875].
[464.088857521026,417.75067881726,58.2196648496875].
[464.088857521026,417.719417425822,58.2439985884771].
[464.088857521026,417.579313589491,58.3530548396512].
[464.113962403049,417.329081919066,58.5666145807965].
[464.226474678424,417.102752646665,58.8269564318614].
[464.411976060051,416.929329544701,59.1007179571418].
[464.524488335426,416.84310410863,59.2520035570326].
[464.501880013076,416.84310410863,59.2520035570326].
[464.288044266527,416.929329544701,59.1007179571418].
[463.935488722755,417.071491255227,58.851290170651].
[463.721652976206,417.157716691298,58.7000045707602].
[463.673939771833,417.176956186657,58.6662481906284].
[463.673939771833,417.176956186657,58.6662481906284].
[463.673939771833,417.176956186657,58.6662481906284].
[463.673939771833,417.176956186657,58.6662481906284].
[463.673939771833,417.176956186657,58.6662481906284].
[463.673939771833,417.176956186657,58.6662481906284].
[463.673939771833,417.176956186657,58.6662481906284].
[463.673939771833,417.176956186657,58.6662481906284].
[463.673939771833,417.176956186657,58.6662481906284].
[463.673939771833,417.176956186657,58.6662481906284].
[463.673939771833,417.176956186657,58.6662481906284].
[463.673939771833,417.176956186657,58.6662481906284].
[463.673939771833,417.176956186657,58.6662481906284].
[463.673939771833,417.176956186657,58.6662481906284].
[463.673939771833,417.176956186657,58.6662481906284].
[463.673939771833,417.176956186657,58.6662481906284].
[463.673939771833,417.176956186657,58.6662481906284].
[463.673939771833,417.176956186657,58.6662481906284].
[463.673939771833,417.176956186657,58.6662481906284].
[463.673939771833,417.176956186657,58.6662481906284].
[463.673939771833,417.176956186657,58.6662481906284].
[463.673939771833,417.176956186657,58.6662481906284].
[463.673939771833,417.176956186657,58.6662481906284].
[463.673939771833,417.176956186657,58.6662481906284].
[463.626207849438,417.196203229723,58.6324785677759].
[463.412288214538,417.28246249227,58.4811336181287].
[463.059594362258,417.424679973225,58.2316079804321].
[462.845674727358,417.510939235771,58.0802630307849].
[462.797942804964,417.530186278837,58.0464934079324].
[462.797942804964,417.530186278837,58.0464934079324].
[462.797942804964,417.530186278837,58.0464934079324].
[462.797942804964,417.530186278837,58.0464934079324].
[462.820554325663,417.561454300963,58.0221540211747].
[462.921892130844,417.701587853974,57.9130724575641].
[463.088969925771,417.932629023561,57.733227363398].
[463.190307730952,418.072762576572,57.6241457997874].
[463.212919251651,418.104030598698,57.5998064130297].
[463.190307730952,418.072762576572,57.6241457997874].
[463.088969925771,417.932629023561,57.733227363398].
[462.921892130844,417.701587853974,57.9130724575641].
[462.820554325663,417.561454300963,58.0221540211747].
[462.797942804964,417.530186278837,58.0464934079324].
[462.797942804964,417.530186278837,58.0464934079324].
[462.797942804964,417.530186278837,58.0464934079324].
[462.820554325663,417.530186278837,58.0464934079324].
[462.921892130844,417.530186278837,58.0464934079324].
[463.114090327466,417.510939235771,58.0802630307849].
[463.328009962366,417.424679973225,58.2316079804322].
[463.536237540418,417.28246249227,58.4811336181287].
[463.648819370137,417.196203229723,58.6324785677759].
[463.673939771833,417.176956186657,58.6662481906284].
[463.673939771833,417.176956186657,58.6662481906284].
[463.673939771833,417.176956186657,58.6662481906284].
[463.673939771833,417.176956186657,58.6662481906284].
[463.673939771833,417.176956186657,58.6662481906284].
[463.673939771833,417.176956186657,58.6662481906284].
[463.673939771833,417.176956186657,58.6662481906284].
[463.673939771833,417.176956186657,58.6662481906284].
[463.673939771833,417.176956186657,58.6662481906284].
[463.673939771833,417.176956186657,58.6662481906284].
[463.673939771833,417.176956186657,58.6662481906284].
[463.673939771833,417.176956186657,58.6662481906284].
[463.673939771833,417.176956186657,58.6662481906284].
[463.673939771833,417.176956186657,58.6662481906284].
[463.696548094182,417.208217578095,58.6419144518387].
[463.797871565356,417.348321414426,58.5328582006647].
[463.964925727502,417.579313589491,58.3530548396512].
[464.066249198676,417.719417425822,58.2439985884772].
[464.066249198676,417.719417425822,58.2439985884771].
[463.964925727502,417.579313589491,58.3530548396512].
[463.797871565356,417.348321414426,58.5328582006647].
[463.696548094182,417.208217578095,58.6419144518387].
[463.721652976206,417.157716691298,58.7000045707602].
[463.935488722755,417.071491255227,58.8512901706511].
[464.288044266527,416.929329544701,59.1007179571418].
[464.501880013076,416.84310410863,59.2520035570326].
[464.549593217449,416.823864613271,59.2857599371644].
[464.549593217449,416.823864613271,59.2857599371644].
[464.549593217449,416.823864613271,59.2857599371644].
[464.549593217449,416.823864613271,59.2857599371644].
[464.549593217449,416.823864613271,59.2857599371644].
[464.549593217449,416.823864613271,59.2857599371644].
[464.549593217449,416.823864613271,59.2857599371644].
[464.549593217449,416.823864613271,59.2857599371644].
[464.549593217449,416.823864613271,59.2857599371644].
[464.549593217449,416.823864613271,59.2857599371644].
[464.549593217449,416.823864613271,59.2857599371644].
[464.549593217449,416.823864613271,59.2857599371644].
[464.549593217449,416.823864613271,59.2857599371644].
[464.549593217449,416.823864613271,59.2857599371644].
[464.549593217449,416.823864613271,59.2857599371644].
[464.549593217449,416.823864613271,59.2857599371644].
[464.549593217449,416.823864613271,59.2857599371644].
[464.549593217449,416.823864613271,59.2857599371644].
[464.549593217449,416.823864613271,59.2857599371644].
[464.549593217449,416.823864613271,59.2857599371644].
[464.549593217449,416.823864613271,59.2857599371644].
[464.549593217449,416.823864613271,59.2857599371644].
[464.549593217449,416.823864613271,59.2857599371644].
[464.549593217449,416.823864613271,59.2857599371644].
[464.549593217449,416.823864613271,59.2857599371644].
[464.549593217449,416.823864613271,59.2857599371644].
[464.549593217449,416.823864613271,59.2857599371644].
[464.549593217449,416.823864613271,59.2857599371644].
[464.549593217449,416.823864613271,59.2857599371644].
[464.549593217449,416.823864613271,59.2857599371644].
[464.549593217449,416.823864613271,59.2857599371644].
[464.549593217449,416.823864613271,59.2857599371644].
[464.549593217449,416.823864613271,59.2857599371644].
[464.549593217449,416.823864613271,59.2857599371644].
[464.549593217449,416.823864613271,59.2857599371644].
[464.549593217449,416.823864613271,59.2857599371644].
[464.549593217449,416.823864613271,59.2857599371644].
[464.549593217449,416.823864613271,59.2857599371644].
[464.549593217449,416.823864613271,59.2857599371644].
[464.549593217449,416.823864613271,59.2857599371644].
[464.549593217449,416.823864613271,59.2857599371644].
[464.549593217449,416.823864613271,59.2857599371644].
[464.549593217449,416.823864613271,59.2857599371644].
[464.549593217449,416.823864613271,59.2857599371644].
[464.549593217449,416.823864613271,59.2857599371644].
[464.549593217449,416.823864613271,59.2857599371644].
[464.549593217449,416.823864613271,59.2857599371644].
[464.549593217449,416.823864613271,59.2857599371644].
[464.549593217449,416.823864613271,59.2857599371644].
[464.549593217449,416.823864613271,59.2857599371644].
[464.549593217449,416.823864613271,59.2857599371644].
[464.549593217449,416.823864613271,59.2857599371644].
[464.549593217449,416.823864613271,59.2857599371644].
[464.549593217449,416.823864613271,59.2857599371644].
[464.549593217449,416.823864613271,59.2857599371644].
[464.549593217449,416.823864613271,59.2857599371644].
[464.549593217449,416.823864613271,59.2857599371644].
[464.549593217449,416.823864613271,59.2857599371644].
[464.549593217449,416.823864613271,59.2857599371644].
[464.549593217449,416.823864613271,59.2857599371644].
[464.549593217449,416.823864613271,59.2857599371644].
[464.549593217449,416.823864613271,59.2857599371644].
[464.549593217449,416.823864613271,59.2857599371644].
[464.549593217449,416.823864613271,59.2857599371644].
[464.549593217449,416.823864613271,59.2857599371644].
[464.549593217449,416.823864613271,59.2857599371644].
[464.549593217449,416.823864613271,59.2857599371644].
[464.549593217449,416.823864613271,59.2857599371644].
[464.549593217449,416.823864613271,59.2857599371644].
[464.549593217449,416.823864613271,59.2857599371644].
[464.549593217449,416.823864613271,59.2857599371644].
[464.549593217449,416.823864613271,59.2857599371644].
[464.549593217449,416.823864613271,59.2857599371644].
[464.549593217449,416.823864613271,59.2857599371644].
[464.549593217449,416.823864613271,59.2857599371644].
[464.549593217449,416.823864613271,59.2857599371644].
[464.549593217449,416.823864613271,59.2857599371644].
[464.549593217449,416.823864613271,59.2857599371644].
[464.549593217449,416.823864613271,59.2857599371644].
[464.549593217449,416.823864613271,59.2857599371644].
[464.549593217449,416.823864613271,59.2857599371644].
[464.549593217449,416.823864613271,59.2857599371644].
[464.549593217449,416.823864613271,59.2857599371644].
[464.549593217449,416.823864613271,59.2857599371644].
[464.549593217449,416.823864613271,59.2857599371644].
[464.549593217449,416.823864613271,59.2857599371644].
[464.549593217449,416.823864613271,59.2857599371644].
[464.549593217449,416.823864613271,59.2857599371644].
[464.549593217449,416.823864613271,59.2857599371644].
[464.549593217449,416.823864613271,59.2857599371644].
[464.549593217449,416.823864613271,59.2857599371644].
[464.548285155804,416.823543021683,59.2757499700841].
[464.542422830223,416.822101748179,59.2308884100258].
[464.532757489343,416.819725489896,59.1569242017208].
[464.526895163763,416.818284216392,59.1120626416625].
[464.526895163763,416.818284216392,59.1120626416625].
[464.532757489343,416.819725489896,59.1569242017208].
[464.542422830223,416.822101748179,59.2308884100258].
[464.548285155804,416.823543021683,59.2757499700841].
[464.549593217449,416.823864613271,59.2857599371644].
[464.549593217449,416.823864613271,59.2857599371644].
[464.549593217449,416.823864613271,59.2857599371644].
[464.549593217449,416.823864613271,59.2857599371644].
[464.549593217449,416.823864613271,59.2857599371644].
[464.549593217449,416.823864613271,59.2857599371644].
[464.549593217449,416.823864613271,59.2857599371644].
[464.549593217449,416.823864613271,59.2857599371644].
[464.549593217449,416.823864613271,59.2857599371644].
[464.549593217449,416.823864613271,59.2857599371644].
[464.549593217449,416.823864613271,59.2857599371644].
[464.549593217449,416.823864613271,59.2857599371644].
[464.572198342219,416.823864613271,59.2757499700841].
[464.697313229242,416.835249788787,59.2305743856422].
[464.99235874776,416.886274605458,59.1555168420732].
[465.387757062157,416.982735220576,59.1288957300826].
[465.823695247019,417.089041288916,59.1959043443155].
[466.324032978364,417.191569839928,59.294898117898].
[466.799300695588,417.246541644523,59.3091258329444].
[467.035771867871,417.257489713495,59.284653918408].
[467.083489624423,417.255203191711,59.2749197878027].
[467.083489624423,417.253816346146,59.2749197878027].
[467.083489624423,417.253506899072,59.2749197878027].
[467.083489624423,417.253506899072,59.2749197878027].
[467.083489624423,417.253506899072,59.2749197878027].
[467.106102476805,417.284761722641,59.2506361960261].
[467.207446250176,417.424836123825,59.1418046881725].
[467.374533884986,417.655779768538,58.962371866252].
[467.475877658356,417.795854169722,58.8535403583984].
[467.498490510739,417.82710899329,58.8292567666218].
[467.498490510739,417.82710899329,58.8292567666218].
[467.498490510739,417.82710899329,58.8292567666218].
[467.498490510739,417.82710899329,58.8292567666218].
[467.498490510739,417.82710899329,58.8292567666218].
[467.498490510739,417.82710899329,58.8292567666218].
[467.52110450611,417.858365396665,58.8049719474075].
[467.622453402,417.998446878046,58.6961349385594].
[467.789549482417,418.22940219603,58.5166930470321].
[467.890898378308,418.369483677411,58.407856038184].
[467.913512373679,418.400740080785,58.3835712189696].
[467.913512373679,418.400740080785,58.3835712189696].
[467.913512373679,418.400740080785,58.3835712189696].
[467.913512373679,418.400740080785,58.3835712189696].
[467.913512373679,418.400740080785,58.3835712189696].
[467.913512373679,418.400740080785,58.3835712189696].
[467.913512373679,418.400740080785,58.3835712189696].
[467.913512373679,418.400740080785,58.3835712189696].
[467.913512373679,418.400740080785,58.3835712189696].
[467.913512373679,418.400740080785,58.3835712189696].
[467.914753243089,418.401039453443,58.3932695191489].
[467.920314433965,418.402381148612,58.4367342850631].
[467.929483287652,418.404593229977,58.5083955691519].
[467.935044478528,418.405934925146,58.5518603350662].
[467.936285347938,418.406234297804,58.5615586352454].
[467.936285347938,418.406234297804,58.5615586352454].
[467.936285347938,418.406234297804,58.5615586352454].
[467.936285347938,418.406234297804,58.5615586352454].
[467.937521194803,418.406532458721,58.5712176805645].
[467.943059876191,418.407868723242,58.6145065184009].
[467.952191618007,418.410071850981,58.6858777461257].
[467.957730299395,418.411408115502,58.7291665839621].
[467.95896614626,418.411706276419,58.7388256292812].
[467.95896614626,418.411706276419,58.7388256292812].
[467.95896614626,418.411706276419,58.7388256292812].
[467.95896614626,418.411706276419,58.7388256292812].
[467.95896614626,418.411706276419,58.7388256292812].
[467.95896614626,418.411706276419,58.7388256292812].
[467.95896614626,418.411706276419,58.7388256292812].
[467.95896614626,418.411706276419,58.7388256292812].
[467.95896614626,418.411706276419,58.7388256292812].
[467.95896614626,418.411706276419,58.7388256292812].
[467.95896614626,418.411706276419,58.7388256292812].
[467.95896614626,418.411706276419,58.7388256292812].
[467.95896614626,418.411706276419,58.7388256292812].
[467.95896614626,418.411706276419,58.7388256292812].
[467.95896614626,418.411706276419,58.7388256292812].
[467.95896614626,418.411706276419,58.7388256292812].
[467.95896614626,418.411706276419,58.7388256292812].
[467.957730299395,418.411408115502,58.7291665839621].
[467.952191618007,418.410071850981,58.6858777461257].
[467.943059876191,418.407868723242,58.6145065184009].
[467.937521194803,418.406532458721,58.5712176805645].
[467.936285347938,418.406234297804,58.5615586352454].
[467.936285347938,418.406234297804,58.5615586352454].
[467.936285347938,418.406234297804,58.5615586352454].
[467.936285347938,418.406234297804,58.5615586352454].
[467.936285347938,418.406234297804,58.5615586352454].
[467.936285347938,418.406234297804,58.5615586352454].
[467.936285347938,418.406234297804,58.5615586352454].
[467.936285347938,418.406234297804,58.5615586352454].
[467.936285347938,418.406234297804,58.5615586352454].
[467.936285347938,418.406234297804,58.5615586352454].
[467.936285347938,418.406234297804,58.5615586352454].
[467.936285347938,418.406234297804,58.5615586352454].
[467.936285347938,418.406234297804,58.5615586352454].
[467.936285347938,418.406234297804,58.5615586352454].
[467.936285347938,418.406234297804,58.5615586352454].
[467.936285347938,418.406234297804,58.5615586352454].
[467.936285347938,418.406234297804,58.5615586352454].
[467.936285347938,418.406234297804,58.5615586352454].
[467.936285347938,418.406234297804,58.5615586352454].
[467.936285347938,418.406234297804,58.5615586352454].
[467.936285347938,418.406234297804,58.5615586352454].
[467.936285347938,418.406234297804,58.5615586352454].
[467.936285347938,418.406234297804,58.5615586352454].
[467.936285347938,418.406234297804,58.5615586352454].
[467.936285347938,418.406234297804,58.5615586352454].
[467.936285347938,418.406234297804,58.5615586352454].
[467.936285347938,418.406234297804,58.5615586352454].
[467.936285347938,418.406234297804,58.5615586352454].
[467.936285347938,418.406234297804,58.5615586352454].
[467.936285347938,418.406234297804,58.5615586352454].
[467.936285347938,418.406234297804,58.5615586352454].
[467.936285347938,418.406234297804,58.5615586352454].
[467.936285347938,418.406234297804,58.5615586352454].
[467.936285347938,418.406234297804,58.5615586352454].
[467.936285347938,418.406234297804,58.5615586352454].
[467.936285347938,418.406234297804,58.5615586352454].
[467.936285347938,418.406234297804,58.5615586352454].
[467.936285347938,418.406234297804,58.5615586352454].
[467.936285347938,418.406234297804,58.5615586352454].
[467.936285347938,418.406234297804,58.5615586352454].
[467.936285347938,418.406234297804,58.5615586352454].
[467.936285347938,418.406234297804,58.5615586352454].
[467.936285347938,418.406234297804,58.5615586352454].
[467.936285347938,418.406234297804,58.5615586352454].
[467.936285347938,418.406234297804,58.5615586352454].
[467.936285347938,418.406234297804,58.5615586352454].
[467.936285347938,418.406234297804,58.5615586352454].
[467.936285347938,418.406234297804,58.5615586352454].
[467.936285347938,418.406234297804,58.5615586352454].
[467.936285347938,418.406234297804,58.5615586352454].
[467.936285347938,418.406234297804,58.5615586352454].
[467.936285347938,418.406234297804,58.5615586352454].
[467.936285347938,418.406234297804,58.5615586352454].
[467.936285347938,418.406234297804,58.5615586352454].
[467.936285347938,418.406234297804,58.5615586352454].
[467.936285347938,418.406234297804,58.5615586352454].
[467.936285347938,418.406234297804,58.5615586352454].
[467.936285347938,418.406234297804,58.5615586352454].
[467.936285347938,418.406234297804,58.5615586352454].
[467.936285347938,418.406234297804,58.5615586352454].
[467.936285347938,418.406234297804,58.5615586352454].
[467.958894610887,418.437487272267,58.5372546495689].
[468.060222297534,418.577553386335,58.4283317425965].
[468.227283409819,418.808483367902,58.2487482290047].
[468.328611096466,418.94854948197,58.1398253220324].
[468.328611096466,418.94854948197,58.1398253220324].
[468.227283409819,418.808483367902,58.2487482290047].
[468.060222297534,418.577553386335,58.4283317425965].
[467.958894610887,418.437487272267,58.5372546495689].
[467.958894610887,418.437487272267,58.5372546495689].
[468.060222297534,418.577553386335,58.4186513813486].
[468.227283409819,418.808483367902,58.1956834985552].
[468.327376102552,418.948255118148,58.0152318592642].
[468.344450506778,418.978188845489,57.947543504386].
[468.33532506747,418.976013774698,57.9378631431381].
[468.329790208746,418.974694527576,57.9378631431381].
[468.328555214833,418.974400163754,57.9378631431381].
[468.329790208746,418.974694527576,57.9378631431381].
[468.356706355165,419.006978974221,57.913575868769].
[468.461656077844,419.147930441276,57.8047278566805].
[468.625178470812,419.378053284788,57.6252678238768].
[468.722237748098,419.517124044873,57.5164198117883].
[468.743619035792,419.548089244396,57.4921325374192].
[468.743619035792,419.548089244396,57.4921325374192].
[468.743619035792,419.548089244396,57.4921325374192].
[468.743619035792,419.548089244396,57.4921325374192].
[468.74484816778,419.5483786183,57.5017949439204].
[468.750356755177,419.549675502159,57.54509884553].
[468.75943888039,419.551813702164,57.616494909218].
[468.764947467787,419.553110586024,57.6597988108276].
[468.766176599775,419.553399959927,57.6694612173288].
[468.743566180092,419.522145386501,57.6937664464447].
[468.642233309323,419.382072106378,57.8026949261252].
[468.475163649866,419.151130309982,57.9822876275595].
[468.373830779098,419.011057029859,58.09121610724].
[468.351220359415,418.979802456433,58.1155213363558].
[468.351220359415,418.979802456433,58.1155213363558].
[468.351220359415,418.979802456433,58.1155213363558].
[468.372601647109,419.010767655956,58.09121610724].
[468.468425930481,419.149544052219,57.9822876275595].
[468.627642596714,419.378637022513,57.8026949261252].
[468.728975467482,419.518710302636,57.6937664464447].
[468.75943888039,419.551813702164,57.6694612173288].
[468.764947467787,419.553110586024,57.6694612173288].
[468.766176599775,419.553399959927,57.6694612173288].
[468.766176599775,419.553399959927,57.6694612173288].
[468.766176599775,419.553399959927,57.6694612173288].
[468.766176599775,419.553399959927,57.6694612173288].
[468.766176599775,419.553399959927,57.6694612173288].
[468.766176599775,419.553399959927,57.6694612173288].
[468.766176599775,419.553399959927,57.6694612173288].
[468.764947467787,419.553110586024,57.6597988108276].
[468.75943888039,419.551813702164,57.616494909218].
[468.750356755177,419.549675502159,57.54509884553].
[468.74484816778,419.5483786183,57.5017949439204].
[468.743619035792,419.548089244396,57.4921325374192].
[468.743619035792,419.548089244396,57.4921325374192].
[468.743619035792,419.548089244396,57.4921325374192].
[468.743619035792,419.548089244396,57.4921325374192].
[468.743619035792,419.548089244396,57.4921325374192].
[468.743619035792,419.548089244396,57.4921325374192].
[468.743619035792,419.548089244396,57.4921325374192].
[468.743619035792,419.548089244396,57.4921325374192].
[468.743619035792,419.548089244396,57.4921325374192].
[468.743619035792,419.548089244396,57.4921325374192].
[468.743619035792,419.548089244396,57.4921325374192].
[468.743619035792,419.548089244396,57.4921325374192].
[468.743619035792,419.548089244396,57.4921325374192].
[468.743619035792,419.548089244396,57.4921325374192].
[468.743619035792,419.548089244396,57.4921325374192].
[468.743619035792,419.548089244396,57.4921325374192].
[468.743619035792,419.548089244396,57.4921325374192].
[468.743619035792,419.548089244396,57.4921325374192].
[468.743619035792,419.548089244396,57.4921325374192].
[468.743619035792,419.548089244396,57.4921325374192].
[468.743619035792,419.548089244396,57.4921325374192].
[468.743619035792,419.548089244396,57.4921325374192].
[468.743619035792,419.548089244396,57.4921325374192].
[468.743619035792,419.548089244396,57.4921325374192].
[468.743619035792,419.548089244396,57.4921325374192].
[468.743619035792,419.548089244396,57.4921325374192].
[468.743619035792,419.548089244396,57.4921325374192].
[468.743619035792,419.548089244396,57.4921325374192].
[468.743619035792,419.548089244396,57.4921325374192].
[468.743619035792,419.548089244396,57.4921325374192].
[468.743619035792,419.548089244396,57.4921325374192].
[468.743619035792,419.548089244396,57.4921325374192].
[468.766236460649,419.579350387906,57.467844035333].
[468.86760072643,419.719453113099,57.3589905209987].
[469.03472214751,419.950443456208,57.1795214165251].
[469.136086413291,420.090546181401,57.0706679021907].
[469.158703838148,420.121807324911,57.0463794001046].
[469.158703838148,420.121807324911,57.0463794001046].
[469.158703838148,420.121807324911,57.0463794001046].
[469.158703838148,420.121807324911,57.0463794001046].
[469.136086413291,420.090546181401,57.0706679021907].
[469.03472214751,419.950443456208,57.1795214165251].
[468.86760072643,419.719453113099,57.3589905209987].
[468.766236460649,419.579350387906,57.467844035333].
[468.743619035792,419.548089244396,57.4921325374192].
[468.743619035792,419.548089244396,57.4921325374192].
[468.743619035792,419.548089244396,57.4921325374192].
[468.743619035792,419.548089244396,57.4921325374192].
[468.743619035792,419.548089244396,57.4921325374192].
[468.743619035792,419.548089244396,57.4921325374192].
[468.766236460649,419.579350387906,57.467844035333].
[468.86760072643,419.719453113099,57.3589905209987].
[469.03472214751,419.950443456208,57.1795214165251].
[469.136086413291,420.090546181401,57.0706679021907].
[469.158703838148,420.121807324911,57.0463794001046].
[469.158703838148,420.121807324911,57.0463794001046].
[469.136086413291,420.090546181401,57.0706679021907].
[469.03472214751,419.950443456208,57.1795214165251].
[468.86760072643,419.719453113099,57.3589905209987].
[468.766236460649,419.579350387906,57.467844035333].
[468.743619035792,419.548089244396,57.4921325374192].
[468.743619035792,419.548089244396,57.4921325374192].
[468.743619035792,419.548089244396,57.4921325374192].
[468.743619035792,419.548089244396,57.4921325374192].
[468.743619035792,419.548089244396,57.4921325374192].
[468.743619035792,419.548089244396,57.4921325374192].
[468.743619035792,419.548089244396,57.4921325374192].
[468.743619035792,419.548089244396,57.4921325374192].
[468.766236460649,419.579350387906,57.467844035333].
[468.86760072643,419.719453113099,57.3589905209987].
[469.03472214751,419.950443456208,57.1795214165251].
[469.136086413291,420.090546181401,57.0706679021907].
[469.158703838148,420.121807324911,57.0463794001046].
[469.158703838148,420.121807324911,57.0463794001046].
[469.158703838148,420.121807324911,57.0463794001046].
[469.158703838148,420.121807324911,57.0463794001046].
[469.158703838148,420.121807324911,57.0463794001046].
[469.158703838148,420.121807324911,57.0463794001046].
[469.158703838148,420.121807324911,57.0463794001046].
[469.158703838148,420.121807324911,57.0463794001046].
[469.158703838148,420.121807324911,57.0463794001046].
[469.158703838148,420.121807324911,57.0463794001046].
[469.158703838148,420.121807324911,57.0463794001046].
[469.158703838148,420.121807324911,57.0463794001046].
[469.158703838148,420.121807324911,57.0463794001046].
[469.158703838148,420.121807324911,57.0463794001046].
[469.158703838148,420.121807324911,57.0463794001046].
[469.158703838148,420.121807324911,57.0463794001046].
[469.158703838148,420.121807324911,57.0463794001046].
[469.158703838148,420.121807324911,57.0463794001046].
[469.158703838148,420.121807324911,57.0463794001046].
[469.158703838148,420.121807324911,57.0463794001046].
[469.158703838148,420.121807324911,57.0463794001046].
[469.158703838148,420.121807324911,57.0463794001046].
[469.158703838148,420.121807324911,57.0463794001046].
[469.158703838148,420.121807324911,57.0463794001046].
[469.158703838148,420.121807324911,57.0463794001046].
[469.158703838148,420.121807324911,57.0463794001046].
[469.158703838148,420.121807324911,57.0463794001046].
[469.158703838148,420.121807324911,57.0463794001046].
[469.158703838148,420.121807324911,57.0463794001046].
[469.158703838148,420.121807324911,57.0463794001046].
[469.158703838148,420.121807324911,57.0463794001046].
[469.158703838148,420.121807324911,57.0463794001046].
[469.158703838148,420.121807324911,57.0463794001046].
[469.158703838148,420.121807324911,57.0463794001046].
[469.158703838148,420.121807324911,57.0463794001046].
[469.158703838148,420.121807324911,57.0463794001046].
[469.158703838148,420.121807324911,57.0463794001046].
[469.158703838148,420.121807324911,57.0463794001046].
[469.158703838148,420.121807324911,57.0463794001046].
[469.158703838148,420.121807324911,57.0463794001046].
[469.158703838148,420.121807324911,57.0463794001046].
[469.158703838148,420.121807324911,57.0463794001046].
[469.158703838148,420.121807324911,57.0463794001046].
[469.158703838148,420.121807324911,57.0463794001046].
[469.158703838148,420.121807324911,57.0463794001046].
[469.158703838148,420.121807324911,57.0463794001046].
[469.158703838148,420.121807324911,57.0463794001046].
[469.158703838148,420.121807324911,57.0463794001046].
[469.158703838148,420.121807324911,57.0463794001046].
[469.136086413291,420.090546181401,57.0706679021907].
[469.03472214751,419.950443456208,57.1795214165251].
[468.86760072643,419.719453113099,57.3589905209987].
[468.766236460649,419.579350387906,57.467844035333].
[468.743619035792,419.548089244396,57.4921325374192].
[468.743619035792,419.548089244396,57.4921325374192].
[468.743619035792,419.548089244396,57.4921325374192].
[468.743619035792,419.548089244396,57.4921325374192].
[468.743619035792,419.548089244396,57.4921325374192].
[468.743619035792,419.548089244396,57.4921325374192].
[468.743619035792,419.548089244396,57.4921325374192].
[468.766236460649,419.579350387906,57.467844035333].
[468.86760072643,419.719453113099,57.3589905209987].
[469.03472214751,419.950443456208,57.1795214165251].
[469.136086413291,420.090546181401,57.0706679021907].
[469.136086413291,420.090546181401,57.0706679021907].
[469.03472214751,419.950443456208,57.1795214165251].
[468.86760072643,419.719453113099,57.3589905209987].
[468.766236460649,419.579350387906,57.467844035333].
[468.743619035792,419.548089244396,57.4921325374192].
[468.743619035792,419.548089244396,57.4921325374192].
[468.743619035792,419.548089244396,57.4921325374192].
[468.766236460649,419.579350387906,57.467844035333].
[468.86760072643,419.719453113099,57.3589905209987].
[469.03472214751,419.950443456208,57.1795214165251].
[469.136086413291,420.090546181401,57.0706679021907].
[469.158703838148,420.121807324911,57.0463794001046].
[469.18132240634,420.153070048705,57.0220896702083].
[469.282691796194,420.293179856243,56.9132306532108].
[469.449821665443,420.524181876164,56.7337524763794].
[469.551191055297,420.664291683702,56.6248934593818].
[469.573809623489,420.695554407496,56.6006037294856].
[469.573809623489,420.695554407496,56.6006037294856].
[469.573809623489,420.695554407496,56.6006037294856].
[469.573809623489,420.695554407496,56.6006037294856].
