[515.615977878954,358.023600509613,133.29403649627].
[515.615977878954,358.225904485283,133.29403649627].
[515.615977878954,358.356441857515,133.29403649627].
[515.615977878954,358.391345239384,133.29403649627].
[515.615977878954,358.391345239384,133.29403649627].
[515.615977878954,358.391345239384,133.29403649627].
[515.615977878954,358.391345239384,133.29403649627].
[515.543792576299,358.426296704798,133.209384166313].
[515.22028049435,358.613715741509,132.807785367173].
[514.686899243511,359.009908979502,132.082731102432].
[514.363387161562,359.393966782505,131.539209790255].
[514.291157241553,359.566815663228,131.35454476636].
[514.290957280447,359.597425107759,131.330273199666].
[514.290627600318,359.597148136364,131.326879818857].
[514.267974904139,359.566198142229,131.346982181498].
[514.167304109412,359.428205294093,131.445839641667].
[514.001399590386,359.200755350838,131.60958520462].
[513.900773413013,359.062799986704,131.708901908942].
[513.87832067794,359.032017984212,131.731062461083].
[513.973017248038,358.997120538718,131.816371492704].
[514.397417831247,358.840721038669,132.198700047323].
[515.097136100081,358.58286185621,132.829053267718].
[515.52153668329,358.426462356161,133.211381822336].
[515.616233253389,358.391564910668,133.296690853958].
[515.616233253389,358.391564910668,133.296690853958].
[515.616233253389,358.391564910668,133.296690853958].
[515.66353195704,358.374134459588,133.339300703514].
[515.875510040233,358.296016597491,133.53026480056].
[516.225002814917,358.16722201663,133.845111369299].
[516.43698089811,358.089104154533,134.036075466345].
[516.484325095783,358.071713260197,134.079161448981].
[516.484528985847,358.071890541222,134.081295329404].
[516.484865143731,358.07218282822,134.084813503446].
[516.43773887301,358.089763078015,134.044007300437].
[516.225665302753,358.167797329687,133.85203933092].
[515.875940089553,358.296388842217,133.534752645548].
[515.641378860786,358.343618678872,133.364400224963].
[515.493469896705,358.223143118565,133.42046819135].
[515.305201291745,357.965054958112,133.605796578727].
[515.104043559231,357.689297727342,133.803812802319].
[514.915774774761,357.431209320808,133.989141366403].
[514.815195845544,357.293330619114,134.088149540175].
[514.792753652961,357.262565722324,134.110241249845].
[514.792753652961,357.262565722324,134.110241249845].
[514.792753652961,357.262565722324,134.110241249845].
[514.792753652961,357.262565722324,134.110241249845].
[514.792753652961,357.262565722324,134.110241249845].
[514.792753652961,357.262565722324,134.110241249845].
[514.792753652961,357.262565722324,134.110241249845].
[514.792753652961,357.262565722324,134.110241249845].
[514.792753652961,357.262565722324,134.110241249845].
[514.792753652961,357.262565722324,134.110241249845].
[514.792753652961,357.262565722324,134.110241249845].
[514.792753652961,357.262565722324,134.110241249845].
[514.792753652961,357.262565722324,134.110241249845].
[514.792753652961,357.262565722324,134.110241249845].
[514.792753652961,357.262565722324,134.110241249845].
[514.792753652961,357.262565722324,134.110241249845].
[514.792753652961,357.262565722324,134.110241249845].
[514.792753652961,357.262565722324,134.110241249845].
[514.792753652961,357.262565722324,134.110241249845].
[514.792753652961,357.262565722324,134.110241249845].
[514.792753652961,357.262565722324,134.110241249845].
[514.792753652961,357.262565722324,134.110241249845].
[514.792753652961,357.262565722324,134.110241249845].
[514.792753652961,357.262565722324,134.110241249845].
[514.792753652961,357.262565722324,134.110241249845].
[514.792753652961,357.262565722324,134.110241249845].
[514.792753652961,357.262565722324,134.110241249845].
[514.792753652961,357.262565722324,134.110241249845].
[514.815195845544,357.293330619115,134.088149540175].
[514.915774774761,357.431209320808,133.989141366403].
[515.081601394744,357.658532869068,133.825904484331].
[515.182180323961,357.796411570762,133.726896310559].
[515.204622516544,357.827176467552,133.704804600889].
[515.204618038298,357.827172607274,133.704804600889].
[515.204597968194,357.82715530671,133.704804600889].
[515.204564878186,357.827126782903,133.704758235058].
[515.204544808082,357.82710948234,133.704550437817].
[515.204540329836,357.827105622062,133.704207838088].
[515.204540329836,357.827105622062,133.704000040848].
[515.204540329836,357.827105622062,133.703953675016].
[515.226972935679,357.85786226618,133.681835249852].
[515.327508900104,357.995703981964,133.582634555319].
[515.493264683121,358.222966550766,133.418874047822].
[515.593800647546,358.36080826655,133.319208292482].
[515.591346408344,358.409007538604,133.254124027521].
[515.479811306911,358.487179973584,133.06295373336].
[515.295921012749,358.646835777004,132.725734410412].
[515.184385911316,358.86291537373,132.435354929488].
[515.159499066271,359.107728472619,132.229027005578].
[515.159499066271,359.245635634365,132.129745028593].
[515.159499066271,359.276406881451,132.107592225168].
[515.137054164945,359.263090451922,132.107592225168].
[515.036463095988,359.185955537688,132.109236157385].
[514.82325163723,359.009332627791,132.116603750432].
[514.510386155454,358.807350731702,132.128750857802].
[514.137959914487,358.656078990241,132.136118450849].
[513.95060543256,358.536033486974,132.180424049318].
[514.062263565393,358.457861051994,132.392107194299].
[514.480996651587,358.414124553435,132.799152204024].
[515.043030753272,358.395680365316,133.141726801581].
[515.445900667178,358.391564910668,133.276204032344].
[515.59379618883,358.391564910668,133.296690853958].
[515.616233253389,358.391564910668,133.296690853958].
[515.616233253389,358.391564910668,133.296690853958].
[515.616233253389,358.391564910668,133.296690853958].
[515.616233253389,358.391564910668,133.296690853958].
[515.616233253389,358.391564910668,133.296690853958].
[515.571359132755,358.364872551311,133.296690853958].
[515.322899873851,358.245245696121,133.296690853958].
[514.731745649729,358.048014355421,133.255702901461].
[513.968436547873,357.92841333504,133.072007642742].
[513.361268981577,357.901836759263,132.769145362366].
[513.101576949085,357.902027654115,132.585450103648].
[513.054196457882,357.902143437695,132.544462151151].
[513.099101902538,357.963733242545,132.500141072026].
[513.300354143054,358.239643814204,132.301507776127].
[513.632162992768,358.694543442511,131.974016836107].
[513.833415233284,358.970454014171,131.775383540208].
[513.87832067794,359.032017984212,131.731062461083].
[513.87832067794,359.032017984212,131.731062461083].
[513.87832067794,359.032017984212,131.731062461083].
[513.783491659621,359.036110212807,131.667194107084].
[513.35849748467,359.054450308975,131.380956003028].
[512.635271010156,359.084688015634,130.909029152385].
[512.086899175331,359.072275101568,130.644940605599].
[511.725175698872,358.93854190032,130.680339680333].
[511.458572709578,358.711253188808,130.844004001572].
[511.33533391566,358.573190257738,130.943271430305].
[511.312453755036,358.542045674181,130.965420987576].
[511.312166934854,358.541808172955,130.965420987576].
[511.312102936621,358.541755179269,130.965420987576].
[511.312102936621,358.541755179269,130.965420987576].
[511.312038656722,358.541701952348,130.964775606242].
[511.3117505742,358.541463405842,130.961883207772].
[511.311275606418,358.541070109143,130.957114448891].
[511.310987523896,358.540831562636,130.954222050421].
[511.310923243996,358.540778335716,130.953576669087].
[511.310923243996,358.540778335716,130.953576669087].
[511.310923243996,358.540778335716,130.953576669087].
[511.310923243996,358.540778335716,130.953576669087].
[511.310923243996,358.540778335716,130.953576669087].
[511.310923243996,358.540778335716,130.953576669087].
[511.358403790737,358.523347781494,130.996623039118].
[511.571196838116,358.445229457149,131.189543485204].
[511.922033261588,358.31643411417,131.50761552822].
[512.134826308967,358.238315789825,131.700535974306].
[512.182306855707,358.220885235603,131.743582344337].
[512.229753740574,358.203467038971,131.786598196155].
[512.442395925904,358.1254040975,131.979381869098].
[512.792983619905,357.996700065443,132.297228411323].
[513.005625805235,357.918637123972,132.490012084266].
[513.053072690102,357.901218927339,132.533027936084].
[513.053072690102,357.901218927339,132.533027936084].
[513.053072690102,357.901218927339,132.533027936084].
[513.053072690102,357.901218927339,132.533027936084].
[513.053072690102,357.901218927339,132.533027936084].
[513.053072690102,357.901218927339,132.533027936084].
[513.030614499364,357.870432202668,132.555135281775].
[512.929963871396,357.732455675197,132.654213531333].
[512.764019040155,357.504970839498,132.817565948843].
[512.663368412187,357.366994312026,132.9166441984].
[512.640910221449,357.336207587355,132.938751544091].
[512.640910221449,357.336207587355,132.938751544091].
[512.640910221449,357.336207587355,132.938751544091].
[512.640910221449,357.336207587355,132.938751544091].
[512.640910221449,357.336207587355,132.938751544091].
[512.640910221449,357.336207587355,132.938751544091].
[512.640910221449,357.336207587355,132.938751544091].
[512.663368412187,357.366994312026,132.9166441984].
[512.764019040155,357.504970839498,132.817565948843].
[512.929963871396,357.732455675197,132.654213531333].
[513.030614499364,357.870432202668,132.555135281775].
[513.053072690102,357.901218927339,132.533027936084].
[513.053072690102,357.901218927339,132.533027936084].
[513.053072690102,357.901218927339,132.533027936084].
[513.053072690102,357.901218927339,132.533027936084].
[513.005625805235,357.918637123972,132.490012084266].
[512.792983619905,357.996700065443,132.297228411323].
[512.442395925904,358.1254040975,131.979381869098].
[512.229753740574,358.203467038971,131.786598196155].
[512.182306855707,358.220885235603,131.743582344337].
[512.159890850657,358.190129687299,131.765697502484].
[512.059429285822,358.052292882615,131.865316007853].
[511.89379616699,357.825038410847,132.030990493238].
[511.793334602155,357.687201606163,132.133837023299].
[511.77096855668,357.656487956266,132.158719553693].
[511.771192459963,357.656675731895,132.16147922524].
[511.771561614068,357.65698532157,132.165196149842].
[511.771785517352,357.657173097199,132.167450578573].
[511.771835476927,357.657214995605,132.167953609617].
[511.771835476927,357.657214995605,132.167953609617].
[511.771835476927,357.657214995605,132.167450578573].
[511.794248877689,357.6879682725,132.143054371756].
[511.894698770913,357.825794897437,132.040104882305].
[512.060312646512,358.053032585639,131.874243613161].
[512.160809687758,358.190898664133,131.774984545294].
[512.18343439129,358.221828759603,131.754978417648].
[512.183782770663,358.222120284149,131.758499509957].
[512.16153352465,358.191504372272,131.782803441504].
[512.060919476676,358.053540382317,131.882631312667].
[511.894957221705,357.795218450773,132.068602258087].
[511.819264778008,357.501787647658,132.309973134775].
[511.9087064135,357.165376982158,132.687169757741].
[512.093201924952,356.898626911426,133.101798993741].
[512.180135356929,356.807169352533,133.272524769597].
[512.093201924952,356.867834192631,133.123967266455].
[511.9087064135,357.027373590885,132.786521063272].
[511.796804229225,357.243465790586,132.49594402658].
[511.771835476927,357.488418885537,132.289473187862].
[511.771835476927,357.626422276809,132.190121882331].
[511.771835476927,357.657214995605,132.167953609617].
[511.749374936646,357.643858430227,132.167953609617].
[511.601251317494,357.583998457152,132.147423815183].
[511.222577131465,357.48530604628,132.055415659849].
[510.771213184729,357.425446073206,131.903719857072].
[510.558509035517,357.442892997047,131.78953566948].
[510.611742889516,357.580944658013,131.669619793652].
[510.800231439823,357.839356868787,131.483583806591].
[511.001624108471,358.115460242994,131.284811606169].
[511.190112713137,358.373872528292,131.098775565457].
[511.290809066526,358.511924241533,130.999389446428].
[511.313277459984,358.542727742418,130.977213405773].
[511.313277459984,358.542727742418,130.977213405773].
[511.313277459984,358.542727742418,130.977213405773].
[511.313277459984,358.542727742418,130.977213405773].
[511.313277459984,358.542727742418,130.977213405773].
[511.313277459984,358.542727742418,130.977213405773].
[511.313277459984,358.542727742418,130.977213405773].
[511.33574586195,358.573531254966,130.95503735672].
[511.43644225347,358.711583020483,130.855651200058].
[511.602462536052,358.939191902749,130.691791129555].
[511.703158927572,359.077243668266,130.592404972892].
[511.725627329538,359.108047180815,130.57022892384].
[511.725627329538,359.108047180815,130.57022892384].
[511.773066256773,359.090578716101,130.612950269638].
[511.985672778471,359.012290488714,130.804414058171].
[512.336201673084,358.883215022977,131.120084478894].
[512.548808194782,358.80492679559,131.311548267428].
[512.596247122017,358.787458330876,131.354269613226].
[512.548808194782,358.80492679559,131.311548267428].
[512.336201673084,358.883215022977,131.120084478894].
[511.985672778471,359.012290488714,130.804414058171].
[511.773066256773,359.090578716101,130.612950269638].
[511.725627329538,359.108047180815,130.57022892384].
[511.703158927572,359.077243668266,130.592404972892].
[511.602462536052,358.939191902749,130.691791129555].
[511.43644225347,358.711583020483,130.855651200058].
[511.33574586195,358.573531254966,130.95503735672].
[511.313277459984,358.542727742418,130.977213405773].
[511.313277459984,358.542727742418,130.977213405773].
[511.313277459984,358.542727742418,130.977213405773].
[511.313277459984,358.542727742418,130.977213405773].
[511.313277459984,358.542727742418,130.977213405773].
[511.313277459984,358.542727742418,130.977213405773].
[511.313277459984,358.542727742418,130.977213405773].
[511.313341178398,358.5427805044,130.977853149697].
[511.313626744518,358.543016967201,130.980720283047].
[511.314097563453,358.543406828452,130.985447386789].
[511.314383129573,358.543643291253,130.988314520139].
[511.314446847987,358.543696053235,130.988954264063].
[511.314446847987,358.543696053235,130.988954264063].
[511.314383129573,358.543696053235,130.988314520139].
[511.314097563453,358.543696053235,130.985447386789].
[511.266227525473,358.561113198474,130.938782186432].
[511.053432652021,358.639171427926,130.747156172911].
[510.702771569285,358.767933855304,130.433024058286].
[510.489746375099,358.846288611802,130.239119618018].
[510.441985280302,358.864194647488,130.193572099276].
[510.394489366668,358.881907143395,130.150964676616].
[510.181891301833,358.96002626482,129.962649549786].
[509.831098652622,359.088713835756,129.649418652201].
[509.617874309722,359.166766793053,129.454897653043].
[509.570117853902,359.184262249426,129.409713737471].
[509.570556736414,359.184697627671,129.414062682438].
[509.571718428188,359.185639645922,129.425574040143].
[509.572878873764,359.186580653629,129.437073049124].
[509.573414287473,359.187014821707,129.442378534502].
[509.573511882405,359.187093961639,129.443345615618].
[509.573511882405,359.187093961639,129.443345615618].
[509.573511882405,359.187093961639,129.443345615618].
[509.573511882405,359.187093961639,129.443345615618].
[509.573511882405,359.187093961639,129.443345615618].
[509.573511882405,359.187093961639,129.443345615618].
[509.573511882405,359.187093961639,129.443345615618].
[509.573511882405,359.187093961639,129.443345615618].
[509.573511882405,359.187093961639,129.443345615618].
[509.573511882405,359.187093961639,129.443345615618].
[509.573511882405,359.187093961639,129.443345615618].
[509.620990593825,359.169585240472,129.485787810433].
[509.833775415869,359.091116596183,129.676000531054].
[510.184598278056,358.96174367326,129.9896082895].
[510.397383100101,358.883275028971,130.179821010121].
[510.44486181152,358.865766307804,130.222263204935].
[510.44486181152,358.865766307804,130.222263204935].
[510.44486181152,358.865766307804,130.222263204935].
[510.397383100101,358.883275028971,130.179821010121].
[510.184598278056,358.96174367326,129.9896082895].
[509.833775415869,359.091116596183,129.676000531054].
[509.645998954298,359.121267382709,129.550466351159].
[509.710599938674,358.922230488835,129.7978932654].
[509.895388117147,358.565207127241,130.27580663122].
[510.007467812944,358.348661512201,130.565675740277].
[509.984989759887,358.317841732697,130.587919797434].
[509.772170419381,358.396262678781,130.39774163622].
[509.421290645874,358.525556960659,130.084190856604].
[509.208471305368,358.603977906743,129.89401269539].
[509.160984891838,358.621475985002,129.851578211822].
[509.160984891838,358.621475985002,129.851578211822].
[509.160984891838,358.621475985002,129.851578211822].
[509.160984891838,358.621475985002,129.851578211822].
[509.160984891838,358.621475985002,129.851578211822].
[509.160984891838,358.621475985002,129.851578211822].
[509.160984891838,358.621475985002,129.851578211822].
[509.160984891838,358.621475985002,129.851578211822].
[509.160984891838,358.621475985002,129.851578211822].
[509.160984891838,358.621475985002,129.851578211822].
[509.160984891838,358.621475985002,129.851578211822].
[509.160984891838,358.621475985002,129.851578211822].
[509.138506883697,358.590656267081,129.873822224531].
[509.037767440285,358.452531874125,129.973512973172].
[508.871676177133,358.224803249455,130.137875230949].
[508.770936733721,358.086678856499,130.23756597959].
[508.74845872558,358.055859138578,130.259809992299].
[508.770936733721,358.086678856499,130.23756597959].
[508.871676177133,358.224803249455,130.137875230949].
[509.037767440285,358.452531874125,129.973512973172].
[509.138506883697,358.590656267081,129.873822224531].
[509.160984891838,358.621475985002,129.851578211822].
[509.160984891838,358.621475985002,129.851578211822].
[509.160984891838,358.621475985002,129.851578211822].
[509.160984891838,358.621475985002,129.851578211822].
[509.160984891838,358.621475985002,129.851578211822].
[509.183462944896,358.652295764507,129.829334154665].
[509.284202589605,358.790420433463,129.729643206822].
[509.450294184639,359.018149513179,129.565280620618].
[509.551033829348,359.156274182134,129.465589672776].
[509.573511882405,359.187093961639,129.443345615618].
[509.573609051509,359.187093961639,129.444308477142].
[509.621506117883,359.169716131322,129.490901415002].
[509.83501186535,359.091768796314,129.68828640922].
[510.233913126277,358.945612504608,130.050641627653].
[510.659794424774,358.789007238208,130.435566651292].
[511.05794533871,358.642339621371,130.792377422272].
[511.270512231746,358.564033610493,130.98178553881].
[511.317924534438,358.546575748773,131.023870838984].
[511.317924534438,358.546575748773,131.023870838984].
[511.270512231746,358.546575748773,131.004073965372].
[511.035560523173,358.546575748773,130.915350533277].
[510.584549410769,358.550819448903,130.746781897012].
[510.158618605963,358.569838393397,130.538350836162].
[509.750377522933,358.618731823586,130.222911281069].
[509.164476813608,358.716343871962,129.78775093985].
[508.600946798787,358.850165694193,129.365308086969].
[508.388168969916,358.911303019107,129.198789668231].
[508.553494715891,358.85052742426,129.345490255928].
[508.904359249434,358.721183964148,129.656827325477].
[509.117169346434,358.642356198278,129.845662803663].
[509.164653697458,358.624538689243,129.887797694152].
[509.164653697458,358.624457976355,129.887797694152].
[509.164653697458,358.624457976355,129.887797694152].
[509.142181718608,358.611169529601,129.887797694152].
[509.041469296606,358.538204552343,129.887797694152].
[508.827930678156,358.379914720639,129.867966458148].
[508.444222000529,358.221270643922,129.757879542584].
[507.75642887065,358.147881443998,129.516291123961].
[507.025225639636,358.134471153318,129.270695638625].
[506.733365044238,358.134471153318,129.175844978361].
[507.024584215483,358.147784529051,129.263457881716].
[507.777352340677,358.220673816477,129.496793519127].
[508.542540724776,358.378307919582,129.729187805377].
[508.991023665988,358.535841394193,129.84139077106].
[509.139705912907,358.609143799164,129.866160897874].
[509.186029921635,358.654381826199,129.840100531867].
[509.287638633796,358.793211223741,129.742149994311].
[509.453885852892,359.021064080052,129.590012156597].
[509.554598637797,359.159165271304,129.498932913285].
[509.577070697621,359.189979812224,129.478610387139].
[509.624435536229,359.172444735705,129.519929409544].
[509.836710015734,359.093857974923,129.705108420655].
[510.186691465322,358.964290310826,130.010416995161].
[510.351504360164,358.903081380361,130.153318314379].
[510.186161133524,358.963507130664,130.00516186711].
[509.835464821902,359.092266026767,129.692769629982].
[509.622853502711,359.170808728453,129.504252829794].
[509.575825503789,359.188891287356,129.466271596465].
[509.576540365824,359.189549765078,129.473355259088].
[509.576973951565,359.189901360648,129.477651717651].
[509.624515230491,359.172444735705,129.520724296273].
[509.837146874899,359.093857974923,129.709465742548].
[510.187717189859,358.946767146294,130.023125946398].
[510.352904301397,358.789647010548,130.222973765344].
[510.142773151184,358.616061558514,130.28339898734].
[509.590777629317,358.41844643442,130.294505360011].
[509.046051961827,358.204590657142,130.296983526723].
[508.797182222051,358.085508908011,130.296983526723].
[508.752238183376,358.058938178257,130.296983526723].
[508.752238183376,358.058938178257,130.296983526723].
[508.657496059109,358.094220728138,130.215360883519].
[508.232891316279,358.252346146316,129.849553575577].
[507.532836445136,358.513050886704,129.246439285995].
[507.108231702307,358.671176304881,128.880631978053].
[507.01348957804,358.706458854763,128.799009334849].
[507.01348957804,358.706458854763,128.799009334849].
[507.01348957804,358.706458854763,128.799009334849].
[507.01348957804,358.706458854763,128.799009334849].
[507.01348957804,358.706458854763,128.799009334849].
[507.01348957804,358.706458854763,128.799009334849].
[507.01348957804,358.706458854763,128.799009334849].
[507.01348957804,358.706458854763,128.799009334849].
[507.01348957804,358.706458854763,128.799009334849].
[507.01348957804,358.706458854763,128.799009334849].
[507.01348957804,358.706458854763,128.799009334849].
[507.01348957804,358.706458854763,128.799009334849].
[507.01348957804,358.706458854763,128.799009334849].
[507.01348957804,358.706458854763,128.799009334849].
[507.01348957804,358.706458854763,128.799009334849].
[507.01348957804,358.706458854763,128.799009334849].
[507.01348957804,358.706458854763,128.799009334849].
[507.01348957804,358.706458854763,128.799009334849].
[507.01348957804,358.706458854763,128.799009334849].
[507.01348957804,358.706458854763,128.799009334849].
[507.01348957804,358.706458854763,128.799009334849].
[506.965968689084,358.72403463172,128.7571519683].
[506.752994840438,358.80280379921,128.569560266129].
[506.401860326073,358.932672201127,128.260273836552].
[506.141333711753,359.029028935297,128.030796690169].
[505.880696112608,359.125426717615,127.801221786093].
[505.529326059378,359.255382234455,127.491727889087].
[505.316209349189,359.334204239817,127.304010351559].
[505.268656583514,359.351791806496,127.262124907348].
[505.268656583514,359.351791806496,127.262124907348].
[505.268656583514,359.351791806496,127.262124907348].
[505.268656583514,359.351791806496,127.262124907348].
[505.268656583514,359.351791806496,127.262124907348].
[505.268656583514,359.351791806496,127.262124907348].
[505.268656583514,359.351791806496,127.262124907348].
[505.268656583514,359.351791806496,127.262124907348].
[505.268656583514,359.351791806496,127.262124907348].
[505.268656583514,359.351791806496,127.262124907348].
[505.268656583514,359.351791806496,127.262124907348].
[505.268656583514,359.351791806496,127.262124907348].
[505.268656583514,359.351791806496,127.262124907348].
[505.268656583514,359.351791806496,127.262124907348].
[505.268656583514,359.351791806496,127.262124907348].
[505.268656583514,359.351791806496,127.262124907348].
[505.268656583514,359.351791806496,127.262124907348].
[505.268656583514,359.351791806496,127.262124907348].
[505.268656583514,359.351791806496,127.262124907348].
[505.268656583514,359.351791806496,127.262124907348].
[505.268656583514,359.351791806496,127.262124907348].
[505.268656583514,359.351791806496,127.262124907348].
[505.268656583514,359.351791806496,127.262124907348].
[505.268656583514,359.351791806496,127.262124907348].
[505.268656583514,359.351791806496,127.262124907348].
[505.268656583514,359.351791806496,127.262124907348].
[505.316209349189,359.334204239817,127.304010351559].
[505.529326059378,359.255382234455,127.491727889087].
[505.880696112608,359.125426717615,127.801221786093].
[506.093812822797,359.046604712254,127.988939323621].
[506.141365588472,359.029017145574,128.030824767832].
[506.141365588472,359.029017145574,128.030824767832].
[506.141365588472,359.029017145574,128.030824767832].
[506.188886477428,359.011441368617,128.07268213438].
[506.401860326073,358.932672201127,128.260273836552].
[506.752994840438,358.80280379921,128.569560266129].
[506.966104794884,358.724143251318,128.758473555266].
[507.01437118452,358.707162423174,128.807569731494].
[507.015984222094,358.708449712127,128.823232322157].
[507.017595547241,358.709735634474,128.838878285171].
[507.018338997223,358.710328946723,128.846097182573].
[507.018474514028,358.710437096271,128.847413050395].
[507.018474514028,358.710437096271,128.847413050395].
[507.018474514028,358.710437096271,128.847413050395].
[507.018474514028,358.710437096271,128.847413050395].
[507.018474514028,358.710437096271,128.847413050395].
[506.923472051171,358.745651705857,128.764319563301].
[506.49770055173,358.903472636755,128.391920390375].
[505.795722024144,359.163675362488,127.777937952781].
[505.369950524703,359.321496293386,127.405538779855].
[505.274948061846,359.356710902972,127.32244529276].
[505.274948061846,359.356710902972,127.32244529276].
[505.274948061846,359.356710902972,127.32244529276].
[505.322464986426,359.339097781191,127.364005762254].
[505.535421067975,359.260161245809,127.550266864141].
[505.886526289348,359.12989592409,127.857359504727].
[506.099482370896,359.050295705116,128.043620606614].
[506.146846142037,359.031244139437,128.083703389112].
[506.146005936096,359.029804165112,128.07708085545].
[506.096632138349,359.02913864877,128.066162143337].
[505.836701513328,358.984903785495,128.060925590245].
[505.282853506227,358.787201421774,128.065659437216].
[504.737142357591,358.461245329438,128.075900525391].
[504.4879541642,358.263542965717,128.082112059358].
[504.4879541642,358.24596718876,128.083498039927].
[504.689589591916,358.364900384991,128.083498039927].
[505.11710386515,358.56098807541,128.122485309167].
[505.744829851701,358.679921271641,128.297214127606].
[506.492325364575,358.706458854763,128.585293247169].
[506.9408967388,358.737288786814,128.737659338864].
[507.136722418058,358.875458956326,128.676423820075].
[507.325315356376,359.134093146084,128.488821534655].
[507.52681992935,359.410434203329,128.288375437629].
[507.715413614275,359.669069416976,128.100772409524].
[507.793685230373,359.776410212401,128.022911943514].
[507.715413614275,359.669069416976,128.100772409524].
[507.54930074474,359.44126413538,128.266012710886].
[507.426067381004,359.272263315596,128.388598746626].
[507.302834424128,359.103263053777,128.511184377642].
[507.136722418058,358.875458956326,128.676423820075].
[506.988449504474,358.754864563771,128.734789241557].
[506.752994840438,358.80280379921,128.569560266129].
[506.401860326073,358.932672201127,128.260273836552].
[506.188886477428,359.011441368617,128.07268213438].
[506.141365588472,359.029017145574,128.030824767832].
[506.141365588472,359.029017145574,128.030824767832].
[506.093812822797,359.046604712254,127.988939323621].
[505.880696112608,359.125426717615,127.801221786093].
[505.529326059378,359.255382234455,127.491727889087].
[505.316209349189,359.334204239817,127.304010351559].
[505.26882836323,359.351926115311,127.263771868224].
[505.269598226505,359.352528045655,127.27115303478].
[505.270867516462,359.353520461018,127.283322521083].
[505.271637379736,359.354122391363,127.290703687639].
[505.271809159452,359.354256700178,127.292350648515].
[505.271809159452,359.354256700178,127.292350648515].
[505.271809159452,359.354256700178,127.292350648515].
[505.271809159452,359.354256700178,127.292350648515].
[505.271980194115,359.35439042646,127.293990466092].
[505.272746718292,359.354989746076,127.301339618604].
[505.274010503007,359.355977857074,127.313456322672].
[505.274777027184,359.356577176691,127.320805475184].
[505.274948061846,359.356710902972,127.32244529276].
[505.274948061846,359.356710902972,127.32244529276].
[505.274948061846,359.356710902972,127.32244529276].
[505.274948061846,359.356710902972,127.32244529276].
[505.227399719833,359.374335670269,127.280857344148].
[505.014302835123,359.453324397228,127.094473089393].
[504.615385677967,359.583554791512,126.768005697977].
[504.189050965692,359.662543518471,126.495699817634].
[503.767429358295,359.666939447836,126.312451057302].
[503.43083436537,359.576786856599,126.24897302834].
[503.116121667855,359.340710660925,126.330386543957].
[502.848989204899,359.053359515455,126.496223538483].
[502.725632571181,358.901803107454,126.596808760177].
[502.703129200516,358.870938054592,126.619252356803].
[502.703129200516,358.870938054592,126.619252356803].
[502.703129200516,358.870938054592,126.619252356803].
[502.703129200516,358.870938054592,126.619252356803].
[502.703129200516,358.870938054592,126.619252356803].
[502.703129200516,358.870938054592,126.619252356803].
[502.703129200516,358.870938054592,126.619252356803].
[502.703129200516,358.870938054592,126.619252356803].
[502.703129200516,358.870938054592,126.619252356803].
[502.703129200516,358.870938054592,126.619252356803].
[502.703129200516,358.870938054592,126.619252356803].
[502.703129200516,358.870938054592,126.619252356803].
[502.703129200516,358.870938054592,126.619252356803].
[502.703129200516,358.870938054592,126.619252356803].
[502.703129200516,358.870938054592,126.619252356803].
[502.703129200516,358.870938054592,126.619252356803].
[502.703129200516,358.870938054592,126.619252356803].
[502.703129200516,358.870938054592,126.619252356803].
[502.725421615977,358.901641082277,126.596808760177].
[502.825329290698,359.039242505876,126.49423323907].
[502.990049199118,359.266108899843,126.319476341419].
[503.089956873839,359.403710323442,126.204184685709].
[503.1122492893,359.434413351127,126.172821185958].
[503.1122492893,359.434413351127,126.170830886545].
[503.1122492893,359.403545240061,126.193249216617].
[503.1122492893,359.265203964074,126.293721201473].
[503.137158619145,359.019514595388,126.499273570893].
[503.248991218421,358.802281410129,126.780435186681].
[503.433929327575,358.641342530161,127.106032383068].
[503.54701883281,358.56245062089,127.298611766235].
[503.572613108236,358.544694441474,127.344993107253].
[503.571928162655,358.544008675527,127.338513837113].
[503.570474528738,358.542878038623,127.324763128885].
[503.5695928552,358.542192272676,127.316422902752].
[503.569396127242,358.54203925761,127.314561946759].
[503.569396127242,358.54203925761,127.314561946759].
[503.569396127242,358.54203925761,127.314561946759].
[503.569396127242,358.54203925761,127.314561946759].
[503.616995648933,358.524460682051,127.356460262979].
[503.830321905051,358.445678972096,127.544235488845].
[504.182037441112,358.315789891152,127.853824497841].
[504.39536369723,358.237008181197,128.041599723707].
[504.442963218922,358.219429605638,128.083498039927].
[504.442784068782,358.219288845972,128.081792766839].
[504.441981173559,358.218658004914,128.074150263079].
[504.440657423128,358.217617923844,128.061549904568].
[504.417355893735,358.186133891093,128.076259462753].
[504.31634486074,358.047718719429,128.174729181385].
[504.15010119071,357.819742755175,128.339889821026].
[504.049269307854,357.681468343178,128.440064812747].
[504.049269307854,357.681468343178,128.440064812747].
[504.15010119071,357.819742755175,128.339889821026].
[504.31634486074,358.047718719429,128.174729181385].
[504.417176743596,358.185993131427,128.074554189665].
[504.417359230781,358.186136860111,128.074554189665].
[504.317162711566,358.0483628667,128.174729181385].
[504.151449598763,357.820804774482,128.339889821026].
[504.050269645866,357.682256219132,128.441795620051].
[504.027953498882,357.651546756122,128.471904622177].
[504.02911941975,357.652321318062,128.484693654448].
[504.077512292268,357.634908647963,128.534313203626].
[504.290911234193,357.555952184072,128.723659208131].
[504.642445738384,357.426644840608,129.03298437446].
[504.855662193122,357.348593026916,129.22059957166].
[504.855843886661,357.349189682471,129.222322851586].
[504.643441725869,357.428250217327,129.042430859198].
[504.293249765429,357.55774032211,128.745839104918].
[504.080665911098,357.636467958015,128.564223832603].
[504.032458288998,357.654310323225,128.516361298721].
[504.031115745247,357.653894268538,128.503627886671].
[503.960191902593,357.640103747371,128.476399079007].
[503.645801010887,357.58038878258,128.387257751964].
[503.127757622419,357.482171387897,128.243129758241].
[502.813548424251,357.422599526705,128.155711711124].
[502.743438875544,357.426876816494,128.113821011745].
[502.718302578258,357.50561816058,127.993971869732].
[502.605649509441,357.635440689459,127.741057228684].
[502.419915998673,357.745052894934,127.474062022646].
[502.307262929856,357.900976065725,127.263809817448].
[502.28212663257,358.129082592344,127.078822664868].
[502.28212663257,358.267436194419,126.978465463229].
[502.28212663257,358.298307055807,126.956072744756].
[502.28212663257,358.298307055807,126.956072744756].
[502.28212663257,358.298307055807,126.956072744756].
[502.28212663257,358.298307055807,126.956072744756].
[502.28212663257,358.280727083997,126.978465463229].
[502.28212663257,358.201939116477,127.078822664868].
[502.259616600732,358.058748828974,127.244283717877].
[502.158733637073,357.920395226899,127.344640919516].
[501.992405749037,357.804608126395,127.367033637989].
[501.891522785378,357.74504249184,127.367033637989].
[501.86901275354,357.731751602262,127.367033637989].
[501.86901275354,357.731751602262,127.367033637989].
[501.916659082664,357.727474312474,127.408944834087].
[502.13019511514,357.70830482958,127.596777783562].
[502.504558116637,357.676699695383,127.906461962699].
[502.818042998151,357.674941668409,128.070015219399].
[503.052983254018,357.74869711032,128.003112381756].
[503.253797594914,357.908214993116,127.801348660529].
[503.442398279512,358.124569044591,127.592325362237].
[503.54326377137,358.370033802618,127.402828523474].
[503.565769904722,358.508355122395,127.302619258922].
[503.565769904722,358.539218780629,127.280259549674].
[503.565769904722,358.539218780629,127.280259549674].
[503.565769904722,358.539218780629,127.280259549674].
[503.613387864369,358.521653129484,127.322321685299].
[503.82679675367,358.442929342736,127.510831098808].
[504.178648528817,358.313135761013,127.821630578586].
[504.392057418118,358.234411974265,128.010139992094].
[504.439675377765,358.21684632312,128.05220212772].
[504.439675377765,358.21684632312,128.05220212772].
[504.439675377765,358.21684632312,128.05220212772].
[504.392057418118,358.234411974265,128.010139992094].
[504.130998370186,358.330713289948,127.779540000792].
[503.565593399904,358.539283890979,127.28010363855].
[503.000094815357,358.747889025106,126.780584584486].
[502.738923660574,358.844231695559,126.549885566397].
[502.691489776246,358.861809224494,126.50982821882].
[502.692459050425,358.861975754653,126.518940524464].
[502.69405711338,358.862722091044,126.533964176604].
[502.695026387559,358.863952591729,126.543076482248].
[502.695457993619,358.864698928121,126.547134081658].
[502.696423043601,358.865031262683,126.556206674941].
[502.698014142035,358.865774346464,126.571164852467].
[502.698979192017,358.8669994845,126.580237445751].
[502.699408919134,358.867907651663,126.584277380909].
[502.700369772475,358.868813308454,126.593310520873].
[502.701953951816,358.870033118823,126.608203650872].
[502.702914805156,358.87077297121,126.617236790836].
[502.703129200516,358.870938054592,126.619252356803].
[502.703129200516,358.870938054592,126.619252356803].
[502.655503364598,358.888565606891,126.577624499905].
[502.442059176298,358.967566815368,126.391061388625].
[502.090149202941,359.097817788195,126.083470818731].
[501.876705014641,359.176818996671,125.896907707451].
[501.829079178723,359.194446548971,125.855279850554].
[501.876705014641,359.176818996671,125.896907707451].
[502.090149202941,359.097817788195,126.083470818731].
[502.442059176298,358.967566815368,126.391061388625].
[502.655503364598,358.888565606891,126.577624499905].
[502.703129200516,358.870938054592,126.619252356803].
[502.703129200516,358.870938054592,126.619252356803].
[502.703129200516,358.870938054592,126.619252356803].
[502.60784600819,358.906204825738,126.535969092196].
[502.180816366554,359.064259528531,126.162719395464].
[501.47676351317,359.324847678959,125.54733468118].
[501.049733871535,359.482902381752,125.174084984448].
[500.954450679208,359.518169152898,125.090801719841].
[500.954450679208,359.518169152898,125.090801719841].
[500.954450679208,359.518169152898,125.090801719841].
[500.954450679208,359.518169152898,125.090801719841].
[500.954450679208,359.518169152898,125.090801719841].
[500.954450679208,359.518169152898,125.090801719841].
[500.954450679208,359.518169152898,125.090801719841].
[500.954450679208,359.518169152898,125.090801719841].
[500.954450679208,359.518169152898,125.090801719841].
[500.954450679208,359.518169152898,125.090801719841].
[500.954450679208,359.518169152898,125.090801719841].
[500.954450679208,359.518169152898,125.090801719841].
[501.002108035617,359.518169152898,125.129197638906].
[501.308326218897,359.544632696911,125.301276209727].
[502.075620192275,359.663234072878,125.584985809672].
[502.973674083774,359.858774684168,125.757064380494].
[503.436482533534,359.977376060134,125.795460299559].
[503.529115263479,360.003839604147,125.795460299559].
[503.529115263479,360.003839604147,125.795460299559].
[503.529115263479,360.003839604147,125.795460299559].
[503.506611740117,359.97297434185,125.817904048476].
[503.405757945422,359.834645833159,125.918489952692].
[503.216974778211,359.575715625674,126.10677166913].
[503.01526787316,359.299059546916,126.307942795041].
[502.826485681537,359.040130677523,126.496223538483].
[502.82078980655,358.866582956232,126.679981930797].
[503.224751577602,358.677872136581,127.075181817133].
[503.927873727963,358.417628463387,127.689753040766].
[504.35433886968,358.259782696598,128.062509330476].
[504.449496105049,358.224562545376,128.145682501096].
[504.449496105049,358.224562545376,128.145682501096].
[504.449496105049,358.224562545376,128.145682501096].
[504.449496105049,358.224562545376,128.145682501096].
[504.449496105049,358.224562545376,128.145682501096].
[504.449496105049,358.224562545376,128.145682501096].
[504.449496105049,358.224562545376,128.145682501096].
[504.449496105049,358.224562545376,128.145682501096].
[504.449496105049,358.224562545376,128.145682501096].
[504.449496105049,358.224562545376,128.145682501096].
[504.449496105049,358.224562545376,128.145682501096].
[504.471984924443,358.255407078157,128.123254020863].
[504.595261792416,358.406874303762,128.022736546137].
[504.862221520043,358.694086294273,127.85701124748].
[505.176698615615,358.930091083343,127.775625609926].
[505.512932096084,359.020235623568,127.838940075244].
[505.934011827625,359.015865755921,128.021839310986].
[506.359783327065,358.936981360405,128.293720327575].
[506.758173557859,358.806922979592,128.619741961756].
[506.923655928832,358.745760525696,128.765818314142].
[506.756645408242,358.887020411815,128.543075240757].
[506.396303888164,359.373981403077,127.867314814895].
[506.166703718491,360.040371132677,127.061681705796].
[506.108775690518,360.414105644745,126.641877847825].
[506.106411630698,360.493542786604,126.557145923464].
[506.036423583175,360.480363343683,126.557145923464].
[505.722758915533,360.390447811581,126.557258130771].
[505.183123523969,360.154806898433,126.557761009032].
[504.768290776995,359.86779303118,126.558590115118].
[504.530439941942,359.71635631821,126.559092993379].
[504.427246286442,359.685506951402,126.562786345262].
[504.404756504287,359.685506951402,126.578835921764].
[504.454670275935,359.667857007299,126.646562394315].
[504.669290278227,359.58875544572,126.847549741484].
[505.020737396505,359.458339018598,127.156041722312].
[505.233503314244,359.379104884489,127.339353823281].
[505.280255730451,359.360860791529,127.373333271551].
[505.278832554865,359.359748058139,127.359688386305].
[505.277309437284,359.358557183447,127.345085293891].
[505.275881563048,359.357440776339,127.331395359709].
[505.275118356292,359.356844050504,127.324078013412].
[505.274948061846,359.356710902972,127.32244529276].
[505.274948061846,359.356710902972,127.32244529276].
[505.274948061846,359.356710902972,127.32244529276].
[505.319926463126,359.38314541773,127.32244529276].
[505.569008059455,359.501616693599,127.32244529276].
[506.161717927993,359.69694280609,127.360711252056].
[506.927045245814,359.815414081959,127.532207383597].
[507.535680531293,359.841848596716,127.814956703511].
[507.795933224877,359.841848596716,127.986452835051].
[507.843404234876,359.841848596716,128.024718794347].
[507.843661212196,359.842052692377,128.024718794347].
[507.889750685138,359.904606732892,127.982303100019].
[508.093046664659,360.18236319593,127.79220914634].
[508.426246138141,360.63873448375,127.478797201478].
[508.627900275148,360.91518696816,127.288703247799].
[508.532996855754,360.950492831635,127.208737132583].
[507.90627207863,360.832474345339,127.040447821705].
[506.872977607711,360.637894756648,126.762985655229].
[506.246089706795,360.519749364198,126.593120977005].
[506.10551743679,360.492847126524,126.548510249503].
[506.104475229731,360.492036315984,126.538445139154].
[506.104475229731,360.491909409829,126.538445139154].
[506.10551743679,360.492024010064,126.548510249503].
[506.178552045162,360.425213038499,126.659235382855].
[506.502888418129,360.128617013584,127.126683607544].
[507.037731638858,359.64119593288,127.898402415655].
[507.36274359237,359.345856081697,128.372449024894].
[507.43563545103,359.279985292767,128.481847439497].
[507.435766723055,359.279985292767,128.483126775876].
[507.458107120823,359.310702753175,128.459408267842].
[507.558229837325,359.448368859753,128.353109289621].
[507.723304289703,359.675341897924,128.177851903174].
[507.823427006205,359.813008004502,128.071552924953].
[507.868113534118,359.84372546491,128.047834416919].
[507.990736989778,359.856827497136,128.047834416919].
[508.259181295233,359.933167306962,128.043282497648].
[508.559413430389,360.122143169664,128.022882210803].
[508.824367622642,360.370194448879,127.989247823953].
[509.12438463459,360.559759638604,127.968847537108].
[509.440588357458,360.618893665817,128.005803955961].
[509.776042491664,360.553124278781,128.191831421256].
[510.14870601877,360.422935214015,128.498538860224].
[510.361110470998,360.343971554675,128.68456632552].
[510.408593183788,360.326424108169,128.726074663643].
[510.408991486504,360.326745568292,128.726074663643].
[510.454563972394,360.388880481552,128.6821124396].
[510.656260905919,360.665296016437,128.485087420599].
[510.988235113648,361.120569917662,128.160248080912].
[511.189533744458,361.396663992424,127.963223061911].
[511.234449540188,361.458268907542,127.919260837868].
[511.21207718863,361.432035734009,127.919260837868].
[510.994604776611,361.314466806906,127.882591408864].
[510.304011177121,361.120531883242,127.718250429682].
[509.337699934523,361.002626859028,127.447297961657].
[508.789922401663,360.976016496508,127.281753364385].
[508.672168508206,360.975864522831,127.239689693346].
[508.671265990113,360.975487333844,127.230796091762].
[508.670718585218,360.975151236733,127.225401849726].
[508.670596442676,360.975054703956,127.224198231637].
[508.670596442676,360.975054703956,127.224198231637].
[508.718004567836,360.957411319284,127.265573059816].
[508.977761232633,360.860707330899,127.491462618009].
[509.539993486196,360.651319018259,127.978514669489].
[510.101965912993,360.441964316338,128.462908267524].
[510.361703298081,360.345300578142,128.685614220686].
[510.454480827071,360.353962527154,128.726074663643].
[510.655805129111,360.502587845493,128.726074663643].
[511.081829865334,360.839301481142,128.719471638559].
[511.72946097869,361.204598980196,128.68987893321].
[512.596822690913,361.428138040397,128.641088810443].
[513.287538596177,361.596891690079,128.611496105094].
[513.648661216494,361.795871500195,128.60489308001].
[513.771706595218,361.913853997368,128.60489308001].
[513.794153240596,361.940179450857,128.60489308001].
[513.794153240596,361.940179450857,128.60489308001].
[513.933529155306,361.9664705506,128.643038799924].
[514.558168668926,362.084299084966,128.813996055947].
[515.588025121552,362.27856549587,129.095856920331].
[516.212664635173,362.396394030236,129.266814176353].
[516.304815042636,362.422685129979,129.266814176353].
[516.045908342007,362.422685129979,129.095856920331].
[515.440273012233,362.396394030236,128.813996055947].
[514.678241040654,362.27856549587,128.643038799924].
[514.087503461084,362.084299084966,128.60489308001].
[513.839046987099,361.9664705506,128.60489308001].
[513.749310712045,361.87865116171,128.649662161173].
[513.54834044195,361.602900500722,128.850303262911].
[513.216996482866,361.148264520542,129.181620438704].
[513.01602621277,360.872513859554,129.384573749513].
[512.971183684219,360.810985570407,129.433155018954].
[512.971183684219,360.810985570407,129.435467228025].
[512.971183684219,360.810985570407,129.435467228025].
[512.971183684219,360.810985570407,129.433155018954].
[512.993579567392,360.841728848609,129.406958365841].
[513.116397597607,361.01029567346,129.281941329045].
[513.382480920016,361.375428327844,129.015704448713].
[513.648711826787,361.740682314628,128.749983051515].
[513.81660034172,361.970965086845,128.582508009196].
[514.040246800124,362.277690593203,128.35947957532].
[514.371969211519,362.732639557439,128.028673845494].
[514.573169024544,363.008580052852,127.828030027946].
[514.618062771047,363.070150699785,127.783260340804].
[514.618062771047,363.070150699785,127.783260340804].
[514.662957125219,363.131722180123,127.73849004767].
[514.864159661635,363.407666410599,127.537843514257].
[515.195886563143,363.862621532911,127.207033306727].
[515.352194745386,364.076994283048,127.051157066448].
[515.150992816641,363.801050885978,127.251802993869].
[514.618066102108,363.070155268252,127.783257018947].
[514.085141154296,362.339262073542,128.314709282186].
[513.839046987099,362.00175009779,128.560123392867].
[513.794243543909,361.94025319305,128.605820730004].
[513.794648255281,361.940583682629,128.609978168844].
[513.795315511527,361.941128567828,128.616832626692].
[513.795720222898,361.941459057407,128.620990065533].
[513.795810526211,361.941532799599,128.621917715527].
[513.795810526211,361.941532799599,128.621917715527].
[513.795810526211,361.941532799599,128.621917715527].
[513.795810526211,361.941532799599,128.621454886003].
[513.795810526211,362.003094510181,128.574971642179].
[513.795810526211,362.278994955645,128.372524502558].
[513.770988716088,362.733877888677,128.023574172529].
[513.634906919747,363.009778334141,127.721369397954].
[513.317724368073,363.058230947505,127.45450114974].
[512.899854154519,362.986362535729,127.232006913513].
[512.497148136697,362.830710061626,127.12925035221].
[512.205743227648,362.675033116701,127.110502738224].
[512.082647867536,362.60313540013,127.110502738224].
[512.060192166139,362.590017886079,127.110502738224].
[512.060192166139,362.590017886079,127.110502738224].
[512.015281324932,362.528416868118,127.155403676198].
[511.814004898752,362.252340259199,127.356635719162].
[511.482156173619,361.797166881731,127.688411268743].
[511.280879747439,361.521090272812,127.889643311707].
[511.258424233238,361.490289635451,127.930834205173].
[511.381517541057,361.641454708665,127.895466608348].
[511.648079844593,361.945546416676,127.761613982605].
[511.937098393767,362.259789033046,127.50589691947].
[512.160831824852,362.510811937663,127.229859322833].
[512.37166966501,362.741185517512,127.009885271438].
[512.572949447008,362.986448345342,126.821544859747].
[512.855836340578,363.150665192878,126.758038968667].
[513.38005116462,363.298782441568,126.902296295134].
[514.12338077161,363.492204410741,127.178246024998].
[514.647620360087,363.60955090541,127.347036280094].
[514.907851593776,363.666644297348,127.362097665424].
[514.983489261758,363.82248205436,127.219093462383].
[514.847401200589,364.146867715672,126.826101569564].
[514.45212369762,364.494453417022,126.233208777622].
[513.991501327035,364.734799693177,125.718443956174].
[513.779645138936,364.813909950261,125.532655038146].
[513.843904324661,364.721710244033,125.699693814484].
[514.027815556315,364.453482623094,126.108376327631].
[514.139363356978,364.147161483716,126.463515640595].
[514.164253035604,363.991694263378,126.607814919601].
[514.186702195124,363.960942860039,126.630779171873].
[514.287312347981,363.960942860039,126.630779171873].
[514.453190447046,363.943250812802,126.653222825423].
[514.508902467947,363.863960558071,126.753808302237].
[514.3301321602,363.733233028536,126.919645717384].
[513.973546473674,363.65853696761,126.979025360133].
[513.661042764293,363.692236076198,126.794346153485].
[513.432667935269,363.864225164019,126.389254976773].
[513.343839956154,364.143209905752,126.016916679542].
[513.419651073832,364.423889914469,125.777507832052].
[513.585647476386,364.682338623661,125.594167798842].
[513.686649963704,364.820667343477,125.497258214368].
[513.70988624557,364.852086181044,125.478507040938].
[513.71066544709,364.852702707468,125.483490750525].
[513.711024967157,364.85298716998,125.486513523188].
[513.711090501508,364.853039022624,125.487187994937].
[513.711090501508,364.853039022624,125.487187994937].
[513.711090501508,364.853039022624,125.487187994937].
[513.663819027228,364.870788128205,125.446258676354].
[513.451962977607,364.950334100694,125.262826196606].
[513.102671402271,365.081483237536,124.960397165507].
[512.84351356841,365.178789696141,124.736009123739].
[512.584250204694,365.276135778232,124.511529710479].
[512.234734667365,365.407369006486,124.208906765146].
[512.02274277793,365.486965982996,124.025356670469].
[511.975440993689,365.504726469111,123.984401108449].
[511.975440993689,365.504726469111,123.984401108449].
[511.975440993689,365.535543778459,123.962847181699].
[511.975440993689,365.673730328468,123.865286150953].
[511.950580812668,365.91947699922,123.660717708764].
[511.839165211096,366.137495411193,123.373302712733].
[511.655471938897,366.299491700678,123.044560870187].
[511.496700820246,366.396723680277,122.818881189214].
[511.259607935911,366.494176425138,122.594072976594].
[510.90969536362,366.625651803161,122.291006750658].
[510.697462660306,366.70539565093,122.107187792704].
[510.627758534563,366.692450387349,122.088704051548].
[510.527599019376,366.554689893279,122.19099046504].
[510.362463896225,366.327561236444,122.363331642732].
[510.262304381038,366.189800742373,122.47396111732].
[510.239955772374,366.159062221269,122.502345281768].
[510.239825464098,366.159062221269,122.502345281768].
[510.239241462924,366.159062221269,122.496492929691].
[510.191032883721,366.176868496618,122.447274728524].
[509.978708237475,366.256670686232,122.264085060026].
[509.6294766238,366.388242253698,121.970399418098].
[509.347840242106,366.45500782145,121.793062101678].
[508.987343559176,366.414388011086,121.753492797864].
[508.448390764526,366.287205766708,121.756059568641].
[508.03434986468,366.090502031402,121.767563037179].
[507.798109049764,365.849356895279,121.786529050445].
[507.696554717475,365.710509120545,121.798032518983].
[507.672805173562,365.678715228998,121.80059928976].
[507.672040782233,365.678145103856,121.80059928976].
[507.671870223473,365.678017891742,121.80059928976].
[507.671870223473,365.678017891742,121.80059928976].
[507.719307505627,365.678017891742,121.820596520517].
[507.932059971731,365.673293675163,121.931266571993].
[508.305746196418,365.652121205356,122.174875954982].
[508.667486823337,365.630267376549,122.439742608878].
[509.163334049124,365.672441379003,122.623195590548].
[509.948854969807,365.811863961568,122.746540027129].
[510.799868211079,366.022607949555,122.805982205317].
[511.326170769511,366.249362925052,122.818907488074].
[511.519196378702,366.401483595754,122.796382881638].
[511.642381576133,366.565626558119,122.69543459916].
[511.830796569009,366.806302041974,122.528999018599].
[512.056610566314,367.002224955026,122.444692640486].
[512.355764354737,367.128288056302,122.497672529231].
[512.63969204638,367.155299881066,122.647258752317].
[512.773470246705,367.030370234316,122.829448280403].
[512.798329466435,366.803146152482,123.016412191109].
[512.798329466435,366.665327780225,123.118135766462].
[512.798329466435,366.634576344752,123.140627938385].
[512.798329466435,366.652439054718,123.119052481479].
[512.798329466435,366.732494166738,123.022357992079].
[512.775956328084,366.864482732754,122.862935730646].
[512.675686878468,366.913794880704,122.771408346028].
[512.48551751574,366.793877184604,122.772990246151].
[512.251503320463,366.566715698438,122.811170273256].
[511.945273307204,366.428935292372,122.834327630284].
[511.621321482854,366.415997177835,122.798638218401].
[511.284093195607,366.49579297739,122.615532014211].
[510.911941503516,366.627354009429,122.313640920565].
[510.629930982089,366.69412134983,122.112216416064].
[510.269537190118,366.653536696373,121.989262973106].
[509.753397047949,366.557268680806,121.853908024468].
[509.415425762145,366.516696799506,121.730909912045].
[509.233905941538,366.614375953759,121.506713563].
[509.049796784831,366.884311962629,121.103333287567].
[508.938128936554,367.192151173926,120.753243701456].
[508.913212471684,367.348249398261,120.611183398724].
[508.913212471684,367.379103971274,120.588611748836].
[508.913212471684,367.379103971274,120.588611748836].
[508.913212471684,367.379103971274,120.588611748836].
[508.913212471684,367.379103971274,120.588611748836].
[508.913212471684,367.379103971274,120.588611748836].
[508.913212471684,367.379103971274,120.588611748836].
[508.913212471684,367.379103971274,120.588611748836].
[508.913212471684,367.379103971274,120.588611748836].
[508.913212471684,367.379103971274,120.588611748836].
[508.913212471684,367.379103971274,120.588611748836].
[508.890722715737,367.348249398261,120.611183398724].
[508.789930622312,367.209968795617,120.712342515325].
[508.623752553964,366.981982624713,120.87912570259].
[508.522960460539,366.84370202207,120.980284819191].
[508.500470704591,366.812847449056,121.002856469079].
[508.500470704591,366.812847449056,121.002856469079].
[508.500470704591,366.812847449056,121.002856469079].
[508.500470704591,366.812847449056,121.002856469079].
[508.500470704591,366.812847449056,121.002856469079].
[508.500470704591,366.812847449056,121.002856469079].
[508.500470704591,366.812847449056,121.002856469079].
[508.500470704591,366.812847449056,121.002856469079].
[508.500470704591,366.812847449056,121.002856469079].
[508.500470704591,366.812847449056,121.002856469079].
[508.500470704591,366.830676427939,120.980284819191].
[508.500470704591,366.897546607482,120.87912570259].
[508.453034266413,366.970872671779,120.693986908117].
[508.170468867042,366.954469425917,120.492196552454].
[507.506374432719,366.913885143949,120.25167859325].
[506.776766568198,366.900851383701,120.033698826958].
[506.393447966541,366.870127218651,119.955613518628].
[506.223544191107,366.73243106395,120.040455853383].
[506.058781304056,366.505408484801,120.216245840322].
[505.958847561477,366.3677123301,120.332144176293].
[505.936549329491,366.33698816505,120.363630962576].
[505.936549329491,366.33698816505,120.365616997157].
[505.936549329491,366.33698816505,120.365616997157].
[505.936549329491,366.33698816505,120.365616997157].
[505.936549329491,366.33698816505,120.365616997157].
[505.936344453501,366.336838552793,120.363630962576].
[505.935426263014,366.336168037179,120.3547301731].
[505.933912422827,366.335062543823,120.340055252166].
[505.93299423234,366.334392028209,120.33115446269].
[505.93278935635,366.334242415953,120.329168428109].
[505.93278935635,366.334242415953,120.329168428109].
[505.93278935635,366.334242415953,120.329168428109].
[505.93278935635,366.334242415953,120.329168428109].
[505.93278935635,366.334242415953,120.329168428109].
[505.93278935635,366.334242415953,120.329168428109].
[505.93278935635,366.334242415953,120.329168428109].
[505.93299423234,366.334392028209,120.33115446269].
[505.933912422827,366.335062543823,120.340055252166].
[505.935426263014,366.336168037179,120.3547301731].
[505.936344453501,366.336838552793,120.363630962576].
[505.936549329491,366.33698816505,120.365616997157].
[505.936549329491,366.33698816505,120.365616997157].
[505.936549329491,366.33698816505,120.365616997157].
[505.936549329491,366.33698816505,120.365616997157].
[505.936549329491,366.33698816505,120.365616997157].
[505.936549329491,366.33698816505,120.365616997157].
[505.936549329491,366.33698816505,120.365616997157].
[505.936549329491,366.33698816505,120.365616997157].
[505.936549329491,366.33698816505,120.365616997157].
[505.936549329491,366.33698816505,120.365616997157].
[505.936549329491,366.33698816505,120.365616997157].
[505.936549329491,366.33698816505,120.365616997157].
[505.936549329491,366.33698816505,120.365616997157].
[505.936549329491,366.33698816505,120.365616997157].
[505.936549329491,366.33698816505,120.365616997157].
[505.936549329491,366.33698816505,120.365616997157].
[505.936549329491,366.33698816505,120.365616997157].
[505.936549329491,366.33698816505,120.365616997157].
[505.936549329491,366.33698816505,120.365616997157].
[505.936549329491,366.33698816505,120.365616997157].
[505.936549329491,366.33698816505,120.365616997157].
[505.936549329491,366.33698816505,120.365616997157].
[505.936549329491,366.33698816505,120.365616997157].
[505.936549329491,366.33698816505,120.365616997157].
[505.936549329491,366.33698816505,120.365616997157].
[505.936549329491,366.33698816505,120.365616997157].
[505.936549329491,366.33698816505,120.365616997157].
[505.936549329491,366.33698816505,120.365616997157].
[505.936549329491,366.33698816505,120.365616997157].
[505.936549329491,366.33698816505,120.365616997157].
[505.936549329491,366.33698816505,120.365616997157].
[505.936549329491,366.33698816505,120.365616997157].
[505.936549329491,366.33698816505,120.365616997157].
[505.936549329491,366.33698816505,120.365616997157].
