[614.847358034031,434.22993207411,-211.257981315941].
[614.847358034031,434.352313161685,-211.257981315941].
[614.847358034031,434.550319035438,-211.257981315941].
[614.847358034031,434.67577945879,-211.257981315941].
[614.847358034031,434.703773463144,-211.257981315941].
[615.046387401381,434.984333531556,-194.537643951832].
[615.938489856903,436.241878946981,-119.602290734738].
[617.431557604442,438.326962593392,3.95590556041658].
[618.422828973602,439.636106503733,78.9481169337707].
[618.785295331696,440.019506564519,95.7679518894419].
[618.885043247156,440.154267943939,95.7715787986123].
[618.906957716191,440.304105130767,95.5766218735944].
[618.905538352278,440.388143323272,95.3316269509202].
[618.904542720429,440.406894778624,95.2113620297619].
[618.904320564935,440.406894778624,95.1889128109506].
[618.949055672368,440.406894778624,95.2090610185855].
[619.149544514406,440.406894778624,95.2993590205297].
[619.480094732814,440.41849052301,95.4482352570368].
[619.680344002622,440.519578191497,95.4970297456451].
[619.724005421806,440.825692635704,95.331172111182].
[619.722235209152,441.241932283593,95.0245003228405].
[619.721161520904,441.475852611272,94.8384944807425].
[619.810308161219,441.488789003616,94.8818172958061].
[620.210909373027,441.320978080565,95.2619825246714].
[620.871389112002,441.043816470007,95.888769023882].
[621.271990323809,440.875709455509,96.2689342527473].
[621.361376536355,440.838199710442,96.3537605811468].
[621.406024162152,440.81946392319,96.3961305849783].
[621.6061209387,440.735495950241,96.5860197680599].
[621.936024750393,440.597056167183,96.8990941032823].
[622.136121526941,440.513088194235,97.0889832863639].
[622.225386499341,440.475629325996,97.1736945594753].
[622.425347573963,440.39171829857,97.3634549632315].
[622.755027651004,440.253372402808,97.6763169772411].
[622.954988725626,440.169461375382,97.8660773809973].
[623.044193170433,440.132027906749,97.9507312142267].
[623.244018681128,440.048173766938,98.1403629696168].
[623.573475251039,439.909921662994,98.4530128783288].
[623.773300761734,439.826067523183,98.642644633719].
[623.817887859937,439.807357135537,98.6849571976684].
[623.862444740489,439.788659428331,98.7272410854687].
[624.062134825069,439.704862118302,98.9167443232744].
[624.391368115064,439.566703710831,99.2291823423114].
[624.591058199643,439.482906400802,99.4186855801171].
[624.635615080196,439.464208693595,99.4609694679174].
[624.635615080196,439.464208693595,99.4609694679174].
[624.613523113238,439.464208693595,99.4609694679174].
[624.492048872786,439.482906400802,99.4186855801171].
[624.228129331877,439.566703710831,99.2291823423114].
[623.918149817112,439.802930055872,98.7883306196631].
[623.593810074016,440.326237369858,98.0233170899006].
[623.239017329687,441.069564569275,97.0321771422444].
[623.037450311271,441.509074573232,96.4566668502877].
[622.992474630172,441.607142510802,96.3282531466763].
[622.992474630172,441.607142510802,96.3282531466763].
[622.992474630172,441.607142510802,96.3282531466763].
[622.992474630172,441.606833837618,96.3282531466763].
[622.992318687716,441.605450460383,96.3046354860036].
[622.991619802116,441.60316965691,96.1987884742999].
[622.990467534562,441.601786279675,96.0242762546639].
[622.989768648963,441.601477606491,95.9184292429602].
[622.989612706507,441.601477606491,95.8948115822875].
[622.989612706507,441.601477606491,95.8948115822875].
[622.989612706507,441.5827230639,95.9167524952476].
[623.012114384169,441.49867103535,96.035192864966].
[623.112959907009,441.360092668036,96.2874333947554].
[623.279226065571,441.276040639486,96.5343450317295].
[623.35756991075,441.276040639486,96.6043549048829].
[623.279226065571,441.360092668036,96.4360126819229].
[623.112959907009,441.49867103535,96.1253107580314].
[623.012114384169,441.5827230639,95.9368605151595].
[622.989612706507,441.601477606491,95.8948115822875].
[622.989612706507,441.601477606491,95.8948115822875].
[622.989612706507,441.601477606491,95.8948115822875].
[622.944966716955,441.620244697396,95.85273451526].
[622.744877273547,441.704352963587,95.6641581838511].
[622.45963154171,441.824256960193,95.3953254421342].
[622.45963154171,441.824256960193,95.3953254421342].
[622.700231283996,441.723120054492,95.6220811168237].
[622.700231283996,441.723120054492,95.6220811168237].
[622.414985552159,441.843024051099,95.3532483751067].
[622.214896108751,441.92713231729,95.1646720436979].
[622.214896108751,441.92713231729,95.1646720436979].
[622.459601689886,441.824269508507,95.3952973079788].
[622.989449068088,441.601546392447,95.8946573595951].
[623.519209656081,441.378859758941,96.3939356148955].
[623.763811302446,441.276040639486,96.6244629247949].
[623.763811302446,441.276040639486,96.6244629247949].
[623.563855645632,441.360092668036,96.4360126819229].
[623.234184501048,441.49867103535,96.1253107580314].
[623.034228844234,441.5827230639,95.9368605151595].
[623.034228844234,441.5827230639,95.9368605151595].
[623.234184501047,441.49867103535,96.1253107580314].
[623.563855645632,441.360092668036,96.4360126819229].
[623.763811302446,441.276040639486,96.6244629247949].
[623.808427440173,441.257286096895,96.6665118576669].
[623.808427440173,441.257286096895,96.6665118576669].
[623.808427440173,441.257286096895,96.6665118576669].
[623.808427440173,441.257286096895,96.6665118576669].
[623.808427440173,441.257286096895,96.6665118576669].
[623.763811302446,441.276040639486,96.6244629247949].
[623.563855645632,441.360092668036,96.4360126819229].
[623.189538511496,441.517438126255,96.0832336910039].
[622.789493411275,441.685598420996,95.7062071167232].
[622.414985552159,441.843024051099,95.3532483751067].
[622.259542098302,441.908365226385,95.2067491107253].
[622.414985552159,441.843024051098,95.3532483751067].
[622.744877273548,441.704352963587,95.6641581838512].
[622.944966716955,441.620244697396,95.85273451526].
[622.989612706507,441.601477606491,95.8948115822875].
[622.989612706507,441.601477606491,95.8948115822875].
[623.034299823433,441.582882514717,95.9487991745075].
[623.234573586948,441.499545095156,96.1907547764938].
[623.564769200818,441.362144918879,96.5896721240537].
[623.765042964332,441.278807499317,96.83162772604].
[623.809730081259,441.260212407544,96.88561531826].
[623.809730081259,441.260212407544,96.88561531826].
[623.809730081259,441.260212407544,96.88561531826].
[623.809801343456,441.260372494102,96.8976015777747].
[623.810120718469,441.261089952279,96.9513202660359].
[623.810647278845,441.262272840837,97.0398874100061].
[623.810966653857,441.262990299014,97.0936060982673].
[623.811037916055,441.263150385572,97.105592357782].
[623.855610114371,441.244419414504,97.1479198333408].
[624.055368848407,441.160473026193,97.3376184179278].
[624.38471532222,441.022068830185,97.6503785093582].
[624.584409867013,440.938122441874,97.8279372339778].
[624.628694389102,440.919391470806,97.8158576318052].
[624.583640819916,440.937802904498,97.6839816503667].
[624.383491731669,441.020317225645,97.4286257181705].
[624.053710699451,441.156360342057,97.0513553700205].
[623.853395797345,441.238874663203,96.7741297512354].
[623.808569398571,441.257445547713,96.6903891763629].
[623.808745546874,441.258160156701,96.7200172167813].
[623.808951909458,441.259338347738,96.7547272813352].
[623.76420722506,441.27880207766,96.6897535916177].
[623.564353187471,441.362989258846,96.5125547337267].
[623.235186049833,441.501527565234,96.2769964502877].
[623.035579139746,441.585555295602,96.1413642921631].
[622.991040817931,441.604304416536,96.1111006669995].
[622.991040817931,441.604304416536,96.1111006669995].
[622.991040817931,441.604304416536,96.1111006669995].
[622.991040817931,441.604304416536,96.1111006669995].
[622.991040817931,441.604304416536,96.1111006669995].
[622.991040817931,441.604304416536,96.1111006669995].
[622.968922720427,441.573982195468,96.1330111578836].
[622.869796284585,441.438087428716,96.2312071654047].
[622.706364421324,441.214034836194,96.3931050117025].
[622.607237985482,441.078140069442,96.4913010192235].
[622.585119887978,441.047817848374,96.5132115101076].
[622.585119887978,441.047817848374,96.5132115101076].
[622.585119887978,441.047817848374,96.5132115101076].
[622.585119887978,441.047817848374,96.5132115101076].
[622.585119887978,441.047817848374,96.5132115101076].
[622.585119887978,441.047817848374,96.5132115101076].
[622.607547465544,441.047817848374,96.5215646443871].
[622.708060894797,440.998597633256,96.6028677237285].
[622.873779523598,440.778007933124,96.8611874365953].
[622.974292952852,440.414317002418,97.2227587845305].
[622.996720530418,440.193727302286,97.4277098538837].
[622.996720530418,440.144507087169,97.4715767826215].
[622.996720530418,440.144507087169,97.4715767826215].
[622.97421145777,440.193568336151,97.4076018339717].
[622.873332792902,440.41344559949,97.1208860058327].
[622.707011992373,440.775961920501,96.6481715213335].
[622.561480016503,441.014596095816,96.319386040897].
[622.338848687987,441.147719992193,96.0668679913529].
[622.008902867996,441.286315867025,95.7560129704646].
[621.808780612128,441.37037851442,95.5674698695702].
[621.764127301127,441.389135426396,95.5254002172728].
[621.764127301127,441.389135426396,95.5254002172728].
[621.764127301127,441.389135426396,95.5254002172728].
[621.764127301127,441.389135426396,95.5254002172728].
[621.764127301127,441.389135426396,95.5254002172728].
[621.764127301127,441.389135426396,95.5254002172728].
[621.764215355496,441.389288993423,95.5254002172728].
[621.7646099878,441.38997723309,95.5370014730144].
[621.765260626475,441.391111948467,95.5889946940741].
[621.765655258779,441.391800188134,95.6747170235673].
[621.765743313148,441.391953755161,95.7267102446269].
[621.765743313148,441.391953755161,95.7383115003685].
[621.765743313148,441.391953755161,95.7383115003685].
[621.765743313148,441.391953755161,95.7383115003685].
[621.765743313148,441.391953755161,95.7383115003685].
[621.765743313148,441.391953755161,95.7383115003685].
[621.765743313148,441.391953755161,95.7383115003685].
[621.765743313148,441.391953755161,95.7383115003685].
[621.743617886059,441.361621375533,95.7602293712503].
[621.644458601298,441.22568108128,95.8584584536263].
[621.480972579325,441.0015534266,96.0204108311409].
[621.381813294563,440.865613132348,96.1186399135168].
[621.35977988082,440.835439802887,96.1405577843986].
[621.38222566977,440.86632594574,96.1186399135168].
[621.4816524711,441.002728657203,96.0204108311409].
[621.622837562762,441.196220565212,95.8919934644452].
[621.622929576108,441.196379615379,95.9440578735299].
[621.482156859653,441.003600520763,96.1699320788672].
[621.383409950098,440.868373039902,96.3202255703279].
[621.361376536355,440.838199710442,96.3537605811468].
[621.361376536355,440.838199710442,96.3537605811468].
[621.361376536355,440.838199710442,96.3537605811468].
[621.361376536355,440.838199710442,96.3537605811468].
[621.361376536355,440.838199710442,96.3537605811468].
[621.361376536355,440.838199710442,96.3537605811468].
[621.406024162152,440.81946392319,96.3961305849783].
[621.6061209387,440.735495950241,96.5860197680599].
[621.936024750393,440.597056167183,96.8990941032823].
[622.136121526941,440.513088194235,97.0889832863639].
[622.180769152737,440.494352406983,97.1313532901953].
[622.180769152737,440.494352406983,97.1313532901953].
[622.180769152737,440.49451759898,97.1313532901953].
[622.180769152737,440.495257938148,97.1313532901953].
[622.136213908915,440.515208833698,97.1006469674754].
[621.936531159652,440.599892475748,96.9630307765513].
[621.607309963551,440.738456776741,96.736140035382].
[621.407627214289,440.822400079623,96.5985238444578].
[621.363071970467,440.841130362239,96.5678175217379].
[621.407713053265,440.822400079623,96.6103422485128].
[621.607780506127,440.738456776741,96.8009248517187].
[621.937635971237,440.600057667745,97.1151424434498].
[622.1377034241,440.516114364863,97.3057250466557].
[622.182344506897,440.497384082247,97.3482497734306].
[622.226955100503,440.478666592135,97.3907454564532].
[622.426885910289,440.394780621272,97.5811978945921].
[622.75651608905,440.256476036798,97.8952008804085].
[622.956446898835,440.172590065935,98.0856533185475].
[623.001057492441,440.153872575823,98.1281490015701].
[623.001057492441,440.153872575823,98.1281490015701].
[623.001057492441,440.153872575823,98.1281490015701].
[623.001057492441,440.153872575823,98.1281490015701].
[623.001057492441,440.153872575823,98.1281490015701].
[623.001057492441,440.153872575823,98.1281490015701].
[623.001057492441,440.153872575823,98.1281490015701].
[623.001057492441,440.153872575823,98.1281490015701].
[623.001057492441,440.153872575823,98.1281490015701].
[622.956446898835,440.172424873938,98.0856533185475].
[622.756430250074,440.25573569763,97.8833824763536].
[622.381767741916,440.412130603592,97.4740430744239].
[621.981105886575,440.579724482002,97.0063746026417].
[621.606206777675,440.73623628941,96.5978381721148].
[621.406024162152,440.819629115187,96.3961305849783].
[621.361376536355,440.838199710442,96.3537605811468].
[621.361284523009,440.838199710442,96.3421434412097].
[621.2713695316,440.875413364061,96.1942991947098].
[620.869566743024,441.042193388757,95.6792040455033].
[620.207814515696,441.317167163,94.9194170446117].
[619.806599605548,441.483947187695,94.4785444541725].
[619.717096989346,441.521160841315,94.3827646167574].
[619.672346592382,441.53994525398,94.3406178371532].
[619.471789227414,441.624131150912,94.1517290756514].
[619.096345655164,441.781727227637,93.7981291398541].
[618.695096556712,441.950155423988,93.4202250660121].
[618.319461429899,442.107831907596,93.0664447204646].
[618.118769696415,442.192074207015,92.8774294081244].
[618.073989317782,442.210871204775,92.8352543912115].
[618.073989317782,442.210871204775,92.8352543912115].
[618.073989317782,442.210871204775,92.8352543912115].
[618.073989317782,442.210871204775,92.8352543912115].
[618.073989317782,442.210871204775,92.8352543912115].
[618.073989317782,442.210871204775,92.8352543912115].
[618.073989317782,442.210871204775,92.8352543912115].
[618.073989317782,442.210871204775,92.8352543912115].
[618.073989317782,442.210871204775,92.8352543912115].
[618.02917892734,442.229680800283,92.7930511086027].
[617.828352690259,442.31397955889,92.6039091182025].
[617.497246201468,442.452964715298,92.2920666954472].
[617.341230354829,442.518453878396,92.1451279876559].
[617.519875645807,442.403800018361,92.3562121583384].
[617.952400267958,442.044473977043,92.9555346010448].
[618.36519447161,441.59689451468,93.6388273488656].
[618.712013237608,441.369327320774,94.0589347053164].
[619.065360080949,441.372075312396,94.2721642292405].
[619.243343524573,441.476449278908,94.3204415035273].
[619.164633681073,441.6125478644,94.1517290756514].
[618.89831717809,441.762930229877,93.8403041567671].
[618.633326039875,441.816748427632,93.6733858412434].
[618.51144564118,441.699434254805,93.7297037692502].
[618.534052439751,441.456271408639,93.9341839770274].
[618.734642681946,441.236032636354,94.221504148632].
[619.065360080949,441.066941221491,94.5548446151845].
[619.265950323144,440.982801034698,94.7437000791782].
[619.31070805601,440.964026821344,94.785839429104].
[619.31070805601,440.964026821344,94.785839429104].
[619.288564536204,440.933669429215,94.8078023674578].
[619.18932416551,440.79761703671,94.9062334282305].
[619.025704455435,440.573304563257,95.0685188118241].
[618.926464084741,440.437252170752,95.1669498725968].
[618.904320564935,440.406894778624,95.1889128109506].
[618.904320564935,440.406894778624,95.1889128109506].
[618.904320564935,440.406894778624,95.1889128109506].
[618.904320564935,440.406894778624,95.1889128109506].
[618.904320564935,440.406894778624,95.1889128109506].
[618.904320564935,440.406894778624,95.1889128109506].
[618.904320564935,440.406894778624,95.1889128109506].
[618.904320564935,440.406894778624,95.1889128109506].
[618.904210151234,440.406738281317,95.1777553045266].
[618.903605336827,440.406036909048,95.116637702958].
[618.902296612157,440.404880541669,94.9843886823611].
[618.878370233388,440.42279791029,94.8104440167264].
[618.776395932463,440.536461579189,94.5400051877947].
[618.609153408303,440.810175687367,94.1211130646725].
[618.507782392714,441.118074668707,93.7708828015926].
[618.485163461771,441.272832596843,93.6303239836094].
[618.440364645768,441.303209355496,93.5884716877079].
[618.239590281721,441.32200645055,93.4775989081362].
[617.908569317105,441.406249186007,93.2323678008804].
[617.707794953058,441.545141975859,92.9806933348249].
[617.640831420325,441.629384711317,92.8621043736743].
[617.518832354662,441.666991320286,92.7981790915221].
[617.25348437643,441.751289713217,92.6104530841516].
[616.986685679568,441.890274266729,92.3009452227362].
[616.862949319941,441.974572659661,92.1132192153657].
[616.840285622994,441.993382173576,92.0713318812771].
[616.840285622994,441.993382173576,92.0713318812771].
[616.840285622994,441.993382173576,92.0713318812771].
[616.795427582304,442.012204118663,92.0294168639282].
[616.594387791624,442.096558224244,91.8415667887923].
[616.262929212472,442.235634632386,91.5318543742132].
[616.061889421792,442.319988737967,91.3440042990773].
[616.017031381102,442.338810683055,91.3020892817283].
[616.017031381102,442.338810683055,91.3020892817283].
[616.017031381102,442.338810683055,91.3020892817283].
[616.017031381102,442.338810683055,91.3020892817283].
[616.017031381102,442.338810683055,91.3020892817283].
[616.017031381102,442.338810683055,91.3020892817283].
[615.994852245602,442.308403665973,91.3241420093282].
[615.895452256444,442.172128869855,91.4229754775835].
[615.731569380012,441.947449714836,91.5859243189531].
[615.632169390854,441.811174918719,91.6847577872085].
[615.609990255355,441.780767901637,91.7068105148083].
[615.609990255355,441.780767901637,91.7068105148083].
[615.609990255355,441.780767901637,91.7068105148083].
[615.609990255355,441.780767901637,91.7068105148083].
[615.609990255355,441.780767901637,91.7068105148083].
[615.609990255355,441.780767901637,91.7068105148083].
[615.609990255355,441.780767901637,91.7068105148083].
[615.609990255355,441.780767901637,91.7068105148083].
[615.609990255355,441.780767901637,91.7068105148083].
[615.609859352635,441.780633214228,91.696354440092].
[615.609272687346,441.78002958714,91.649493564317].
[615.608305439804,441.77903437432,91.5722330416633].
[615.607718774515,441.778296595957,91.5253721658884].
[615.607587871795,441.777560684248,91.5149160911721].
[615.607587871795,441.776569432956,91.5149160911721].
[615.607587871795,441.77610235993,91.5149160911721].
[615.607587871795,441.776569432956,91.5149160911721].
[615.607587871795,441.777560684248,91.5149160911721].
[615.607587871795,441.778161908548,91.5149160911721].
[615.607587871795,441.778296059822,91.5149160911721].
[615.607587871795,441.778296059822,91.5149160911721].
[615.607587871795,441.778296059822,91.5149160911721].
[615.607587871795,441.778296059822,91.5149160911721].
[615.607587871795,441.778296059822,91.5149160911721].
[615.607587871795,441.778296059822,91.5149160911721].
[615.607587871795,441.778296059822,91.5149160911721].
[615.585405764566,441.747884855357,91.5369985413646].
[615.485992457042,441.611591292688,91.6359652170387].
[615.322087622337,441.386881196857,91.7991336803132].
[615.222674314813,441.250587634188,91.8981003559873].
[615.200626195697,441.220315460345,91.930609045288].
[615.201226688756,441.220938552364,91.9773362071438].
[615.202216734435,441.221965857428,92.0543762728148].
[615.202817227494,441.222588949447,92.1011034346706].
[615.202951215607,441.222727980069,92.1115296737788].
[615.202951215607,441.222727980069,92.1115296737788].
[615.202951215607,441.222727980069,92.1115296737788].
[615.202951215607,441.222727980069,92.1115296737788].
[615.202951215607,441.222727980069,92.1115296737788].
[615.202951215607,441.222727980069,92.1115296737788].
[615.247823679679,441.203926220556,92.1534299067136].
[615.448928111474,441.119662580442,92.341213722702].
[615.82533609349,440.961945982903,92.692689453996].
[616.227412136001,440.79347435529,93.0681330626043].
[616.603630769467,440.635837095625,93.4194319872866].
[616.804602380183,440.551629108126,93.6070917799064].
[616.827280718165,440.502453239533,93.6710020618213].
[616.727946366918,440.366270274231,93.7697682811414].
[616.564171709105,440.141742522632,93.9326062477612].
[616.464837357858,440.005559557331,94.0313724670814].
[616.442672868156,439.975173030474,94.0534101894156].
[616.442672868156,439.975173030474,94.0534101894156].
[616.442672868156,439.975173030474,94.0534101894156].
[616.442672868156,439.975173030474,94.0534101894156].
[616.442672868156,439.975173030474,94.0534101894156].
[616.442672868156,439.975173030474,94.0534101894156].
[616.442672868156,439.975173030474,94.0534101894156].
[616.442672868156,439.975173030474,94.0534101894156].
[616.442672868156,439.975173030474,94.0534101894156].
[616.442672868156,439.975173030474,94.0534101894156].
[616.442672868156,439.975173030474,94.0534101894156].
[616.442672868156,439.975173030474,94.0534101894156].
[616.442672868156,439.975173030474,94.0534101894156].
[616.442672868156,439.975173030474,94.0534101894156].
[616.442672868156,439.975173030474,94.0534101894156].
[616.44280044239,439.975327360707,94.0641563463762].
[616.443372190441,439.976019020825,94.112317280575].
[616.444314843614,439.977159375574,94.1917212372054].
[616.444886591665,439.97769670546,94.2398821714041].
[616.445014165899,439.977159375574,94.2506283283648].
[616.489707014521,439.957252163812,94.2817197028441].
[616.690006465713,439.872453285731,94.4210615760298].
[617.020244431402,439.733629596224,94.6507974862502].
[617.220543882594,439.649522378262,94.7901393594358].
[617.265236731216,439.630755521248,94.8212307339151].
[617.265236731216,439.630755521248,94.8212307339151].
[617.265236731216,439.630755521248,94.8212307339151].
[617.265236731216,439.630755521248,94.8212307339151].
[617.265236731216,439.630755521248,94.8212307339151].
[617.265236731216,439.630755521248,94.8212307339151].
[617.265236731216,439.630755521248,94.8212307339151].
[617.22041630836,439.630755521248,94.8212307339151].
[616.97521647025,439.588749791409,94.8234683085541].
[616.445368675075,439.400493171095,94.8334964223575].
[615.916950676454,439.090110476833,94.8500299868903].
[615.673463077285,438.901853856519,94.8600581006938].
[615.629134438418,438.859848126679,94.8622956753328].
[615.629134438418,438.859848126679,94.8622956753328].
[615.629134438418,438.859848126679,94.8622956753328].
[615.629134438418,438.859848126679,94.8622956753328].
[615.629134438418,438.859848126679,94.8622956753328].
[615.629134438418,438.859848126679,94.8622956753328].
[615.629134438418,438.859848126679,94.8622956753328].
[615.629134438418,438.859848126679,94.8622956753328].
[615.629134438418,438.859848126679,94.8622956753328].
[615.629134438418,438.859848126679,94.8622956753328].
[615.629268398247,438.860011312603,94.8729819202495].
[615.629868764548,438.860742661171,94.9208743472959].
[615.630858601238,438.861948451111,94.9998356104728].
[615.631458967539,438.862679799679,95.0477280375192].
[615.631592927368,438.862842985602,95.0584142824359].
[615.631592927368,438.862842985602,95.0584142824359].
[615.631592927368,438.862842985602,95.0584142824359].
[615.676422562813,438.84410174473,95.1003905891386].
[615.877335050012,438.760109330351,95.2885153441011].
[616.208583741206,438.621629250186,95.5986806291531].
[616.454296062945,438.518908053345,95.8287537866887].
[616.699904627195,438.416230232811,96.0587297907216].
[617.030933117827,438.277842208533,96.368688890595].
[617.231588679167,438.193731441757,96.5456955645419].
[617.275835619082,438.17422200681,96.5383766543682].
[617.274924049954,438.172934928454,96.4571485878924].
[617.27437115533,438.172154275969,96.4078812751456].
[617.274247787863,438.171980088855,96.3968882517623].
[617.274247787863,438.171980088855,96.3968882517623].
[617.274247787863,438.171980088855,96.3968882517623].
[617.274247787863,438.171980088855,96.3968882517623].
[617.274247787863,438.171980088855,96.3968882517623].
[617.274247787863,438.171980088855,96.3968882517623].
[617.274247787863,438.171980088855,96.3968882517623].
[617.27437115533,438.172154275969,96.4078812751456].
[617.274924049954,438.172934928454,96.4571485878923].
[617.275835619081,438.17422200681,96.5383766543682].
[617.276388513706,438.175002659295,96.587643967115].
[617.276511881172,438.175176846408,96.5986369904983].
[617.276511881172,438.175176846408,96.5986369904983].
[617.276388513706,438.175002659295,96.5986369904983].
[617.275835619082,438.17422200681,96.5986369904983].
[617.252900972392,438.142747725338,96.6096665918682].
[617.153647491763,438.006677414584,96.6700608766957].
[616.99079436872,437.783448290176,96.800692160625].
[616.892093782715,437.648158631907,96.9311299288897].
[616.870070705153,437.617971428791,96.9912924709176].
[616.870070705153,437.617971428791,97.0022555118352].
[616.84792435613,437.617971428791,97.0022555118352].
[616.748671305766,437.587610170178,97.0242480587845].
[616.585030690448,437.45154044929,97.1228118160758].
[616.485777640083,437.227199406165,97.285315979242].
[616.46363129106,437.091129685277,97.3838797365333].
[616.46363129106,437.060768426664,97.4058722834826].
[616.46363129106,437.060768426664,97.4058722834826].
[616.46363129106,437.060768426664,97.4058722834826].
[616.46363129106,437.060768426664,97.4058722834826].
[616.46363129106,437.060768426664,97.4058722834826].
[616.46363129106,437.060768426664,97.4058722834826].
[616.46363129106,437.060768426664,97.4058722834826].
[616.46363129106,437.060768426664,97.4058722834826].
[616.46363129106,437.060768426664,97.4058722834826].
[616.46363129106,437.060768426664,97.4058722834826].
[616.46363129106,437.060768426664,97.4058722834826].
[616.46363129106,437.060768426664,97.4058722834826].
[616.46363129106,437.060768426664,97.4058722834826].
[616.441485038041,437.030407299667,97.4278647350941].
[616.342232417939,436.894338168641,97.5264280651116].
[616.178592512003,436.669998098034,97.6889315238223].
[616.0793398919,436.533928967008,97.7874948538398].
[616.057193638881,436.503567840011,97.8094873054513].
[616.057193638881,436.503567840011,97.8094873054513].
[616.057193638881,436.503567840011,97.8094873054513].
[616.057193638881,436.503567840011,97.8094873054513].
[616.057193638881,436.503567840011,97.8094873054513].
[616.057193638881,436.503567840011,97.8094873054513].
[616.035047481867,436.473206844629,97.8314796617259].
[615.935795292023,436.337138303462,97.9300425644723].
[615.772156095464,436.112799205367,98.0925453187325].
[615.672903905621,435.976730664199,98.191108221479].
[615.650757748606,435.946369668817,98.2131005777535].
[615.650757748606,435.946369668817,98.2131005777535].
[615.650757748606,435.946369668817,98.2131005777535].
[615.650757748606,435.946369668817,98.2131005777535].
[615.650757748606,435.946369668817,98.2131005777535].
[615.650757748606,435.946369668817,98.2131005777535].
[615.650757748606,435.946369668817,98.2131005777535].
[615.650757748606,435.946369668817,98.2131005777535].
[615.650757748606,435.946369668817,98.2131005777535].
[615.650757748606,435.946369668817,98.2131005777535].
[615.650757748606,435.946369668817,98.2131005777535].
[615.650757748606,435.946369668817,98.2131005777535].
[615.650757748606,435.946369668817,98.2131005777535].
[615.650757748606,435.946369668817,98.2131005777535].
[615.650757748606,435.946369668817,98.2131005777535].
[615.650757748606,435.946369668817,98.2131005777535].
[615.650757748606,435.946369668817,98.2131005777535].
[615.650757748606,435.946369668817,98.2131005777535].
[615.628611687594,435.91600880505,98.2350928386916].
[615.529359928007,435.779940853737,98.3336553141698].
[615.343575475812,435.525241995993,98.5181495295858].
[615.145072386891,435.253106683217,98.7152740532768].
[614.959288548061,434.998408666359,98.8997676595872].
[614.860037218727,434.862341304897,98.9983297078].
[614.837891253718,434.831980572743,99.0203218734023].
[614.837891253718,434.831980572743,99.0203218734023].
[614.837891253718,434.831980572743,99.0203218734023].
[614.837891253718,434.831980572743,99.0203218734023].
[614.81574538471,434.801619972201,99.0315304327317].
[614.716348348738,434.665347883066,99.0817637105729].
[614.552056340186,434.440091533184,99.1645843842467].
[614.451725627433,434.302507658897,99.2148176620878].
[614.384069203431,434.289890711165,99.1842826954887].
[614.182894147511,434.373330841131,98.9972011915772].
[613.851453492679,434.511238869598,98.6887559367236].
[613.650424573648,434.594884317083,98.5016744328121].
[613.605568958751,434.613548139176,98.4599309068835].
[613.605568958751,434.613548139176,98.4599309068835].
[613.605568958751,434.613548139176,98.4599309068835].
[613.605568958751,434.613548139176,98.4599309068835].
[613.605568958751,434.613548139176,98.4599309068835].
[613.605568958751,434.613548139176,98.4599309068835].
[613.583412805603,434.583173246687,98.4819601191796].
[613.484115816197,434.447042423007,98.5806881991556].
[613.320402757648,434.222600638406,98.7434632846273].
[613.221105768242,434.086469814726,98.8421913646033].
[613.198949615094,434.056094922237,98.8642205768995].
[613.176793575375,434.025720185253,98.8862496764159].
[613.077497094326,433.889590058502,98.9849772509483].
[612.913784873914,433.665149422943,99.1477515030843].
[612.814488392864,433.529019296191,99.2464790776167].
[612.792332353145,433.498644559208,99.2685081771331].
[612.792332353145,433.498644559208,99.2685081771331].
[612.792332353145,433.498644559208,99.2685081771331].
[612.792332353145,433.498644559208,99.2685081771331].
[612.792332353145,433.498644559208,99.2685081771331].
[612.837202361547,433.480000880074,99.3102369501359].
[613.038295787789,433.396445707068,99.4972523360209].
[613.369842797032,433.258686516056,99.8055885806777].
[613.570936223273,433.17513134305,99.9926039665628].
[613.615806231675,433.156487663916,100.034332739566].
[613.615806231675,433.156487663916,100.034332739566].
[613.615806231675,433.156487663916,100.034332739566].
[613.615806231675,433.156487663916,100.034332739566].
[613.593657502026,433.126123153762,100.056354349953].
[613.494393782435,432.990038860483,100.155048360536].
[613.330735576536,432.765673791544,100.317767275075].
[613.231471856946,432.629589498264,100.416461285659].
[613.209635020297,432.599662466749,100.459913680506].
[613.21103282775,432.601623109981,100.555959792991].
[613.21333742263,432.604855664182,100.714313061612].
[613.214735230083,432.606816307414,100.810359174097].
[613.215047123084,432.607253786053,100.831789958557].
[613.215047123084,432.607253786053,100.831789958557].
[613.215047123084,432.607253786053,100.831789958557].
[613.192904782032,432.595509044138,100.831789958557].
[613.093669694147,432.524261728451,100.853751727769].
[612.885183593789,432.354070302948,100.952177548815].
[612.384830186383,431.988520347966,101.184219415494].
[611.13475610552,431.107297756347,101.595310821012].
[609.455813317913,429.792678072796,102.132770989959].
[608.514591110486,429.006609091721,102.445436574431].
[608.314589036894,428.831213394086,102.515201696367].
[608.336745502147,428.854831826991,102.515201696367].
[608.458200434246,428.967439290887,102.500704184958].
[608.811068177752,429.202615482649,102.428252272324].
[609.520725768922,429.51763398523,102.284516427482].
[610.503072185913,429.89953804526,102.150406940787].
[611.252653046156,430.213164337456,102.079514231973].
[611.539464323218,430.347096252212,102.058159113847].
[611.583411512764,430.370202804467,102.05506283838].
[611.627708178595,430.43093073698,102.011020406519].
[611.826232061704,430.703094448387,101.813635921017].
[612.153542610526,431.151816548497,101.488203921262].
[612.262253649544,431.430835291112,101.229414632442].
[611.881874286537,431.522285342064,100.910174964687].
[611.118915422419,431.572937552215,100.45645142823].
[610.552640103465,431.603659670655,100.181254192335].
[610.363500538643,431.610514701862,100.119849389018].
[610.363500538643,431.640898894533,100.118511300952].
[610.462998073061,431.777285717584,100.102144698661].
[610.62752568411,432.002756732183,100.045783685515].
[610.728114556751,432.140512850368,99.9631644394172].
[610.728709276895,432.171857553471,99.915352545984].
[610.606625162416,432.1414733608,99.9166906340491].
[610.342274721225,431.973956309096,99.9911972506972].
[610.078421228099,431.611690384107,100.176464936602].
[609.956761415248,431.250048015062,100.391760260749].
[609.934598741643,431.083277696704,100.502226183134].
[609.934598741643,431.052893659636,100.524262099757].
[609.934598741643,431.052893659636,100.524262099757].
[609.934598741643,431.052893659636,100.524262099757].
[609.934598741643,431.052893659636,100.524262099757].
[609.934598741643,431.052893659636,100.524262099757].
[609.934598741643,431.052893659636,100.524262099757].
[609.934598741643,431.052893659636,100.524262099757].
[609.934598741643,431.052893659636,100.524262099757].
[609.934598741643,431.052893659636,100.524262099757].
[609.934598741643,431.052893659636,100.524262099757].
[609.934598741643,431.052893659636,100.524262099757].
[609.934598741643,431.052893659636,100.524262099757].
[609.934422734545,431.05267204064,100.514034295345].
[609.933633925458,431.051678813209,100.468196456094].
[609.932158093452,431.049820522203,100.382435590333].
[609.930583618791,431.047838025491,100.290942582015].
[609.92911226815,431.045985377188,100.205442129244].
[609.928326602577,431.044996107907,100.159786960177].
[609.883814701636,431.021224658276,100.149599914991].
[609.64012442302,430.91567768156,100.149599914991].
[609.110899096274,430.723037583343,100.152362384144].
[608.534764763449,430.534030115971,100.145398071647].
[608.087057358182,430.372876315945,100.079112551821].
[607.687256413647,430.277626912799,99.9678978096889].
[607.386091549805,430.206170119893,99.9706602788418].
[607.154987101928,430.088649922255,100.097019780483].
[606.956160184305,429.89952186192,100.196105766843].
[606.770073432742,429.663022429205,100.235875670242].
[606.670660306114,429.52672860913,100.248264097234].
[606.648478239249,429.496317347229,100.251028328933].
[606.648478239249,429.496317347229,100.251028328933].
[606.648478239249,429.496317347229,100.251028328933].
[606.648478239249,429.496317347229,100.251028328933].
[606.692654712739,429.496317347229,100.251028328933].
[606.890639931145,429.496317347229,100.231615933534].
[607.217062372015,429.495872321582,100.144615613245].
[607.370485437326,429.493877855002,100.001176334627].
[607.214948196337,429.490368349048,99.9141760143383].
[606.885484256891,429.487382593432,99.8851152774028].
[606.684911445938,429.485303208464,99.8418744105918].
[606.638932882211,429.484311919427,99.7705822737169].
[606.638073785736,429.484090732945,99.7273414069059].
[606.637691165302,429.483870423678,99.7176930653694].
[606.592450527188,429.422031111389,99.7525331840072].
[606.392120194169,429.147683693772,99.9086757629155].
[606.0633016284,428.697057829466,100.166111354024].
[605.8641911585,428.424117980116,100.322253932932].
[605.819610773752,428.363039153249,100.347579597572].
[605.818734890477,428.362022382533,100.304938773079].
[605.817290803092,428.360346011027,100.234635938737].
[605.816414919817,428.359329240311,100.191995114243].
[605.79402472905,428.328673153688,100.204734199119].
[605.672360217883,428.161869981887,100.31730139405].
[605.408892986542,427.800653967196,100.53925093167].
[605.145226597692,427.439205595287,100.743233246061].
[605.022667294117,427.27135801282,100.865219177228].
[604.976799319966,427.208773142696,100.960516670508].
[604.854023608128,427.040668567727,101.064043756203].
[604.589416896909,426.678110351014,101.184938792165].
[604.324213931309,426.314851319312,101.278970558137].
[604.200712711196,426.145889995176,101.344535786238].
[604.154403170519,426.082775614624,101.388879850004].
[604.052869175997,425.943968507621,101.377217015701].
[603.885985022979,425.715718824449,101.355241272965].
[603.760732244679,425.575373493445,101.375857992989].
[603.635456796425,425.541848515427,101.392538035875].
[603.378401383854,425.54685751395,101.277360788504].
[602.872941725389,425.574950667778,100.899705176002].
[602.182907392977,425.621663023792,100.358597410244].
[601.776955682405,425.649768355865,100.005982901153].
[601.549231144716,425.631392661862,99.8310088711126].
[600.941867629801,425.523369866022,99.6957408237461].
[599.898122784674,425.285176994265,99.5643951957877].
[599.091091290663,424.902609929931,99.4412412042875].
[598.62370346876,424.424362958382,99.3690727619798].
[598.397875215839,424.116160430516,99.3776438469078].
[598.226675137583,423.913547212435,99.396951433426].
[597.91284689946,423.683584916863,99.3600229287791].
[597.441843614787,423.551222066973,99.2179510478763].
[596.976754536932,423.580146416326,98.8798426249504].
[596.736757450306,423.794071656426,98.3141745331573].
[596.678887723816,424.178997774652,97.6851479292261].
[596.672156360098,424.538003761615,97.1354742524962].
[596.669823854905,424.699652894638,96.7414797805971].
[596.669398943121,424.72895636415,96.4709602452448].
[596.802952725315,424.750928895698,96.2821814463317].
[597.402099401749,424.850014501794,96.1403857298136].
[598.547647810999,425.067780702743,95.9757311355268].
[599.916844712739,425.417957504136,95.7178170119479].
[601.595020895952,425.923050522975,95.3474017716969].
[603.232365906249,426.487629707557,94.8210574031002].
[604.632441465048,427.208310702447,93.9967945773492].
[605.95721208195,428.038176303048,93.0287673345923].
[607.502455269945,428.65774929125,92.3272581133436].
[609.970706136766,428.333229297842,92.8662603232705].
[615.298681708264,425.814186440488,96.4578462435113].
[623.078407457296,421.590531298596,102.453524086881].
[627.715136395206,419.025461008088,106.047147291591].
[628.704397477114,418.466490705136,106.613658268296].
[628.457718175748,418.551894544206,106.009309635159].
[627.924336540984,418.742957980862,105.176057247463].
[627.390857458008,418.941146495482,104.412374882969].
[627.14265490602,419.05653507426,103.889276135803].
[627.091132149735,419.268718471426,103.364844297775].
[627.080940700522,420.084419752299,102.237548903547].
[627.074858383199,421.998362299322,100.01525395255].
[627.073508763027,424.858752207174,96.8762375551317].
[627.071688545925,428.02002979512,93.5120916673287].
[626.995872991024,430.956598026382,90.4576551436378].
[626.656641521814,433.254128392628,88.14058109959].
[625.957243706903,434.872284524171,86.6560662410132].
[624.900986470685,436.295089901956,85.4921913096979].
[623.100430272922,437.842082061815,84.0811149952556].
[620.63610421043,439.115603005946,82.6669297232231].
[618.574687993099,439.779382040194,81.8164114873548].
[644.266338954353,436.053708719639,95.0178411053429].
[763.221138058221,418.494245011272,155.958150723953].
[NaN,NaN,NaN].
[NaN,NaN,NaN].
[NaN,NaN,NaN].
[NaN,NaN,NaN].
[NaN,NaN,NaN].
[NaN,NaN,NaN].
[NaN,NaN,NaN].
[NaN,NaN,NaN].
[NaN,NaN,NaN].
[NaN,NaN,NaN].
[NaN,NaN,NaN].
[NaN,NaN,NaN].
[NaN,NaN,NaN].
[NaN,NaN,NaN].
[NaN,NaN,NaN].
[NaN,NaN,NaN].
[NaN,NaN,NaN].
[NaN,NaN,NaN].
[NaN,NaN,NaN].
[NaN,NaN,NaN].
[NaN,NaN,NaN].
[NaN,NaN,NaN].
[737.736452294886,414.223998067548,171.987073803828].
[614.900666881526,429.475916204917,101.50645462594].
[587.491691724287,432.945210794243,85.7780628370511].
[587.491264271355,432.968433179679,85.7658431372269].
[587.490308323336,432.967889956412,85.7385152212095].
[587.488732231505,432.966994332658,85.6934591047877].
[587.487776283486,432.966451109392,85.6661311887703].
[587.487350528015,432.966329899897,85.6539600146718].
[587.439733355928,433.034638437945,85.5249826085835].
[587.229025422447,433.37144265224,85.0013431298614].
[586.860908072521,434.013616374833,84.1204280050619].
[586.527004036806,434.584194799831,83.4113026234106].
[586.20595592582,435.020916354352,82.8074987859999].
[585.880989284141,435.606259218193,81.9961077112577].
[585.546900953431,436.267263308105,81.2261394782402].
[585.182831679616,436.811529081044,80.5424296517488].
[584.96725267426,437.428345970366,79.7072729327328].
[584.913364938267,438.052073586812,79.0158301193517].
[584.911322713147,438.365218953496,78.7326807100145].
[584.911322713147,438.426629084511,78.6871921366285].
[584.911322713147,438.426629084511,78.6871921366285].
[584.911126948767,438.426547145425,78.6818779574262].
[584.910249593686,438.426179919918,78.6580614585776].
[584.9088030797,438.425574467414,78.6187946903321].
[584.862130839189,438.444130172041,78.5554380375961].
[584.6566966373,438.528854922113,78.3729171828775].
[584.318122861624,438.668677514425,78.0807527676436].
[584.08982554363,438.741848305678,77.9035460921272].
[583.897308374911,438.708622759346,77.8640059382399].
[583.527061352293,438.603641775361,77.8601527467177].
[583.066192042509,438.454529167952,77.8379831888618].
[582.737394359959,438.249597366741,77.7875480959993].
[582.52449461632,438.077242242825,77.734067361725].
[582.422229877689,438.035781307348,77.6755903095358].
[582.373374287039,438.178950893771,77.4807620309134].
[582.262970790004,438.487176294067,77.0301824076071].
[582.081710704219,438.761051156613,76.4897222867942].
[581.967700271976,438.874677714544,76.1026645914853].
[581.867177810407,438.892361236609,75.8339740865716].
[581.551299351946,438.890832462687,75.5166195581987].
[581.011671076836,438.927278902728,75.0529066888176].
[580.541809284986,439.113482974633,74.3579142430391].
[580.035244606671,439.493201938834,73.363958790157].
[579.279242292987,439.92276351628,72.2412419947925].
[578.191399884425,440.392538943296,70.9761278565939].
[576.808946922527,440.997767375961,69.4851849930718].
[575.503412058335,441.792614101125,67.8550048597414].
[574.552969313875,442.919303325484,66.0582971164208].
[573.738174895412,444.471331376425,63.9628442407975].
[572.84292454481,446.363536553291,61.6016225232919].
[571.808483415269,448.721593399743,58.8259339148328].
[570.749949102171,451.490352651929,55.5226891567728].
[569.751243389511,453.696660661283,51.9895162504176].
[568.634483237486,454.618429607607,48.7161746289556].
[567.679590290103,454.790639322466,46.3673503539047].
