[494.107404205522,391.828959535124,89.284642375935].
[494.107404205522,392.404692271372,89.284642375935].
[494.107404205522,392.776185902424,89.284642375935].
[494.107404205522,392.875516721213,89.284642375935].
[494.107404205522,392.875516721213,89.284642375935].
[494.106249857873,392.874970018231,89.2741563232656].
[494.101076430628,392.872519865454,89.2271610956263].
[494.092546891086,392.868480246453,89.1496790641961].
[494.014697141762,392.903288068483,89.0268189305682].
[493.687830115774,393.06972002398,88.6763299579076].
[493.150820694862,393.376106958277,88.0923652722971].
[492.825108016524,393.682401916672,87.6475148529572].
[492.752431694444,393.949353638506,87.3987856446128].
[492.752431694444,394.088669938422,87.2883796563371].
[492.752431694444,394.119755606734,87.2344917115059].
[492.751814741971,394.119471822202,87.1684034455548].
[492.749049752818,394.117915009092,87.1078290408881].
[492.744491056388,394.114540921662,87.1022705519611].
[492.813855294866,394.042837185155,87.2321774112889].
[493.136499113521,393.735059536363,87.6795654295876].
[493.669466022861,393.229908609043,88.3815205860179].
[493.992726793988,392.923691932388,88.8038923248721].
[494.064856021619,392.855365756285,88.8981361986048].
[494.064856021619,392.855365756285,88.8981361986048].
[494.064856021619,392.855365756285,88.8981361986048].
[494.160113029756,392.81817274129,88.974529069406].
[494.587025321997,392.651485212494,89.3168981635275].
[495.290884698939,392.376663938207,89.8813693714359].
[495.71779699118,392.20997640941,90.2237384655574].
[495.813053999317,392.172783394415,90.3001313363586].
[495.813053999317,392.172783394415,90.3001313363586].
[495.813053999317,392.172783394415,90.3001313363586].
[495.765438272234,392.19137491315,90.2619451476644].
[495.504398107535,392.293297815725,90.0525998410491].
[494.939049420331,392.514037713103,89.5992094809707].
[494.373626438353,392.734806618809,89.1457595390191].
[494.089898210986,392.805689109128,88.959679487397].
[493.918376364024,392.653947153882,89.0493961786081].
[493.650111120017,392.285065826545,89.3264161833676].
[493.381847701813,391.916187009801,89.6034343027386].
[493.257969322379,391.745846564832,89.731355418228].
[493.212773022955,391.702284538768,89.7546913764266].
[493.06381348531,391.646318376746,89.7398198778074].
[492.683136141522,391.554045774981,89.6731704449865].
[492.229526831435,391.49807961296,89.5632841074145].
[491.993228327832,391.485591874265,89.4966346745936].
[491.945545263586,391.485591874265,89.4817631759744].
[491.945545263586,391.485591874265,89.4817631759744].
[491.945545263586,391.454510715906,89.5051046311096].
[491.945545263586,391.315214628197,89.6097137754749].
[491.970631120043,391.066977118222,89.8203851114292].
[492.083058128751,390.844424301649,90.0961948433977].
[492.268418929407,390.676076003485,90.4017983488708].
[492.380845938114,390.592819274622,90.5729989364741].
[492.380845938114,390.592819274622,90.5729989364741].
[492.268418929407,390.676076003485,90.4017983488708].
[492.060455518717,390.813343143291,90.1195362985329].
[491.846730639664,390.896599872154,89.9483357109297].
[491.65463282969,390.915176959399,89.9101356964003].
[491.575937569376,390.927672432575,89.9101356964003].
[491.65463282969,390.983673258137,89.9101356964003].
[491.821644783206,391.094588695601,89.8867942412651].
[491.922942653553,391.233884783311,89.7821850968998].
[491.945545263586,391.383710926936,89.6097137754749].
[491.945545263586,391.467006189083,89.5051046311096].
[491.945545263586,391.485591874265,89.4817631759744].
[491.945545263586,391.485591874265,89.4817631759744].
[491.945545263586,391.485591874265,89.4817631759744].
[491.897836596557,391.504187538782,89.4435358529829].
[491.684021184975,391.587527525202,89.2722128773434].
[491.331499167895,391.724931933514,88.9897490432468].
[491.117683756313,391.808271919934,88.8184260676073].
[491.069975089285,391.826867584451,88.7801987446158].
[491.069975089285,391.826867584451,88.7801987446158].
[491.069975089285,391.826867584451,88.7801987446158].
[491.069975089285,391.826867584451,88.7801987446158].
[491.070612790355,391.827167827137,88.7858682999226].
[491.143757456263,391.840989576079,88.8259879220716].
[491.464082464409,391.899411156149,88.9392799484964].
[491.989026184855,391.994238177778,89.0979080875281].
[492.309173684159,392.052586805818,89.2099363539327].
[492.382193834109,392.06635738158,89.2491694946702].
[492.382803751914,392.097721580622,89.2312547059735].
[492.382803751914,392.255617174585,89.103056264521].
[492.405398681182,392.568708234135,88.8254375087271].
[492.529257717735,392.858053581599,88.5478167676413].
[492.797479321928,393.028403189558,88.4196159487218].
[493.065702844213,393.139028681881,88.396228722609].
[493.189564177757,393.194829542134,88.396228722609].
[493.21215976676,393.207280397018,88.396228722609].
[493.21215976676,393.207280397018,88.396228722609].
[493.21215976676,393.207280397018,88.396228722609].
[493.21215976676,393.207280397018,88.396228722609].
[493.21215976676,393.207280397018,88.396228722609].
[493.21215976676,393.207280397018,88.396228722609].
[493.141907408769,393.194829542134,88.3816802113221].
[492.827058183792,393.139028681881,88.3164783072977].
[492.30795956951,393.047028616659,88.2089785412424].
[492.040767113521,392.972602329305,88.1817123746178].
[492.231729188975,392.858062505923,88.3750957555393].
[492.79733780676,392.637008869638,88.8253314817743].
[493.362873286111,392.415983817636,89.2755089883591].
[493.624000133338,392.313929079967,89.4833711601926].
[493.671631746082,392.29531348454,89.5212868727213].
[493.671631746082,392.29531348454,89.5212868727213].
[493.671631746082,392.29531348454,89.5212868727213].
[493.671631746082,392.29531348454,89.5067577034567].
[493.671631746082,392.29531348454,89.4416424843627].
[493.60140520407,392.282853705332,89.3342856375961].
[493.286671678282,392.227012849037,89.2691704185021].
[492.767763819714,392.134946841489,89.2546412492376].
[492.405368254276,392.079105985194,89.2457269740286].
[492.121535270091,392.066646205986,89.2001538212834].
[491.769357785324,392.085263155126,89.0912968975336].
[491.556379188856,392.168992448574,88.9300646852131].
[491.511530958438,392.307871370129,88.7644865377161].
[491.516170145572,392.39347850917,88.6791255220084].
[491.541579647829,392.44449275651,88.6379183840104].
[491.665451885194,392.614872468587,88.5095639860366].
[491.930909145084,392.982536758705,88.2260504722532].
[492.194569152585,393.349657578659,87.9231872120747].
[492.268624001166,393.538682804823,87.7215158223839].
[492.032114061402,393.673537256357,87.4908141768815].
[491.47086131489,393.894914333259,87.0773888907289].
[490.90707654915,394.114455109149,86.6533067772536].
[490.620777309526,394.184292219677,86.4690552605027].
[490.444269964362,394.032164265391,86.5332692269937].
[490.172899865597,393.66296761296,86.7678225756822].
[489.903830277098,393.29377360278,87.0194139884709].
[489.779884523411,393.123287655786,87.1418621714347].
[489.757273774903,393.092186833395,87.1652689149723].
[489.757273774903,393.092186833395,87.1652689149723].
[489.757273774903,393.092186833395,87.1652689149723].
[489.757273774903,393.092186833395,87.1652689149723].
[489.757273774903,393.092186833395,87.1652689149723].
[489.757273774903,393.092186833395,87.1652689149723].
[489.757273774903,393.092186833395,87.1652689149723].
[489.757273774903,393.092186833395,87.1652689149723].
[489.757273774903,393.092186833395,87.1652689149723].
[489.712054259932,393.029987914891,87.2120803502266].
[489.509394453919,392.751231701647,87.4218746479725].
[489.175264921031,392.291640403531,87.7677669691378].
[488.972605115018,392.012884190286,87.9775612668838].
[488.927385600047,391.950685271782,88.0243727021381].
[488.927385600047,391.950685271782,88.0243727021381].
[488.927385600047,391.950685271782,88.0243727021381].
[488.927385600047,391.950685271782,88.0243727021381].
[488.927385600047,391.950685271782,88.0243727021381].
[488.927385600047,391.950685271782,88.0243727021381].
[488.927385600047,391.950685271782,88.0243727021381].
[488.927385600047,391.950685271782,88.0243727021381].
[488.927385600047,391.950685271782,88.0243727021381].
[488.927385600047,391.950685271782,88.0243727021381].
[488.927385600047,391.950685271782,88.0243727021381].
[488.927385600047,391.950685271782,88.0243727021381].
[488.927385600047,391.950685271782,88.0243727021381].
[488.927385600047,391.950685271782,88.0243727021381].
[488.927385600047,391.950685271782,88.0243727021381].
[488.927385600047,391.950685271782,88.0243727021381].
[488.927385600047,391.950685271782,88.0243727021381].
[488.927385600047,391.950685271782,88.0243727021381].
[488.927385600047,391.950685271782,88.0243727021381].
[488.927385600047,391.950685271782,88.0243727021381].
[488.927385600047,391.950685271782,88.0243727021381].
[488.927385600047,391.950685271782,88.0243727021381].
[488.927385600047,391.950685271782,88.0243727021381].
[488.927385600047,391.950685271782,88.0243727021381].
[488.927385600047,391.950685271782,88.0243727021381].
[488.927385600047,391.950685271782,88.0243727021381].
[488.927385600047,391.950685271782,88.0243727021381].
[488.927385600047,391.950685271782,88.0243727021381].
[488.927385600047,391.950685271782,88.0243727021381].
[488.927385600047,391.950685271782,88.0243727021381].
[488.927385600047,391.950685271782,88.0243727021381].
[488.927385600047,391.950685271782,88.0243727021381].
[488.927385600047,391.950685271782,88.0243727021381].
[488.927385600047,391.950685271782,88.0243727021381].
[488.927385600047,391.950685271782,88.0243727021381].
[488.927385600047,391.950685271782,88.0243727021381].
[488.927385600047,391.950685271782,88.0243727021381].
[488.927385600047,391.950685271782,88.0243727021381].
[488.927385600047,391.950685271782,88.0243727021381].
[488.927385600047,391.950685271782,88.0243727021381].
[488.927385600047,391.950685271782,88.0243727021381].
[488.927385600047,391.950685271782,88.0243727021381].
[488.927385600047,391.950685271782,88.0243727021381].
[488.927385600047,391.950685271782,88.0243727021381].
[488.927385600047,391.950685271782,88.0243727021381].
[488.927385600047,391.950685271782,88.0243727021381].
[488.927385600047,391.950685271782,88.0243727021381].
[488.927385600047,391.950685271782,88.0243727021381].
[488.927385600047,391.950685271782,88.0243727021381].
[488.927385600047,391.950685271782,88.0243727021381].
[488.927385600047,391.950685271782,88.0243727021381].
[488.927385600047,391.950685271782,88.0243727021381].
[488.927385600047,391.950685271782,88.0243727021381].
[488.927385600047,391.950685271782,88.0243727021381].
[488.927385600047,391.950685271782,88.0243727021381].
[488.927385600047,391.950685271782,88.0243727021381].
[488.928064388669,391.950999454415,88.030320253445].
[488.931106508216,391.952407523287,88.0569753291323].
[488.936122115421,391.954729036386,88.1009221193901].
[488.939164234968,391.956137105257,88.1275771950775].
[488.93984302359,391.95645128789,88.1335247463844].
[488.93984302359,391.95645128789,88.1335247463844].
[488.940518970562,391.95645128789,88.1394473991333].
[488.943548354718,391.95645128789,88.1659908872257].
[488.948542964814,391.956764155243,88.2097537006422].
[488.95157234897,391.958166329439,88.2362971887345].
[488.952248295942,391.960478123861,88.2422198414835].
[488.952248295942,391.961880298058,88.2422198414835].
[488.952248295942,391.962193165411,88.2422198414835].
[488.952248295942,391.962193165411,88.2422198414835].
[488.952248295942,391.962193165411,88.2422198414835].
[488.929648884838,391.931103020411,88.2656676339692].
[488.828365351098,391.791766657369,88.3707533492763].
[488.661377034649,391.562039831841,88.5440104033497].
[488.582692912013,391.453793613799,88.625648326171].
[488.661377034649,391.56203983184,88.5440104033497].
[488.828365351098,391.791766657369,88.3707533492763].
[488.929648884838,391.931103020411,88.2656676339692].
[488.952248295942,391.962193165411,88.2422198414835].
[488.952248295942,391.962193165411,88.2422198414835].
[488.952248295942,391.962193165411,88.2422198414835].
[488.974848398833,391.993284262106,88.2187713312408].
[489.076135032948,392.132624890353,88.1136823991704].
[489.243128461052,392.362358748016,87.9404200415509].
[489.344415095168,392.501699376262,87.8353311094805].
[489.367015198059,392.532790472958,87.8118825992379].
[489.367015198059,392.532790472958,87.8118825992379].
[489.367015198059,392.532790472958,87.8118825992379].
[489.367015198059,392.532790472958,87.8118825992379].
[489.367015198059,392.532790472958,87.8118825992379].
[489.367015198059,392.532790472958,87.8118825992379].
[489.367015198059,392.532790472958,87.8118825992379].
[489.367015198059,392.532790472958,87.8118825992379].
[489.367015198059,392.532790472958,87.8118825992379].
[489.367015198059,392.532790472958,87.8118825992379].
[489.367015198059,392.532790472958,87.8118825992379].
[489.367015198059,392.532790472958,87.8118825992379].
[489.367015198059,392.532790472958,87.8118825992379].
[489.367015198059,392.532790472958,87.8118825992379].
[489.367015198059,392.532790472958,87.8118825992379].
[489.367015198059,392.532790472958,87.8118825992379].
[489.367015198059,392.532790472958,87.8118825992379].
[489.367015198059,392.532790472958,87.8118825992379].
[489.367015198059,392.532790472958,87.8118825992379].
[489.367015198059,392.532790472958,87.8118825992379].
[489.367015198059,392.532790472958,87.8118825992379].
[489.367015198059,392.532790472958,87.8118825992379].
[489.367015198059,392.532790472958,87.8118825992379].
[489.367015198059,392.532790472958,87.8118825992379].
[489.344415095168,392.52034122219,87.8118825992379].
[489.243128461052,392.445905705163,87.8353311094805].
[489.076135032948,392.270370535704,87.9404200415509].
[488.974848398833,392.076831219254,88.1136823991704].
[488.952248295942,391.980835011339,88.2187713312408].
[488.952248295942,391.962193165411,88.2422198414835].
[488.952248295942,391.962193165411,88.2422198414835].
[488.952248295942,391.962193165411,88.2422198414835].
[488.952248295942,391.962193165411,88.2422198414835].
[488.952248295942,391.962193165411,88.2422198414835].
[488.952248295942,391.962193165411,88.2422198414835].
[488.952248295942,391.962193165411,88.2422198414835].
[488.952248295942,391.962193165411,88.2422198414835].
[488.952248295942,391.962193165411,88.2422198414835].
[488.952248295942,391.962193165411,88.2422198414835].
[488.952248295942,391.962193165411,88.2422198414835].
[488.952248295942,391.962193165411,88.2422198414835].
[488.952248295942,391.962193165411,88.2422198414835].
[488.952248295942,391.962193165411,88.2422198414835].
[488.952248295942,391.962193165411,88.2422198414835].
[488.952248295942,391.962193165411,88.2422198414835].
[488.952248295942,391.962193165411,88.2422198414835].
[488.952248295942,391.962193165411,88.2422198414835].
[488.952248295942,391.962193165411,88.2422198414835].
[488.952248295942,391.962193165411,88.2422198414835].
[488.952248295942,391.962193165411,88.2422198414835].
[488.952248295942,391.962193165411,88.2422198414835].
[488.952248295942,391.962193165411,88.2422198414835].
[488.952248295942,391.962193165411,88.2422198414835].
[488.952248295942,391.962193165411,88.2422198414835].
[488.952248295942,391.962193165411,88.2422198414835].
[488.952248295942,391.962193165411,88.2422198414835].
[488.905236767352,391.980835011339,88.2105967730321].
[488.694545713491,392.064699663565,88.0688720127829].
[488.347174891444,392.203869119478,87.8352073859753].
[488.136483837582,392.289763543384,87.6934826257262].
[488.089472308992,392.309829199873,87.6618595572748].
[488.089472308992,392.310146894952,87.6618595572748].
[488.089472308992,392.310146894952,87.6618595572748].
[488.089472308992,392.310146894952,87.6618595572748].
[488.089472308992,392.310146894952,87.6618595572748].
[488.089472308992,392.310146894952,87.6618595572748].
[488.089472308992,392.310146894952,87.6618595572748].
[488.089472308992,392.310146894952,87.6618595572748].
[488.041763072417,392.328804490015,87.6243192338533].
[487.827945108303,392.412422029885,87.4560751766781].
[487.475418882809,392.550284046474,87.1786876209444].
[487.261600918695,392.633901586345,87.0104435637692].
[487.213891682119,392.652559181408,86.9729032403477].
[487.214604210111,392.652559181408,86.9790773072322].
[487.217797539021,392.652881580831,87.0067475553078].
[487.223062448321,392.654326474802,87.0523680818755].
[487.226255777232,392.656708702225,87.0800383299511].
[487.226968305223,392.658153596196,87.0862123968355].
[487.226968305223,392.658475995619,87.0862123968355].
[487.226968305223,392.658475995619,87.0862123968355].
[487.226968305223,392.658475995619,87.0862123968355].
[487.226968305223,392.658475995619,87.0862123968355].
[487.226255777232,392.658153596196,87.0800383299511].
[487.223062448321,392.656708702225,87.0523680818755].
[487.217797539021,392.654326474802,87.0067475553077].
[487.214604210111,392.652881580831,86.9790773072322].
[487.213891682119,392.652559181408,86.9729032403477].
[487.213891682119,392.652559181408,86.9729032403477].
[487.213891682119,392.652559181408,86.9729032403477].
[487.213891682119,392.652559181408,86.9729032403477].
[487.213891682119,392.652559181408,86.9729032403477].
[487.213891682119,392.652559181408,86.9729032403477].
[487.213891682119,392.652559181408,86.9729032403477].
[487.214604210111,392.652559181408,86.9790773072322].
[487.264794247606,392.634217955612,87.0381138118448].
[487.480683792109,392.552018284426,87.2243081475122].
[487.83182975103,392.416493938096,87.489768999722].
[488.046265167804,392.33429426691,87.6635126658061].
[488.097678719147,392.315953041114,87.7333638807322].
[488.050682010563,392.33429426691,87.7019976241951].
[487.8356405326,392.416493938096,87.5229388567065].
[487.485280962828,392.552018284426,87.2641760374406].
[487.273252485816,392.634217955612,87.1114045864882].
[487.223062448321,392.652559181408,87.0523680818755].
[487.217797539021,392.652559181408,87.0067475553077].
[487.214604210111,392.652559181408,86.9790773072322].
[487.213891682119,392.652559181408,86.9729032403477].
[487.213891682119,392.652559181408,86.9729032403477].
[487.213891682119,392.652559181408,86.9729032403477].
[487.213891682119,392.652559181408,86.9729032403477].
[487.261600918695,392.634217955612,87.0104435637692].
[487.476110196626,392.552018284426,87.1847111959128].
[487.831734675698,392.416493938096,87.4890945417465].
[488.050660796389,392.33429426691,87.701847132279].
[488.172385735073,392.328687282672,87.7663832458006].
[488.513494006302,392.416838568793,87.7686006489351].
[489.13873493831,392.650225170587,87.7515425702277].
[489.623461527762,392.936950715596,87.7234185530255].
[489.795606902711,393.088977533699,87.706360474318].
[489.795606902711,393.088977533699,87.7260675796135].
[489.694378976293,392.949684957154,87.8314467767315].
[489.527482340819,392.720030323355,88.0051877005092].
[489.378616610962,392.586988185864,88.0733392066951].
[489.094869831851,392.583920335345,87.9162886306057].
[488.529265377463,392.642523091193,87.5797182471892].
[487.963590712403,392.744866645463,87.2879650360847].
[487.702346856619,392.926581879367,87.0838098312084].
[487.654684903951,393.120246508864,86.8962566009239].
[487.654684903951,393.216372573477,86.7908219736649].
[487.654684903951,393.23505038719,86.7672963283994].
[487.654684903951,393.23505038719,86.7672963283994].
[487.654684903951,393.23505038719,86.7672963283994].
[487.632088746705,393.203954662441,86.7846736454502].
[487.530110238167,393.064272237307,86.8625533773487].
[487.359965948212,392.833065312256,86.9909553478862].
[487.253454036495,392.691331646206,87.0688350797847].
[487.227677862802,392.658797051012,87.0862123968355].
[487.131519082972,392.695831885459,87.0113753589892].
[486.703745346841,392.863249368669,86.6759790244166].
[485.998465689034,393.139274134325,86.1230039534919].
[485.666141175153,393.269335727695,85.8624446567657].
[485.998465689034,393.139274134325,86.1230039534919].
[486.703745346841,392.863249368669,86.6759790244166].
[487.131519082972,392.695831885459,87.0113753589892].
[487.226968305223,392.658475995619,87.0862123968355].
[487.226968305223,392.658475995619,87.0862123968355].
[487.226968305223,392.658475995619,87.0862123968355].
[487.226968305223,392.658475995619,87.0862123968355].
[487.226968305223,392.658475995619,87.0862123968355].
[487.226968305223,392.658475995619,87.0862123968355].
[487.226968305223,392.658475995619,87.0862123968355].
[487.226968305223,392.658475995619,87.0862123968355].
[487.226968305223,392.658475995619,87.0862123968355].
[487.249569187047,392.658475995619,87.0862123968355].
[487.350859312097,392.689575739362,87.0627079216417].
[487.517858495779,392.828955120986,86.9573681720615].
[487.619148620829,393.058752872167,86.7836922862784].
[487.641749502653,393.198132253791,86.6783525366982].
[487.641749502653,393.229231997535,86.6548480615044].
[487.712029104137,393.241652618127,86.668745875863].
[488.027000425977,393.29731797768,86.7310315585755].
[488.546300343956,393.389094640018,86.8337232885237].
[488.861271665796,393.444759999571,86.9019650340089].
[488.909638451465,393.426399222257,86.9523549960753].
[488.741173914412,393.276028656653,87.0402804188291].
[488.264383885764,392.992929964552,87.1393784562313].
[487.647036343066,392.76322066871,87.1892502598017].
[487.310248523948,392.67678605464,87.1990491860789].
[487.239990414034,392.664687863354,87.1990491860789].
[487.239990414034,392.666120747862,87.1990491860789].
[487.193027197774,392.687168170512,87.1680624852697].
[486.982552664754,392.772341395053,87.0291897269271].
[486.587845030933,392.929419986475,86.7630991436572].
[486.163621741317,393.096942778108,86.4578297285608].
[485.764246403473,393.253761683653,86.1525013203884].
[485.550497646878,393.337544135253,85.9861046636347].
[485.502803852587,393.356238527096,85.948976550965].
[485.502803852587,393.356238527096,85.948976550965].
[485.502803852587,393.356238527096,85.948976550965].
[485.502803852587,393.356238527096,85.948976550965].
[485.502803852587,393.356238527096,85.948976550965].
[485.502803852587,393.356238527096,85.948976550965].
[485.502803852587,393.356238527096,85.948976550965].
[485.502803852587,393.356238527096,85.948976550965].
[485.502803852587,393.356238527096,85.948976550965].
[485.502803852587,393.356238527096,85.948976550965].
[485.502803852587,393.356238527096,85.948976550965].
[485.502803852587,393.356238527096,85.948976550965].
[485.502803852587,393.356238527096,85.948976550965].
[485.502803852587,393.356238527096,85.948976550965].
[485.502803852587,393.356238527096,85.948976550965].
[485.502803852587,393.356238527096,85.948976550965].
[485.502803852587,393.356238527096,85.948976550965].
[485.502803852587,393.356238527096,85.948976550965].
[485.502803852587,393.356238527096,85.948976550965].
[485.502803852587,393.356238527096,85.948976550965].
[485.502803852587,393.356238527096,85.948976550965].
[485.455086067882,393.374942322389,85.9118297625151].
[485.241229793707,393.458766917328,85.7453494067206].
[484.888640405601,393.596970310011,85.4708697029686].
[484.674784131426,393.68079490495,85.3043893471742].
[484.627066346721,393.699498700244,85.2672425587242].
[484.627066346721,393.699498700244,85.2672425587242].
[484.627066346721,393.699498700244,85.2672425587242].
[484.627066346721,393.699498700244,85.2672425587242].
[484.627066346721,393.699498700244,85.2672425587242].
[484.627066346721,393.699498700244,85.2672425587242].
[484.627066346721,393.699498700244,85.2672425587242].
[484.627066346721,393.699498700244,85.2672425587242].
[484.627066346721,393.699498700244,85.2672425587242].
[484.627066346721,393.699498700244,85.2672425587242].
[484.627066346721,393.699498700244,85.2672425587242].
[484.627066346721,393.699498700244,85.2672425587242].
[484.627066346721,393.699498700244,85.2672425587242].
[484.627066346721,393.699498700244,85.2672425587242].
[484.627066346721,393.699498700244,85.2672425587242].
[484.627066346721,393.699498700244,85.2672425587242].
[484.627066346721,393.699498700244,85.2672425587242].
[484.627066346721,393.699498700244,85.2672425587242].
[484.627066346721,393.699498700244,85.2672425587242].
[484.627066346721,393.699498700244,85.2672425587242].
[484.627066346721,393.699498700244,85.2672425587242].
[484.627066346721,393.699498700244,85.2672425587242].
[484.627066346721,393.699498700244,85.2672425587242].
[484.627066346721,393.699498700244,85.2672425587242].
[484.627066346721,393.699498700244,85.2672425587242].
[484.627066346721,393.699498700244,85.2672425587242].
[484.627066346721,393.699498700244,85.2672425587242].
[484.627066346721,393.699498700244,85.2672425587242].
[484.674784131426,393.68079490495,85.3043893471742].
[484.888640405601,393.596970310011,85.4708697029686].
[485.241229793707,393.458766917328,85.7453494067206].
[485.455086067882,393.374942322389,85.9118297625151].
[485.502803852587,393.356238527096,85.948976550965].
[485.502803852587,393.356238527096,85.948976550965].
[485.502803852587,393.356238527096,85.948976550965].
[485.502803852587,393.356238527096,85.948976550965].
[485.502803852587,393.356238527096,85.948976550965].
[485.502803852587,393.356238527096,85.948976550965].
[485.502803852587,393.356238527096,85.948976550965].
[485.548743634493,393.356238527096,85.948976550965].
[485.804758959509,393.350265269654,86.005743736717].
[486.368866483444,393.292407249605,86.2837243219312].
[486.945149259959,393.108944942082,86.8088033871054].
[487.215744940129,392.852465623411,87.2373593890065].
[487.265872446687,392.707166792773,87.399749719833].
[487.240815367221,392.725865729167,87.3627825428049].
[487.128517328043,392.94899412123,87.0914840044818].
[486.918298735101,393.36668384198,86.5836212010779].
[486.693642836836,393.813059484103,86.0408796067356].
[486.483338965163,394.230918647758,85.5328107801889].
[486.370981106077,394.454165897819,85.2613677241697].
[486.345910678985,394.503979092478,85.2008005916089].
[486.345174095165,394.503657222626,85.1944473208191].
[486.341872955511,394.502214702031,85.1659739365598].
[486.336430296347,394.499836387642,85.1190292622825].
[486.333129156693,394.498393867047,85.0905558780231].
[486.332392572873,394.498071997195,85.0905558780231].
[486.332392572873,394.498071997195,85.1190292622825].
[486.287189374788,394.435854993435,85.2067410603967].
[486.084602695983,394.157017727692,85.4179200179855].
[485.750593729478,393.697292796599,85.7255038537987].
[485.548007050673,393.418455530856,85.9082094271281].
[485.455086067882,393.374942322389,85.9118297625151].
[485.241229793707,393.458766917328,85.7453494067206].
[484.888640405601,393.596970310011,85.4708697029686].
[484.674784131426,393.68079490495,85.3043893471742].
[484.627066346721,393.699498700244,85.2672425587242].
[484.674784131426,393.699498700244,85.2808295432105].
[484.911241627299,393.711902887458,85.3417221830812].
[485.365122663662,393.767494597725,85.4421171736653].
[485.745980632864,393.859149832916,85.503009813536].
[485.894990065828,393.914741543182,85.5165967980222].
[485.917591287525,393.927145730397,85.5165967980222].
[485.917591287525,393.927145730397,85.5165967980222].
[485.917591287525,393.927145730397,85.5165967980222].
[485.917591287525,393.927145730397,85.5165967980222].
[485.917591287525,393.927145730397,85.5165967980222].
[485.917591287525,393.927145730397,85.5165967980222].
[485.894990065828,393.896037747889,85.540156601986].
[485.79369841757,393.756621442684,85.6457443179097].
[485.626696722543,393.526762814809,85.8198290310776].
[485.525405074285,393.387346509603,85.9254167470013].
[485.502803852587,393.356238527096,85.948976550965].
[485.455086067882,393.374942322389,85.9118297625151].
[485.241229793707,393.458766917328,85.7453494067206].
[484.888640405601,393.596970310011,85.4708697029686].
[484.674784131426,393.68079490495,85.3043893471742].
[484.627066346721,393.699498700244,85.2672425587242].
[484.627066346721,393.699498700244,85.2672425587242].
[484.605233673191,393.668723594021,85.2908081214499].
[484.507386418858,393.530799136827,85.4029868738941].
[484.34606356936,393.303400150501,85.6065374473888].
[484.248216315027,393.165475693307,85.760661806891].
[484.226383641498,393.134700587085,85.8136506781289].
[484.226383641498,393.134700587085,85.8202159056693].
[484.226383641498,393.134700587085,85.8202159056693].
[484.226383641498,393.134700587085,85.8202159056693].
[484.226383641498,393.134700587085,85.8202159056693].
[484.226383641498,393.134700587085,85.8202159056693].
[484.226383641498,393.134700587085,85.8202159056693].
[484.226383641498,393.134700587085,85.8202159056693].
[484.226383641498,393.134700587085,85.8202159056693].
[484.226383641498,393.134700587085,85.8202159056693].
[484.226383641498,393.134700587085,85.8202159056693].
[484.226383641498,393.134700587085,85.8202159056693].
[484.226383641498,393.134700587085,85.8202159056693].
[484.226383641498,393.134700587085,85.8202159056693].
[484.226383641498,393.134700587085,85.8202159056693].
[484.226383641498,393.134700587085,85.8202159056693].
[484.226383641498,393.134700587085,85.8202159056693].
[484.226383641498,393.134700587085,85.8202159056693].
[484.178658825654,393.153411356794,85.7832064188285].
[483.9647710401,393.2372672089,85.6173414061551].
[483.612129698516,393.375522135939,85.3438762316957].
[483.398241912962,393.459377988045,85.1780112190224].
[483.350517097118,393.478088757755,85.1410017321816].
[483.350517097118,393.478088757755,85.1410017321816].
[483.350517097118,393.478088757755,85.1410017321816].
[483.350517097118,393.478088757755,85.1410017321816].
[483.350517097118,393.478088757755,85.1410017321816].
[483.350517097118,393.478088757755,85.1410017321816].
[483.350517097118,393.478088757755,85.1410017321816].
[483.350517097118,393.478088757755,85.1410017321816].
[483.351308338616,393.478432996725,85.1476884649369].
[483.354854436987,393.479975768754,85.177656322043].
[483.360700964801,393.482519369815,85.2270649654911].
[483.364247063173,393.484062141845,85.2570328225972].
[483.36503830467,393.484406380815,85.2637195553526].
[483.364247063173,393.484062141845,85.2570328225972].
[483.360700964801,393.482519369815,85.2270649654911].
[483.354854436987,393.479975768754,85.177656322043].
[483.351308338615,393.478432996725,85.1476884649369].
[483.350517097118,393.478088757755,85.1410017321816].
[483.350517097118,393.478088757755,85.1410017321816].
[483.350517097118,393.478088757755,85.1410017321816].
[483.350517097118,393.478088757755,85.1410017321816].
[483.350517097118,393.478088757755,85.1410017321816].
[483.350517097118,393.478088757755,85.1410017321816].
[483.350517097118,393.478088757755,85.1410017321816].
[483.350517097118,393.478088757755,85.1410017321816].
[483.350517097118,393.478088757755,85.1410017321816].
[483.350517097118,393.478088757755,85.1410017321816].
[483.350517097118,393.478088757755,85.1410017321816].
[483.327912585613,393.446970849881,85.157858386483].
[483.225806669515,393.307160113094,85.2334046698283].
[483.055197448179,393.07565978272,85.3579594341021].
[482.947983328723,392.933613200986,85.4335057174474].
[482.921795599477,392.900926929695,85.4503623717489].
[482.920996075529,392.900576980515,85.4503623717489].
[482.920996075529,392.900576980515,85.4503623717489].
[482.920996075529,392.900576980515,85.4503623717489].
[482.920996075529,392.900576980515,85.4503623717489].
[482.920996075529,392.900576980515,85.4503623717489].
[482.920996075529,392.900576980515,85.4503623717489].
[482.920996075529,392.900576980515,85.4503623717489].
[482.920996075529,392.900576980515,85.4503623717489].
[482.968747646876,392.881880054133,85.4875147524366].
[483.182755342272,392.798086243522,85.6540201709015].
[483.535594381766,392.659933605614,85.9285411960116].
[483.797329635874,392.557452270667,86.1321803124996].
[484.058981285449,392.455003670723,86.3357543817585].
[484.411642894229,392.316920505063,86.6101373596117].
[484.625542972458,392.2331688315,86.7765590481828].
[484.650671573316,392.18337644058,86.8372501903084].
[484.549390070908,392.04397409997,86.9428273300675].
[484.38240510356,391.814138495822,87.1168946060881].
[484.280359685773,391.674392211519,87.2159869885588].
[484.254337096715,391.641745896243,87.2104817667978].
[484.248692483124,391.639204476998,87.1625655314053].
[484.245268851919,391.637663028308,87.1335028655417].
[484.24450493654,391.637319084614,87.1270181082533].
[484.24450493654,391.637319084614,87.1335028655417].
[484.24450493654,391.637319084614,87.1625655314053].
[484.222670648606,391.606559200259,87.2275327264338].
[484.124816159015,391.468702962739,87.3395181896618].
[483.963481380592,391.241416451641,87.5011499595262].
[483.865626891001,391.103560214122,87.625638025895].
[483.843792603067,391.072800329766,87.6718455008156].
[483.843792603067,391.072800329766,87.6783511987404].
[483.844558214961,391.073147033411,87.684829814843].
[483.847989449416,391.074700851347,87.7138649578206].
[483.853646598647,391.077262664029,87.7617358156457].
[483.857077833102,391.078816481964,87.7907709586233].
[483.857843444996,391.079163185609,87.7972495747259].
[483.857843444996,391.079163185609,87.7972495747259].
[483.857843444996,391.079163185609,87.7972495747259].
[483.857843444996,391.079163185609,87.7972495747259].
[483.762388676578,391.116526942715,87.7232881207821].
[483.334590084246,391.283979684566,87.3918158810161].
[482.629269445493,391.560062581892,86.8453105486672].
[482.201470853162,391.727515323743,86.5138383089012].
[482.106016084743,391.764879080849,86.4398768549574].
[482.105206561909,391.764520524661,86.4330997988196].
[482.101578532269,391.762913587314,86.4027271403976].
[482.095596922632,391.760264195529,86.3526510924095].
[482.091968892992,391.758657258182,86.3222784339876].
[482.113767347768,391.789418802586,86.2986879058351].
[482.215089273928,391.928889417275,86.2165788745771].
[482.382140888775,392.158837586351,86.0620636516353].
[482.483462814935,392.298308201041,85.9367883844386].
[482.506070792546,392.329428301632,85.8896953774162].
[482.483462814935,392.298308201041,85.9065088494308].
[482.382140888775,392.158837586351,86.0121411382011].
[482.215089273928,391.928889417275,86.1862993395693].
[482.113767347768,391.789418802586,86.2919316283396].
[482.091159370157,391.758298701994,86.3155013778497].
[482.091159370157,391.758298701994,86.3155013778497].
[482.091159370157,391.758298701994,86.3155013778497].
[482.091159370157,391.758298701994,86.3155013778497].
[482.091159370157,391.758298701994,86.3155013778497].
[482.138920718212,391.739618052939,86.352640662567].
[482.352972229774,391.65589719224,86.5190873889647].
[482.705883509912,391.517864828404,86.793511647215].
[482.919144266764,391.433789823514,86.9533029205771].
[482.963361698075,391.413522010307,86.9606145341671].
[482.957518767158,391.410905219011,86.911437018324].
[482.954765605125,391.409672199051,86.8816093471966].
[482.980121856591,391.442017181207,86.8580461454633].
[483.087264806376,391.584068113431,86.7822708729203].
[483.257824218951,391.815543311592,86.6573385692855].
[483.35991499253,391.955331596711,86.5815632967425].
[483.382518081963,391.986443558907,86.5646555480447].
[483.382518081963,391.986443558907,86.5646555480447].
[483.382518081963,391.986443558907,86.5646555480447].
[483.382518081963,391.986443558907,86.5646555480447].
[483.382518081963,391.986443558907,86.5646555480447].
[483.382518081963,391.986443558907,86.5646555480447].
[483.382518081963,391.986443558907,86.5646555480447].
[483.382518081963,391.986443558907,86.5646555480447].
[483.334761622085,392.005132346359,86.5275097155506].
[483.120732017815,392.088889680819,86.361033644053].
[482.767856856694,392.22698217972,86.0865610039124].
[482.553827252423,392.31073951418,85.9200849324148].
[482.506070792546,392.329428301632,85.8829390999207].
[482.48427233777,392.298666757228,85.9065088494308].
[482.38657844125,392.160803079886,86.0121411382011].
[482.225508436039,391.933504302595,86.1930763957072].
[482.12781453952,391.795640625253,86.3290813428994].
[482.106016084743,391.764879080849,86.4027271403976].
[482.106822237814,391.765236144491,86.4330997988196].
[482.110435165217,391.766836392712,86.4398768549574].
[482.116391875476,391.769474755993,86.4466257005475].
[482.120004802879,391.771075004214,86.4768719280658].
[482.120810955949,391.771432067856,86.5267395267338].
[482.142607773445,391.802190790793,86.5333745385175].
[482.240294332181,391.940394591029,86.4343052566123].
[482.401352239432,392.169253516065,86.2531125009772].
[482.474707334114,392.328420834995,86.0870030532635].
[482.38663984596,392.475377893414,85.8549902980416].
[482.203186154907,392.75186303398,85.4894395360286].
[482.088912258792,393.063403024321,85.1423960957183].
[482.086371882457,393.252357346016,84.938981897961].
[482.189260601716,393.423650454035,84.8095088465927].
[482.354756537968,393.652612481794,84.6787904232448].
[482.456880303832,393.790876432431,84.6036643344818].
[482.532407024113,393.803272400329,84.6237803671442].
[482.749947630548,393.720917479122,84.7890602596292].
[483.103415693408,393.58513716878,85.0615607339881].
[483.317311662771,393.502782247573,85.2268406264731].
[483.317311662771,393.484406380815,85.2436035226901].
[483.103415693408,393.503132088123,85.1366868227512].
[482.750760859001,393.587054885901,84.9129222401573].
[482.536864889637,393.725420187695,84.6989064559073].
[482.489138247738,393.809342985474,84.6036643344818].
[482.489138247738,393.828068692782,84.5869014382648].
[482.489138247738,393.828068692782,84.5869014382648].
[482.489138247738,393.828068692782,84.5869014382648].
[482.511743349937,393.839776288856,84.5869014382648].
[482.659198383745,393.892246094221,84.5868068526386].
[483.033040750533,393.979095604645,84.5863829492718].
[483.476114716874,394.033095576297,84.5923778919129].
[483.709856797273,394.047665996008,84.6286196982973].
[483.765361043725,394.050719963163,84.7078611976623].
[483.774709746175,394.053573712316,84.7871163239455].
[483.779023289761,394.055097513185,84.8236850823846].
[483.779809591007,394.055437519117,84.8303510774663].
[483.801629342362,394.067490614881,84.8303510774663].
[483.947133851613,394.133574317115,84.8371138524231].
[484.391757735183,394.276709023896,84.8744917680033].
[485.153827431386,394.419879720736,84.9561445211732].
[485.90341513406,394.486006522513,85.0386883416758].
[486.262840603428,394.498071997195,85.0771333462622].
[486.309790596485,394.498071997195,85.0842026072333].
[486.208495565939,394.485674907514,85.0842026072333].
[486.04148829446,394.411403074615,85.1077631978963].
[485.940193263913,394.235939224289,85.2133544395614].
[485.917591287525,394.042115810859,85.3874449656942].
[485.917591287525,393.945857661968,85.4930362073593].
[485.917591287525,393.927145730397,85.5165967980222].
[485.942683860118,393.908443206523,85.5537314529273].
[486.055140968456,393.793524459212,85.7437106916742].
[486.240551395013,393.515950601145,86.1236591356405].
[486.35300850335,393.20233316447,86.4641214848827].
[486.425770897906,393.025884177566,86.6439239864164].
[486.639412217984,392.912470922903,86.8337902689622].
[486.992350878905,392.776759062558,87.1140914153669].
[487.209145839033,392.694445658371,87.3077307796262].
[487.262015134427,392.676079055313,87.3898937542788].
[487.265168774478,392.676079055313,87.4111227663321].
[487.265872446687,392.676079055313,87.3898937542788].
[487.28776022728,392.706852385579,87.3212935075032].
[487.385854454337,392.84476888349,87.1884380725345].
[487.547584493018,393.072154747176,87.0083526832678].
[487.645678720075,393.210071245087,86.9028235917407].
[487.690158707455,393.271937335723,86.8678149656195].
[487.792795715183,393.411905020244,86.8164462800912].
[487.965941350674,393.64442802635,86.7196680296815].
[488.100015738794,393.819440299513,86.6026307790846].
[488.230031495803,393.992627379918,86.4503074496811].
[488.398289280104,394.222942647347,86.3111351130553].
[488.499502278185,394.362260111922,86.2474893009659].
[488.544670407519,394.393346040105,86.2359846639086].
[488.645886921004,394.405713555007,86.229975328774].
[488.812764739731,394.47986040435,86.1854616299738].
[488.866372666847,394.673868357901,86.0254240656898].
[488.67559024253,394.951551510012,85.7034814027025].
[488.323807727065,395.18620171982,85.3464751164422].
[488.110440845885,395.288857624781,85.1637950664925].
[488.062832259517,395.307586369829,85.1269566512988].
[488.062832259517,395.307586369829,85.1269566512988].
[488.062832259517,395.307586369829,85.1269566512988].
[488.062832259517,395.307586369829,85.1269566512988].
[488.062832259517,395.307586369829,85.1269566512988].
[488.062832259517,395.307586369829,85.1269566512988].
[488.062832259517,395.307586369829,85.1269566512988].
[488.062832259517,395.307586369829,85.1269566512988].
[488.062832259517,395.307586369829,85.1269566512988].
[488.040243048569,395.276491354413,85.1505541833517].
[487.939005228755,395.137133163682,85.2563109848403].
[487.772092281828,394.907370350377,85.4306744729757].
[487.718467802467,394.768012159646,85.549672157605].
[487.909266779029,394.73691714423,85.6326112109116].
[488.283668879556,394.749283414598,85.7304488392382].
[488.598273580551,394.804705193347,85.7897903604918].
[488.812764739731,394.896080258831,85.8030312436326].
[488.913981253215,394.95150203758,85.8030312436326].
[488.958473365918,394.994658955681,85.7868814761454].
[489.057334253109,395.132950504997,85.7145032397098].
[489.291756931943,395.373863012451,85.5951717017626].
[489.707117450452,395.568129417621,85.5285918004584].
[490.248592585868,395.689406869658,85.5384283681561].
[490.613161815053,395.725340572308,85.6180875504317].
[490.89870889359,395.654771796412,85.8090670836868].
[491.250726301512,395.518530659311,86.0868932139977].
[491.438869862411,395.454622480553,86.2150714533592].
[491.37451411691,395.520109468696,86.0868932139977].
[491.167427272858,395.658478765744,85.8148654188183].
[490.954313704354,395.761139488215,85.6262851675694].
[490.762483610268,395.845096926847,85.494106974225].
[490.61370228975,395.899567906025,85.3661911762284].
[490.355315329853,395.832743260849,85.3369329736793].
[489.902553287089,395.712146780342,85.3597161816488].
[489.522444998556,395.602129347806,85.3700627854449].
[489.373645891531,395.546764057924,85.3700627854449].
[489.351059865761,395.534410391926,85.3700627854449].
[489.351059865761,395.534410391926,85.3700627854449].
[489.351059865761,395.534410391926,85.3700627854449].
[489.376059692015,395.484602811311,85.4304748840637].
[489.488101140099,395.261380721649,85.7012231261603].
[489.672826258755,394.893349714333,86.1476115119094].
[489.784867706839,394.670127624671,86.4183597540059].
[489.85742909925,394.620320044056,86.4919949326784].
[490.070585250464,394.620320044056,86.5512566660305].
[490.44459606918,394.632681880116,86.6489627463467].
[490.75892965967,394.688083785675,86.7082244796988].
[490.995881144062,394.810499248352,86.6978677891711].
[491.198239535169,395.005161406874,86.5921905890766].
[491.38763446087,395.247124584158,86.4179583414526].
[491.510134432652,395.416900611585,86.2830711661914].
[491.628256173346,395.584735987018,86.1229286391127].
[491.786414052434,395.810498567631,85.8817607154811].
[491.906741249412,395.960595949027,85.7090823495889].
[492.078679946983,396.047323184929,85.6681052279156].
[492.456887955893,396.137845445611,85.7232539240926].
[492.907336712667,396.192269177602,85.8234985288].
[493.143043823534,396.204620796392,85.8897831524402].
[493.193922238449,396.205832990536,85.9333843507587].
[493.201104762838,396.20810092222,85.9983726276649].
[493.230854143308,396.210520310473,86.0632951486834].
[493.335335072179,396.225117773823,86.0932509697081].
[493.502740041705,396.300345782213,86.0751357848563].
[493.603910244006,396.475721255005,85.9694765352887].
[493.626484367447,396.669420216327,85.7952738830804].
[493.626484367447,396.765706716985,85.6896146335127].
[493.626484367447,396.784438458448,85.6660388682356].
[493.556391158491,396.772103052929,85.6528049318293].
[493.242255190004,396.716819600832,85.5934945436796].
[492.724332536869,396.625672597443,85.4957082451638].
[492.410196568383,396.570389145347,85.4363978570141].
[492.340103359426,396.558053739827,85.4231639206078].
[492.340103359426,396.558053739827,85.4231639206078].
[492.340103359426,396.558053739827,85.4231639206078].
[492.340103359426,396.558053739827,85.4231639206078].
[492.340103359426,396.558053739827,85.4231639206078].
[492.340103359426,396.558053739827,85.4231639206078].
[492.340103359426,396.558053739827,85.4231639206078].
[492.340103359426,396.558053739827,85.4231639206078].
[492.386412935242,396.551136063141,85.4490298444516].
[492.593958055028,396.520133187144,85.5649528726363].
[493.006255171618,396.469018086035,85.7560776349684].
[493.550603953602,396.469083785821,85.8620332705708].
[494.216173661636,396.601405805653,85.8432284400188].
[494.719813462662,396.843315545126,85.7695788170681].
[495.039808060238,397.056596869985,85.7149450101178].
[495.464668090809,397.275128566423,85.6603263137949].
[496.017993002991,397.524102696253,85.5867087595532].
[496.420247970423,397.711520605548,85.5420574558126].
[496.61638813583,397.785530519775,85.5456534415905].
[496.851699803994,397.797865733497,85.6064208354894].
[497.225013928622,397.810195166307,85.7066093303754].
[497.538907445339,397.865451850573,85.7673767242743].
[497.7757273218,397.98761121866,85.7574180089136].
[497.978045076699,398.182053467843,85.652018749228].
[498.167401869523,398.423861102105,85.4782447478684].
[498.24599046013,398.531990169631,85.3828042035436].
[498.14483064916,398.411531669295,85.4039183156371].
[497.854317417022,398.126796783577,85.4910628604431].
[497.485223020165,397.877782318498,85.6199790899727].
[497.194719401095,397.676490468052,85.8590382329706].
[497.070994360652,397.38661706601,86.1989660702481].
[497.048423892578,397.073229919659,86.4916832731359].
[497.048423892578,396.915327603184,86.6205924769045].
[497.048423892578,396.884273175975,86.654039160753].
[497.026393151644,396.853466061462,86.7121294687198].
[496.927658220787,396.715398153059,86.8463897919505].
[496.764871840122,396.487762655674,86.9912748165387].
[496.688167650199,396.380501861784,87.0385732298793].
[496.764871840122,396.487762655674,86.9467694130206].
[496.950228688861,396.746452580268,86.7494966004751].
[497.150117439798,397.023696775681,86.538715645243].
[497.361493855873,397.315022257238,86.3179208552978].
[497.586376840245,397.624435967485,86.0836151209628].
[497.876887885096,398.024146512531,85.7809314657892].
[498.167403374213,398.423863172389,85.4782431801309].
[498.392299093027,398.733294403798,85.2439241777718].
[498.581662197436,398.993836751555,85.0466266305239].
[498.730255580354,399.114286008758,84.9783008160608].
[498.965392343052,399.061352443914,85.1209496775514].
[499.315851193305,398.922874535077,85.3949134028984].
[499.481504201759,398.838883437675,85.5475223811856].
[499.29560185909,398.807825905117,85.5153504721446].
[498.775996944211,398.740546094283,85.3771428094538].
[498.083704825252,398.595396193591,85.2536876492875].
[497.419300046955,398.450690431911,85.2021054976041].
[497.060855110006,398.352574453103,85.2222470193144].
[496.891072992982,398.201683142742,85.3505387879222].
[496.729919947994,397.974684082682,85.5620561556816].
[496.633113223044,397.837417424695,85.6903479242895].
[496.564181270128,397.825589482475,85.6821744960923].
[496.351510789967,397.909605325933,85.5172519636659].
[496.000876445676,398.048124034117,85.2453406764368].
[495.788205965515,398.132139877575,85.0804181440105].
[495.763325275597,398.181951065286,85.0200463736029].
[495.864488239687,398.321173477371,84.9144014024369].
[496.03127777039,398.550712429535,84.7402222913329].
[496.13244073448,398.689934841621,84.6345773201668].
[496.155013242859,398.720999560726,84.6110047408316].
[496.155013242859,398.720999560726,84.6110047408316].
[496.13244073448,398.689934841621,84.6345773201668].
[496.03127777039,398.550712429535,84.7402222913329].
[495.864488239687,398.321173477371,84.9144014024369].
[495.715848643566,398.200706791429,84.9832290100477].
[495.48050063232,398.253699405185,84.8417976135385].
[495.129693134858,398.392286517831,84.5697520488138].
[494.894341157741,398.445272214178,84.4283262933622].
[494.745683787823,398.32477452656,84.4971791824388].
[494.578864953082,398.095184461273,84.6713999756334].
[494.477684215193,397.955931047512,84.7770702282653].
[494.525160847224,397.937175321369,84.8138875918206].
[494.83911708798,397.99237140227,84.873221315033].
[495.356743420183,398.083374354909,84.9710460865631].
[495.693272169317,398.169635154915,85.0068072304404].
[495.887061531432,398.35223927456,84.8908280050283].
[496.15501753703,398.721005470447,84.6110002564074].
[496.422975820162,399.08977480072,84.3311701293467].
[496.616727832962,399.272363193022,84.2019489124946].
[496.953077753913,399.358537763788,84.178375515086].
[497.492978066644,399.480456731008,84.1680512835498].
[497.907906910749,399.67476658794,84.1217812879145].
[498.144691748556,399.916566804447,84.0454949619154].
[498.245843963454,400.055767887803,83.9992249662801].
[498.243555509771,400.105606287184,83.9520757170722].
[498.132147157012,400.189765413616,83.7870374378579].
[497.948465836083,400.328520355489,83.5149353164376].
[497.837057483324,400.412679481921,83.3498970372233].
[497.837057483324,400.412679481921,83.3498970372233].
[497.948465836083,400.328520355489,83.5149353164376].
[498.132147157012,400.189765413616,83.7870374378579].
[498.243555509771,400.105606287184,83.9520757170722].
[498.220979867682,400.086827847825,83.9859163574245].
[498.008394506514,400.086827847825,83.9622756995415].
[497.636427106404,400.075013829063,83.894216710899].
[497.327055071502,400.021829810852,83.8101318605807].
[497.118489614435,399.933472040399,83.7841910967171].
[497.018191505148,399.878772158288,83.8067866063585].
[496.994254968281,399.896724534031,83.7883337227763].
[496.993705366666,400.034891320528,83.6676503696983].
[496.968837529092,400.282299178262,83.4537203122933].
[496.857387613233,400.50559183715,83.1865245764985].
[496.673637766337,400.675637876638,82.9118144118131].
[496.562752324356,400.761033338404,82.7704354878645].
[496.540414283194,400.781733028386,82.7623800310745].
[496.54458521235,400.783739141792,82.8011554061902].
[496.547115008762,400.784810342621,82.8246738600397].
[496.547679482641,400.785049359833,82.8299215364136].
[496.547679482641,400.785049359833,82.8299215364136].
[496.547679482641,400.785049359833,82.8299215364136].
[496.500236938783,400.803856506209,82.7933542480806].
[496.287614208508,400.888144288565,82.6294710316267].
[495.937058590468,401.027111348197,82.3592732867484].
[495.724435860193,401.111399130553,82.1953900702945].
[495.676993316335,401.130206276929,82.1588227819615].
[495.629527732214,401.149022556913,82.1222377348852].
[495.416801742642,401.233351273261,81.9582749292653].
[495.066075878802,401.372385821636,81.687945964036].
[494.85334988923,401.456714537984,81.5239831584161].
[494.805884305109,401.475530817968,81.4873981113398].
[494.828465546189,401.506616754933,81.4637607434662].
[494.929667647533,401.645934258868,81.3578254102158].
[495.096521704658,401.875629990987,81.1831675729671].
[495.150239792644,402.033780805188,81.040623019328].
[494.960012450041,402.149271782931,80.8529145085653].
[494.609150411534,402.288432169015,80.5824069253758].
[494.396341827851,402.372837209793,80.4183357824867].
[494.348857814492,402.391670520059,80.3817265620981].
[494.326271945598,402.360576693076,80.4053703316007].
[494.225049103828,402.22122382853,80.5113343549621].
[494.058160851521,401.99146979662,80.6860394942071].
[493.956938009751,401.852116932074,80.7920035175686].
[493.934352140856,401.821023105091,80.8156472870712].
[493.934352140856,401.821023105091,80.8156472870712].
[493.934352140856,401.821023105091,80.8156472870712].
[493.934352140856,401.821023105091,80.8156472870712].
[493.886840425827,401.821023105091,80.8026760046035].
[493.673907691868,401.821023105091,80.7445427497398].
[493.300251281008,401.808757073856,80.6486972159109].
[492.986078610955,401.753784535736,80.5905639610472].
[492.771650459843,401.663150142832,80.5775926785795].
[492.670410523749,401.595906055237,80.5775926785795].
[492.647820840595,401.521830024533,80.6012411459175].
[492.672121353197,401.400622318041,80.7144824029203].
[492.803617348979,401.295285402374,80.9274517466923].
[493.085037701454,401.252738919969,81.1126415779052].
[493.363664690416,401.247080700005,81.2109981854283].
[493.493834777893,401.248984165784,81.2438428017671].
[493.519234247204,401.250138676139,81.2495523537983].
[493.542446478736,401.262663566919,81.2495523537983].
[493.691154309002,401.329903493637,81.2625122562524].
[494.14090806239,401.482064242638,81.3335485868369].
[494.975827069634,401.662288820247,81.4873661802212].
[496.037558648929,401.801435735303,81.6411668380441].
[496.930614686876,401.912817543315,81.704399062713].
[497.410633675418,402.082095461068,81.6824684571404].
[497.716410647479,402.329229152985,81.6116690559312].
[498.13142998533,402.523464415088,81.5172483498705].
[498.693982556873,402.676210894894,81.4010113745884].
[499.108987623047,402.870419973419,81.2953370672711].
[499.345844839327,403.112283222829,81.2059836142983].
[499.447035894977,403.220470949709,81.1834244551813].
[499.46961467143,403.112283222829,81.2788039197489].
[499.494451102315,402.882680530864,81.4663095833802].
[499.605760263157,402.743419458635,81.6314925890371].
[499.789278044261,402.724601043606,81.7531849708965].
[499.876277901095,402.77952383088,81.804452690054].
[499.792167589895,402.870076198504,81.7807973691159].
[499.589970087505,402.912965508298,81.71990431163].
[499.357809824748,402.840445029317,81.7116081193466].
[499.067914967565,402.613290820082,81.8317106775257].
[498.803881710346,402.331444305809,82.0433133975299].
[498.635121474276,402.199994314461,82.1350882170095].
[498.400623307271,402.253502016078,81.9998359078092].
[498.00291161271,402.392576282268,81.7166738004027].
[497.555315421783,402.483511642444,81.4710966010005].
[497.008811663584,402.531834256863,81.2199320635492].
[496.416734676598,402.580473115824,80.9291481462703].
[495.917459839918,402.609974075038,80.7144796834752].
[495.634717687425,402.635397829634,80.5961255282985].
[495.374473514013,402.719838233519,80.4190605238743].
[495.023645673384,402.859056923512,80.1485056354513].
[494.810857831762,402.943497327397,79.9844058004876].
[494.763378446583,402.962338528239,79.9477901780319].
[494.763378446583,402.962338528239,79.9477901780319].
[494.763378446583,402.962338528239,79.9477901780319].
[494.763378446583,402.962338528239,79.9477901780319].
[494.763378446583,402.962338528239,79.9477901780319].
[494.763378446583,402.962338528239,79.9477901780319].
[494.715875991212,402.981188884004,79.9111567640772].
[494.502984756164,403.065670317408,79.7469771931475].
[494.151986448595,403.20495665364,79.4762908423414].
[493.939095213547,403.289438087043,79.3121112714117].
[493.891592758177,403.308288442808,79.2754778574571].
[493.891592758177,403.308288442808,79.2754778574571].
[493.891592758177,403.308288442808,79.2754778574571].
[493.891592758177,403.308288442808,79.2754778574571].
[493.891592758177,403.308288442808,79.2754778574571].
[493.891592758177,403.308288442808,79.2754778574571].
[493.891592758177,403.308288442808,79.2754778574571].
[493.891592758177,403.308288442808,79.2754778574571].
[493.891592758177,403.308288442808,79.2754778574571].
[493.891592758177,403.308288442808,79.2754778574571].
[493.891592758177,403.308288442808,79.2754778574571].
[493.891592758177,403.308288442808,79.2754778574571].
[493.891592758177,403.308288442808,79.2754778574571].
[493.891592758177,403.308288442808,79.2754778574571].
[493.891592758177,403.308288442808,79.2754778574571].
[493.869001444203,403.277185599153,79.2861406592695].
[493.767754199285,403.137792324686,79.3339280216114].
[493.530700408742,402.895713667845,79.4127160623751].
[493.115173354223,402.7013838477,79.460503424717].
[492.574422233209,402.579705952646,79.4711662265294].
[492.212584510387,402.524769406967,79.4581721554314].
[491.907405213789,402.500518826622,79.3999367690122].
[491.457784438573,402.446771811418,79.3039228487155].
[491.082034578675,402.357887028023,79.2456874622963].
[490.933195210709,402.302925761053,79.2326933911983].
[490.836742869366,402.27694163015,79.2259886743224].
[490.522292684423,402.221993772533,79.1959402179801].
[490.008226784688,402.132851649412,79.1463986888568].
[489.696135515446,402.07786564446,79.1100550296809].
[489.623475591607,402.063811199345,79.0751371710702].
[489.640833216768,402.062558800244,79.0286215641788].
[489.738950445675,402.093402530832,78.976740721943].
[489.905253695834,402.232886940195,78.8643742444543].
[490.006552263208,402.462857852845,78.6894922777201].
[490.05175861077,402.633466565016,78.5597524476572].
[490.153060837174,402.804079191329,78.4300096410748].
[490.320079972616,403.034058410814,78.2551213573865].
[490.42138219902,403.173547858528,78.1490462513051].
[490.443985781021,403.173547858528,78.1490462513051].
[490.468967871392,403.015204268305,78.2917889775969].
[490.580929832761,402.700726644409,78.6310101340175].
[490.76552389998,402.42192288,79.0080243428479].
[490.829900188978,402.306300172781,79.1830258512784].
[490.641618091575,402.287446030272,79.1614318734117].
[490.267402123353,402.275176994181,79.065374737397].
[489.952839368206,402.220190989229,79.0071131393199].
[489.738240593113,402.129534393275,78.9941132196104].
[489.636942025739,402.074548388323,78.9941132196104].
[489.614339260178,402.062279352232,78.9941132196104].
[489.614339260178,402.062279352232,78.9941132196104].
[489.636942025739,402.093402530832,78.9704455191095].
[489.738240593113,402.232886940195,78.8643742444543].
[489.905253695834,402.462857852845,78.6894922777201].
[490.006552263208,402.602342262208,78.583421003065].
[490.029155028769,402.633465440808,78.559753302564].
[490.029155028769,402.633465440808,78.559753302564].
[490.029155028769,402.633465440808,78.559753302564].
[490.029155028769,402.633465440808,78.559753302564].
[490.029155028769,402.633465440808,78.559753302564].
[490.029155028769,402.633465440808,78.559753302564].
[490.029155028769,402.633465440808,78.559753302564].
[490.029155028769,402.633465440808,78.559753302564].
[490.029155028769,402.633465440808,78.559753302564].
[490.029155028769,402.633465440808,78.559753302564].
[490.029155028769,402.633465440808,78.559753302564].
[490.029155028769,402.633465440808,78.559753302564].
[490.029155028769,402.633465440808,78.559753302564].
[490.029155028769,402.633465440808,78.559753302564].
[490.029155028769,402.633465440808,78.559753302564].
[490.029155028769,402.633465440808,78.559753302564].
[490.029155028769,402.633465440808,78.559753302564].
[490.029155028769,402.633465440808,78.559753302564].
[490.029155028769,402.633465440808,78.559753302564].
[490.029155028769,402.633465440808,78.559753302564].
[490.029155028769,402.633465440808,78.559753302564].
[490.029155028769,402.633465440808,78.559753302564].
[490.029155028769,402.633465440808,78.559753302564].
[490.029155028769,402.633465440808,78.559753302564].
[490.029155028769,402.633465440808,78.559753302564].
