[274.684386670429,116.214120238943,272.825461487009].
[276.41809980915,116.774976567032,272.901903295789].
[278.588832214278,117.468681906678,272.951227649469].
[280.6652397426,118.228234135295,272.963455846506].
[282.726999263525,118.965403158774,272.958133086123].
[285.21224914718,119.721407409497,272.946470073793].
[287.990979782063,120.667261856851,272.934635805545].
[290.562913077816,121.850201514692,272.925137400007].
[292.724778801445,122.957565293784,272.906323421926].
[294.9686821295,123.837629353573,272.913538201067].
[297.176796132462,124.665663108533,273.063557965086].
[299.180205068772,125.541053216608,273.382032013655].
[301.435759337775,126.354475422659,273.731772969458].
[303.807317744559,127.114195579953,274.100022268573].
[305.823573330229,127.822757674191,274.518162180224].
[307.437386707421,128.334110222928,275.04125634878].
[308.733113703016,128.627099942198,275.525534620468].
[309.707760493361,128.8473055447,275.960645049915].
[310.53834596837,129.052539852886,276.459114023748].
[311.485096234145,129.225290688808,276.950774304764].
[312.361532857463,129.397814202271,277.195916403609].
[312.884414833245,129.639837282505,277.211152044506].
[313.229997656618,130.025600837155,277.090186026951].
[313.523779373006,130.458738745817,276.868425207797].
[313.757420694657,130.975919203621,276.449944871909].
[313.974514250251,131.840341216697,275.505631525326].
[314.121874414436,132.951500779588,274.111126459313].
[314.224650054328,133.951141780576,272.920882532777].
[314.449986558637,134.737236661727,272.212281736427].
[314.864750023765,135.636137208788,271.646444693992].
[315.277184185389,136.62149912806,270.890650761328].
[315.6240294747,137.455495817609,269.930371250515].
[315.956549157012,138.161808029577,269.052304733901].
[316.290129008128,138.810379423953,268.389020437554].
[316.617544035881,139.325136033675,267.930968684677].
[316.986231345601,139.760656215871,267.545009770632].
[317.439825667329,140.096371490525,267.176509706755].
[318.184290660603,140.567377865541,266.869276188426].
[319.360449191219,141.753759203645,266.401220392175].
[321.17799200254,143.917578107517,265.44558040882].
[323.68610248596,146.556463603135,264.288832423692].
[326.44612985444,148.900843769826,263.451409351809].
[328.914392371609,150.760921226935,262.795287164608].
[331.055840914934,152.277959064615,262.153345772437].
[332.739656467588,153.660515709503,261.598421884524].
[334.200900166015,154.739014935219,261.16029411896].
[335.845705556468,155.747997329145,260.720271217536].
[337.33864184085,157.037387680698,260.127449347561].
[338.738861961745,158.780660291451,259.151444736593].
[340.676967656903,161.421557517014,257.49493948937].
[343.365902939422,164.923423420512,255.246349126378].
[346.505351049181,168.465555737953,253.088852244086].
[349.918556554924,171.730959853731,251.32093949869].
[353.3073491565,174.863887274343,249.773609581948].
[356.529544969606,177.691785433727,248.665086810299].
[359.371946149438,179.904225625631,247.981368966443].
[362.105929477168,181.486071536634,247.560735824166].
[364.536650450685,182.817300682516,247.305842993832].
[366.355350579219,184.211102155632,246.985880732277].
[367.987449166314,185.537098352325,246.429906093984].
[369.588233342194,186.524303752141,245.826978993175].
[370.939343097638,187.637143021655,245.175648650194].
[372.328662960864,189.287200948614,244.143451917258].
[374.275290180237,191.499809449707,242.704033109313].
[377.045976325639,194.316462088069,240.922537308244].
[380.376374389574,197.900111783922,238.595868997818].
[383.891945587554,202.098721750127,235.768326688185].
[387.714957589699,206.425734912931,233.012064623374].
[391.928185655548,210.512487789731,230.742120969575].
[396.061228114368,214.274328281262,228.817576453242].
[399.939486727013,217.605009303049,227.248538746865].
[403.54233971636,220.405278942235,226.057524713894].
[406.739582566747,222.895958875142,224.937975361619].
[409.494312222417,225.069485525536,223.955347474778].
[411.768756028731,226.667109638599,223.391379678166].
[413.652147190948,227.729386657722,223.202582471193].
[415.261515037157,228.499439416547,223.134922751707].
[416.543079129591,229.189750339988,223.01354254286].
[417.453254141222,229.952286351497,222.799068230929].
[418.181096820836,230.668867255451,222.600285309835].
[419.016963778295,231.255064593681,222.518257226155].
[419.925681431554,231.670919822823,222.53183334357].
[420.630344128987,231.927381025032,222.580233477503].
[421.143942294271,232.205927909136,222.565362734421].
[421.663478249866,232.707171941791,222.351588316386].
[422.23749989524,233.425406156305,221.903574386027].
[422.713208576603,234.116040082473,221.420747216418].
[423.034927171668,234.727062828843,220.951471401148].
[423.289325315332,235.390546957501,220.338289736531].
[423.592530892567,236.281864678659,219.442261041363].
[423.981412398173,237.547860270332,218.25958496957].
[424.59011807868,239.171275852237,216.86257167107].
[425.563294247821,240.828991038864,215.633876482268].
[426.753378319067,242.171352026639,214.796366840876].
[427.887728844191,243.112859155862,214.27543081385].
[428.836803556803,243.957926547296,213.894607360977].
[429.847447375196,244.889740953668,213.485433351282].
[431.148716590587,245.981850131473,212.98301577993].
[432.538498393768,247.066140206113,212.502407771609].
[434.036593303473,248.059793715054,212.174422828907].
[435.589808318343,249.129354260636,211.791667066606].
[437.088024143395,250.363275546759,211.202981714528].
[438.615317846308,251.6846842099,210.533912497748].
[440.331844400432,253.30080293529,209.639786316155].
[442.367919518151,255.320271242927,208.467974728176].
[444.542300533921,257.482173030691,207.21869501211].
[446.801479354495,259.438698315411,206.261498664354].
[449.240860402664,261.356201292433,205.457116744724].
[451.879070630048,263.466332868108,204.516089005228].
[454.698106095619,265.82691876995,203.358202723834].
[457.589446386956,268.288705564626,202.099817784848].
[460.395864850636,270.717308572151,200.821871610082].
[463.02622817666,273.189365966405,199.428890807324].
[465.544629349501,275.8272723578,197.821462303908].
[468.083236154629,278.539969036182,196.149021101707].
[470.77519362296,281.497959636574,194.287179955022].
[473.619976677773,284.630942808512,192.311973419867].
[476.365609164692,287.66302627432,190.413290817295].
[478.890798152674,290.276857565726,188.899515966397].
[481.220907098276,292.29289195213,187.927732400415].
[483.465315275517,293.636317152631,187.528374822432].
[485.323119159738,294.485266695621,187.415318389437].
[486.660473101663,295.188888214966,187.248476580331].
[487.595608967341,296.024626082498,186.862502605499].
[488.195058701975,296.765075280295,186.423561112407].
[488.439601715474,297.13093134962,186.178493935487].
[488.503613601074,297.375983052485,185.972258084573].
[488.593467258476,297.842436164585,185.503988196056].
[488.769245810917,298.493253793966,184.817351546494].
[488.964630275813,299.09689530221,184.250199325035].
[489.185057856446,299.568049961495,183.88067399427].
[489.474883554233,300.009887479855,183.561239609885].
[489.868562704859,300.537286353743,183.208696591292].
[490.315903925663,301.028638445169,182.954185211129].
[490.947409607153,301.539048649774,182.698232492395].
[491.742411963284,302.122660168591,182.321643641888].
[492.529095580456,302.906983459686,181.867510241814].
[493.145010422412,303.91116305209,181.241959115829].
[493.569991866118,304.988827574446,180.433220740147].
[493.967019830879,305.984490376034,179.452749517312].
[494.358163105055,306.898170773664,178.362867569901].
[494.755418762932,307.894335910894,177.382030432188].
[495.15839439825,308.958501616033,176.554048502447].
[495.671931562962,309.944494296697,175.841058942874].
[496.281707499315,310.841701190262,175.193750842438].
[497.0011483109,311.828033583858,174.483363297817].
[497.79820951488,312.920814426225,173.69520400913].
[498.595149701104,314.013464461418,172.905969665011].
[499.36173178342,314.983009787466,172.235380467971].
[500.225735070784,315.806037659637,171.775279600674].
[501.241126607765,316.65329599763,171.414586898207].
[502.08978987752,317.569220948352,170.999440953965].
[502.84595919082,318.394376544609,170.558784085939].
[503.801026422862,319.056708919473,170.077027276286].
[504.689724230042,319.654750692663,169.669148885108].
[505.368642422691,320.343759611414,169.306154015778].
[505.987481885779,321.158935626603,168.816030137975].
[506.574649536724,321.963920620844,168.261481248839].
[507.094237567919,322.676084800152,167.773891284867].
[507.587510753311,323.270557913308,167.432682632171].
[508.297098479458,323.878296797729,167.132004546477].
[509.202888905772,324.437395191232,166.874481111981].
[510.157212355902,325.016662890954,166.715050557597].
[511.126618508869,325.663537315665,166.54754764307].
[511.869264716231,326.317283234227,166.229771451528].
[512.425519071132,326.998576889072,165.769005072339].
[512.921839376057,327.679009767216,165.279150935025].
[513.388437411004,328.318694746261,164.818631839568].
[513.962388521604,329.105555977254,164.252158287401].
[514.536339830184,329.892417479669,163.685684539833].
[515.025235289722,330.562671227791,163.203158515425].
[515.599187263027,331.349533641515,162.636684111792].
[516.173340965892,332.136616012472,162.074369380102].
[516.618749141121,332.746940109185,161.654498509569].
[516.995243455115,333.262423890136,161.313927334738].
[517.242097516133,333.600173164104,161.08415627776].
[517.509986533279,333.967111536895,160.819516576989].
[517.961989375384,334.586701703034,160.385222797733].
[518.426597037223,335.223628549983,159.950464756951].
[518.736340407543,335.648133097515,159.660868275647].
[518.90486566132,335.878683468196,159.488317260918].
[519.129449724361,336.185878188302,159.272220769947].
[519.482624587165,336.669661094261,158.946992107291].
[519.805847651989,337.112445151892,158.643843672603].
[520.115962111353,337.537344270641,158.35108140541].
[520.472491001715,337.944773581978,158.097742146666].
[521.027366938648,338.341280977643,157.974293876218].
[521.848627687442,338.849784943079,157.943048303959].
[522.571589597654,339.336432339046,157.917018000345].
[523.139810564912,339.637542116512,157.824500038826].
[523.632014103789,339.819913144016,157.695905087789].
[523.987224044578,340.033828040159,157.702603273125].
[524.346735905227,340.273051377386,157.823854000333].
[524.823279593158,340.471203017844,157.853688037575].
[525.315239073169,340.636726869198,157.822698238725].
[525.716822044959,340.850293864746,157.888679643897].
[526.238044432655,341.088117939527,157.941873871205].
[526.87079956508,341.297685105361,157.867973721012].
[527.302611282814,341.509391573258,157.709194807554].
[527.581128925477,341.810037046101,157.568717530024].
[527.881882582106,342.221982452383,157.363309856919].
[528.25771047476,342.73662685828,157.042732644923].
[528.558467987117,343.148574919428,156.764373962303].
[528.790452019101,343.466425632165,156.544665910402].
[528.991408290957,343.7415571665,156.364502147708].
[529.202987164878,344.030957724376,156.191726128088].
[529.405558449092,344.307887372717,156.038907031666].
[529.618483914725,344.598783506748,155.876627847607].
[529.843925121015,344.906903024852,155.680852344693].
[530.132260895692,345.301709248112,155.418298811029].
[530.41927738064,345.69504441864,155.172632156034].
[530.710260418194,346.012889029007,155.057211805787].
[531.206512587997,346.330066575428,155.035987837934].
[531.816416520814,346.567519850954,155.036772713332].
[532.150584571413,346.642536524164,155.084604407053].
[532.231232856875,346.55151688595,155.318599457603].
[532.25130239398,346.26241597475,155.787222208307].
[532.264659719523,345.827364403826,156.256523985348].
[532.267180112351,345.449684955514,156.564790944331].
[532.265441097557,345.220329958565,156.740190465555].
[532.266994611365,344.897825401235,157.006768867525].
[532.322701725622,344.35255450924,157.536667410517].
[532.544845808863,343.876416105916,158.204711362522].
[532.897074468779,343.613847003811,158.742355630263].
[533.107846852041,343.490690808099,158.998068837228].
[533.154529891888,343.289915875678,159.203557462187].
[533.13447262838,342.822197353607,159.676633393221].
[533.044582209735,342.152266039836,160.416045127826].
[532.875978338538,341.411511140026,161.180127141579].
[532.60319636632,340.576054431438,161.857426556358].
[531.976117531262,339.740239663126,162.329083610303].
[530.956242340879,339.094061188647,162.657473800011].
[529.938001684199,338.523783059467,162.863018656134].
[529.018604963128,337.696732925707,163.175054121906].
[527.951441935824,336.358129214009,163.934172545202].
[526.553955993927,334.461227556425,165.158331575717].
[524.91035776288,332.210174232257,166.63883443272].
[523.020120645217,329.701888900971,168.273075025749].
[520.837135857236,327.073809104586,169.891485302562].
[518.555775234241,324.626839752416,171.269771394239].
[516.226557256078,322.160546819268,172.671847683748].
[513.74144754764,319.433823994056,174.308739765155].
[511.381367963247,316.642982879251,176.100072957606].
[509.0612165654,314.068797850172,177.70181298677].
[506.318146744327,311.795583232376,178.772462650183].
[502.928337877588,309.679814760044,179.356729679469].
[499.093332651201,307.683422843363,179.722281664548].
[495.057701516769,305.733126680377,180.110498769963].
[491.080166330733,303.630327410811,180.538387832673].
[487.262057617283,301.385195502367,181.10620169535].
[483.52593550441,298.808252787448,182.113500760951].
[479.934432855663,295.910288147165,183.55935711011].
[476.294307719695,292.948017161745,185.047888203061].
[472.396151133024,289.992950013737,186.401019545093].
[468.479423810779,286.811020208865,187.979095873077].
[464.834468287167,283.444799517967,189.886641316876].
[461.461913787725,280.358421497914,191.639736376244].
[458.343424792374,277.550921267067,193.22569729411].
[455.413001350386,275.072666462192,194.534922250898].
[452.805484150466,272.969738123078,195.561700896583].
[450.525225529274,271.223730177732,196.282707254818].
[448.718070171483,269.650225822578,196.921624765305].
[446.979072120006,268.171413663734,197.495978741357].
[445.134500787568,267.026606971463,197.842816644762].
[443.412875507671,266.146469246838,197.96226769394].
[441.791751581248,265.477771770597,197.916433681538].
[440.353448075659,264.987857852334,197.87309600784].
[438.980297244253,264.475732999169,197.959959034321].
[437.910450390772,263.556441855524,198.381090659498].
[437.206572078411,262.012241750853,199.527027952553].
[436.603447521496,259.833756692842,201.537208315197].
[435.831956312647,257.305650123771,203.954541618819].
[434.839525571617,254.435265444028,206.701520629166].
[433.511468679732,251.126047272396,209.739802712267].
[431.895988534815,247.492861988602,212.935234772838].
[429.679417398693,243.619389681054,216.041501539232].
[426.899568536504,239.276253435818,219.329404010914].
[423.739711544569,234.33783441255,223.068896098972].
[419.917260035161,228.81098022785,227.149097061661].
[415.280592434105,222.907624742776,231.195093664456].
[409.885936202752,216.950382920063,234.77661766299].
[404.098984738862,211.071874214561,237.94796793344].
[398.451327091969,205.311608087907,241.063817689892].
[392.992659720809,199.89254745185,243.976343306093].
[387.762860230421,195.151299075445,246.2894624147].
[383.380459391617,191.373636342324,247.880719416194].
[380.074250977769,188.514875296316,248.962151081822].
[377.448468340124,186.332858329392,249.664930495961].
[375.562932323956,184.519983347762,250.235585681036].
[374.37964661281,183.090363662342,250.731131526815].
[373.769906762601,182.269310627113,251.063026137316].
[373.479787739073,181.842764914989,251.395161655226].
[373.209247407441,181.279839375409,252.062005833953].
[372.904604493984,180.335917382481,253.223188551556].
[372.64802414074,179.068118404575,254.891526396028].
[372.384445543265,177.399599195252,256.981938031785].
[371.991297006802,175.134862585453,259.530673275272].
[371.469205211119,172.540673183141,262.357077382701].
[370.836727360674,170.346002384863,264.661694661313].
[369.936348548478,169.121011682584,265.704093390965].
[368.967713412536,168.820699269967,265.81481317935].
[368.385011536067,169.332855237527,265.227646216295].
[368.055558584009,170.768253228003,263.766480107203].
[367.754213615058,172.730159471993,261.864301803829].
[367.597186031623,174.665940932077,260.056815464596].
[367.64186100714,176.652036911601,258.14046811292].
[367.725264501506,178.655526405691,256.287869212642].
[367.744157785583,180.624099746782,254.575826931115].
[367.729451330826,182.678286936509,252.639026261684].
[367.521042627391,184.493213002373,250.882391085523].
[367.01678471538,185.869551355473,249.650693745598].
[366.390680241162,186.871237459454,248.664702337419].
[365.779361134581,187.576096752924,247.852980306843].
[365.264680540797,188.108813153603,247.211472535301].
[364.597443799992,188.55202845402,246.578375230573].
[363.495633314281,189.171533188512,245.594273584343].
[362.361556350118,190.038564060828,244.324978556122].
[361.579998298062,190.964772201902,243.063900554699].
[361.061344667684,191.923886916794,241.835084737463].
[360.666272289583,192.935659188107,240.706541535448].
[360.253631429494,193.770838178874,239.926245519638].
[359.642239413932,194.250142184853,239.348855632005].
[359.045272722717,194.531800057419,238.760995715582].
[358.765072372858,194.67638510977,238.42539472782].
[358.713183651616,194.716396608919,238.350512025675].
[358.713183651616,194.74965475338,238.290171568855].
[358.713183651616,194.889231251011,238.019744403027].
[358.713972938879,195.176349242424,237.57388538255].
[358.717510278979,195.553797759575,237.303458216722].
[358.723342366844,195.959652861843,237.243117759902].
[358.726879706944,196.182519098008,237.243117759902].
[358.727668994207,196.246970747343,237.21990535383].
[358.727668994207,196.367418679627,237.115874567238].
[358.778145609627,196.71240422606,236.930352321637].
[359.004366105259,197.175741987629,236.754626059732].
[359.377340648276,197.497786630136,236.587904373089].
[359.603561143909,197.755342908327,236.436206547638].
[359.67646339896,198.099555888748,236.242423466674].
[359.794628533003,198.490224875505,235.898395358128].
[359.994615796287,198.822139756209,235.476657460949].
[360.062695427651,199.262689864537,235.047814523189].
[360.010462628272,200.052700209849,234.442843240834].
[360.1724787186,201.004636765007,233.604874529517].
[360.498010332446,201.921682820653,232.607024801989].
[360.81797726167,202.934304867324,231.627459886003].
[361.063045910819,204.058823720338,230.687599555704].
[361.458366473139,205.069451337493,229.874200067613].
[362.089939589189,205.739810028615,229.433413183072].
[362.605000090884,206.163185979638,229.289396071113].
[362.90821303858,206.497198037221,229.151703231823].
[363.222120482061,206.927376584766,228.855688701535].
[363.611364621264,207.462295509983,228.456594001485].
[364.042780077222,208.056361218123,228.000232980196].
[364.538250841949,208.749012292695,227.424602394703].
[365.05712781296,209.570555406098,226.689433486601].
[365.438600262857,210.471889121728,225.845062463741].
[365.716831281678,211.422709508324,224.948391992266].
[366.076089460201,212.22332514795,224.293268315303].
[366.521889453659,212.760583286368,223.95832599225].
[366.950999793412,212.986509214899,223.845016441559].
[367.359519045102,213.030036125867,223.82486411595].
[367.581701316714,213.030036125867,223.82486411595].
[367.680824198575,213.014362928204,223.862026801862].
[367.952398953543,212.928456260446,224.065719920533].
[368.540436016992,212.742443740081,224.506773815111].
[369.177881906733,212.540801830214,224.984886522164].
[369.698191776278,212.371474934808,225.402587398537].
[370.259468408423,212.18057565062,225.92787750777].
[370.7927025635,211.97904415765,226.459163384116].
[371.17201613147,211.73951634733,226.802440559133].
[371.467605985256,211.411041374768,227.111091533804].
[371.886675961114,211.146873763873,227.457018429504].
[372.370022684815,211.056524485204,227.663154302727].
[372.692180592199,211.129386184815,227.694099216574].
[372.864023453506,211.409002484553,227.53503841487].
[372.935580335394,211.977395239097,227.002544489971].
[372.951004733641,212.80735362151,226.035497518401].
[372.966401428473,213.63051295757,225.050513648764].
[373.057857718873,214.149631690548,224.570302600793].
[373.37118661983,214.481674946858,224.45976240066].
[374.071930356213,214.757832665452,224.384439226455].
[375.04200254805,215.047159851872,224.260252306967].
[375.774247777989,215.323278116298,224.184929132762].
[376.157291998647,215.590943300555,224.162249134311].
[376.382136410572,215.775741418866,224.135927607341].
[376.663116023429,215.901125182491,224.069677343676].
[377.029568548133,216.034400387636,223.951121638136].
[377.370095018633,216.22867866328,223.832183585041].
[377.616638140555,216.413439133518,223.840350953131].
[377.822305657913,216.509495475848,223.88245492847].
[377.972904487761,216.581791733114,223.814937007021].
[378.123413348007,216.746112894574,223.692872234413].
[378.301891163734,216.985926607825,223.618152087473].
[378.454126884339,217.126252927624,223.610987114721].
[378.697805984825,217.15707235833,223.696287112688].
[379.085003739271,217.158694024811,223.905973948931].
[379.45387103789,217.179497358537,224.117156998].
[379.882260199556,217.315892275714,224.105598931053].
[380.342929037799,217.71100087864,223.832781705652].
[380.645385496459,218.315414361167,223.457607025342].
[380.927828672962,218.937112495525,223.060973375553].
[381.339980271258,219.634232454158,222.599110619788].
[381.685994452974,220.324502451991,222.095711028626].
[381.837467120753,220.991199974801,221.495441192013].
[381.855480524894,221.655915369396,220.77596043727].
[381.84314222292,222.217340812812,220.089963992817].
[381.894204154182,222.679399089524,219.487594182672].
[382.026737811739,223.172306496093,218.977224221612].
[382.235227597982,223.738319346562,218.445469216433].
[382.636139533324,224.430865479886,217.868079220671].
[383.207667506117,225.237590645106,217.341506378364].
[383.764288488513,225.992737028737,216.931682474065].
[384.323830668192,226.730643332263,216.558067392138].
[385.066216799653,227.51390379375,216.169106210644].
[386.082548102554,228.177755406456,215.829006672079].
[387.231993736132,228.611652956746,215.666351454617].
[388.21910061036,228.871418489788,215.616102749111].
[389.071953777222,229.183312882154,215.528005892678].
[389.788702864126,229.759135380376,215.238511847984].
[390.443694773934,230.719179084226,214.500823862773].
[390.962715390047,231.911118565734,213.305543374516].
[391.217877189791,232.847893445701,212.324708384197].
[391.381821329413,233.376312592632,211.821469889994].
[391.661815299769,233.824589562312,211.429460764526].
[392.03663635993,234.345894614791,210.962771144613].
[392.462288110623,234.934428815436,210.477930675618].
[392.991385215455,235.6678204537,209.92358715984].
[393.632959301954,236.569372211465,209.255490223445].
[394.176322556951,237.410336125833,208.606165266598].
[394.524903711844,238.142381844196,207.972715845275].
[394.987460237336,238.982979022147,207.273829306955].
[395.700674471417,239.730803155081,206.795612697988].
[396.304793919133,240.290071741196,206.4721307803].
[396.771613715231,240.853514843122,206.08071679237].
[397.174382984629,241.406657004563,205.670809562677].
[397.596288108147,241.986079343051,205.241427349301].
[397.999072692706,242.539242537529,204.831504533029].
[398.42099385917,243.118686908558,204.402105992389].
[398.823793759763,243.671871137273,203.992167588649].
[399.24573097009,244.2513375421,203.577904960299].
[399.720115752323,244.819335849095,203.220706358293].
[400.462810131137,245.465104847202,202.86565072226].
[401.462424353146,246.139076164413,202.532366843449].
[402.468401331184,246.777894305074,202.249695700913].
[403.301006911312,247.227364178452,201.997355437587].
[403.884864991972,247.657623493827,201.669412753797].
[404.39801957403,248.284949262252,201.181498743826].
[404.85406633911,248.91662361076,200.70376039011].
[405.207280312996,249.403193455229,200.372651948769].
[405.603499162358,249.863796275709,200.166638912794].
[406.350212366535,250.43174318496,199.959144271692].
[407.423068132194,250.914558616065,199.746406642141].
[408.43997087621,251.32067911753,199.585600314935].
[409.117813547295,251.795654749999,199.395785880546].
[409.564678834088,252.332295512449,199.020558894806].
[410.024694314908,252.89116830937,198.518180165376].
[410.743168097263,253.510319310491,198.096878068249].
[411.680828575688,254.182903491472,197.779782640244].
[412.413822052402,254.815484843225,197.43319696143].
[412.893832016047,255.427450331584,197.008567589977].
[413.292364952078,256.148231990551,196.45010233568].
[413.689207439335,257.045846618066,195.667939823156].
[414.117979969092,258.039097474025,194.753315617626].
[414.664693274888,259.059083315835,193.947274565584].
[415.448925656851,259.93565287553,193.3847681892].
[416.391404398578,260.56638510323,193.051402176367].
[417.364346975092,261.15547218695,192.839062482492].
[418.416880437183,261.821395594034,192.591739772496].
[419.474909487774,262.534484276633,192.220704341504].
[420.570344928617,263.346742809268,191.746738904266].
[421.48245655259,264.229423364722,191.162636133136].
[422.181711222806,265.109895157594,190.487235785868].
[422.890296031348,266.089747742579,189.683800434078].
[423.703760889229,267.130186999904,188.888616063427].
[424.617895271648,268.014744825142,188.306510746917].
[425.584087085925,268.643038745115,187.962183487483].
[426.573885727341,269.241726598153,187.743803733281].
[427.675071095665,269.937555693736,187.508122184598].
[428.699685213235,270.613332728437,187.172275382367].
[429.643604597347,271.22486059507,186.802201941911].
[430.725203455185,271.892070414755,186.573282000211].
[432.001035363726,272.536077456218,186.434111756624].
[433.084829489454,273.023642867154,186.296973039109].
[433.752529293538,273.403193692121,186.191369159516].
[434.414290263209,273.773148548068,186.12102778831].
[435.466908993459,274.232752406963,186.039573547696].
[436.532740220877,274.710422469101,185.927066380459].
[437.256447266842,275.215017261902,185.758722724149].
[437.84379483683,275.738936637894,185.564089323244].
[438.56170504121,276.189880131788,185.464526331112].
[439.378672120027,276.467385905432,185.48346907925].
[440.146336461043,276.582967978262,185.585884519832].
[440.817726097062,276.678464556204,185.692086452703].
[441.468008803311,276.90977538311,185.665723890001].
[442.09162615641,277.384036063961,185.418898706793].
[442.714695799641,278.115721171342,184.97601590855].
[443.349341172307,278.970835676363,184.398478757981].
[444.068820896344,279.959809096521,183.656517679363].
[444.838548216385,281.02006771975,182.812272821204].
[445.551766190211,282.003144585993,182.018859610528].
[446.180728561377,282.86915501534,181.334980117857].
[446.801257396608,283.721706013039,180.691624348946].
[447.489143850436,284.581220095891,180.112764385973].
[448.411972756897,285.474084438798,179.62175007471].
[449.428843376308,286.25578253983,179.309762198765].
[450.128639588641,286.761798166948,179.14249115362].
[450.705293975547,287.018502139779,179.094043912458].
[451.629615461798,287.225012293847,179.173677032294].
[452.851548552531,287.467917289747,179.357536843183].
[454.098947064929,287.744887064302,179.517619039395].
[455.131672688007,288.097577047081,179.556104568209].
[455.806199368259,288.570519526408,179.424583936163].
[456.307191444228,289.176785199157,179.072220061437].
[456.918182803921,290.015821527905,178.533579122056].
[457.780873928465,291.033967523474,177.968383253477].
[458.996979355518,291.87928787781,177.648112975162].
[460.694548686131,292.535462759972,177.56223624052].
[462.374631973915,293.120708490565,177.552463654637].
[463.600099341138,293.656841317441,177.494894615228].
[464.39982057657,294.301051832298,177.251837846733].
[465.048709277424,295.108201671166,176.785573596096].
[465.710402749696,295.93296431585,176.297759084632].
[466.596968988091,296.696760198749,175.917792749494].
[467.801512913969,297.370850787524,175.653840344901].
[469.068679166556,298.13187913484,175.419895918452].
[470.126479019068,298.966975426615,175.159037730848].
[471.241188753184,299.674888784962,174.907363172082].
[472.575572691761,300.287160026234,174.672842480685].
[473.642658076744,301.011875234972,174.340676821092].
[474.484401546084,302.001158123465,173.813487524112].
[475.411634284324,303.190090146883,173.132170511305].
[476.563109548137,304.317973405956,172.519704616114].
[477.888974488267,305.160145993756,172.128381534928].
[479.200193999723,305.982939789665,171.77221846552].
[480.261308901374,306.987919672178,171.232689570098].
[481.177888397897,308.081000022181,170.539098844127].
[482.212715482737,309.132518074966,169.906056021369].
[483.436354290388,310.121216643095,169.437480226141].
[484.688893285351,311.101895751607,169.006803292275].
[485.984277138178,312.106430126811,168.599654889685].
[487.384624113343,313.205763789061,168.217799934138].
[489.061666833157,314.278937960335,167.991001450962].
[490.87954594919,315.064035801757,167.895936577526].
[492.573536859367,315.657357069084,167.856978430386].
[494.031572378211,316.392494842256,167.842185158762].
[495.491461724263,317.252982074428,167.791002170438].
[496.878122268662,318.180450942595,167.541341032969].
[497.960459310609,319.215702369835,166.971421875636].
[498.829385007984,320.32496319123,166.209666970467].
[499.698253267731,321.434179299937,165.448721389112].
[500.780217629893,322.469207221785,164.882035134739].
[502.165907826475,323.398479124498,164.593319848843].
[503.690942109658,324.355700854655,164.350185117933].
[505.375392584321,325.485408167144,164.025222851531].
[507.268935372213,326.63056285037,163.802888460355].
[508.995890389855,327.53616806507,163.632579937725].
[510.72464536636,328.457124151824,163.349573897549].
[512.49356989838,329.705155779969,162.975213971721].
[514.334656829073,331.099592155771,162.60596751462].
[516.097180095924,332.386994881333,162.316564417636].
[517.697820768528,333.406864183378,162.08556163351].
[519.204495061818,334.190334127824,161.807555852339].
[520.47418391543,335.040434370006,161.509265888029].
[521.872766752958,336.067997510649,161.205978095264].
[523.508389740624,337.111107598973,160.832427191005].
[525.065004124366,338.355342863854,160.410857639924].
[526.727316310921,339.745443753784,159.884918931869].
[528.438409858052,340.859782360062,159.410506882855].
[529.771033973365,341.71411151251,159.185753970579].
[530.900790307678,342.395572144951,159.077506361625].
[532.075045083506,343.008708006038,158.85511459245].
[533.059513134096,343.654401053221,158.523665579943].
[533.674862450586,344.252366608074,158.300761340296].
[533.917702313998,344.518227372182,158.245271045044].
[533.942363216151,344.393608659565,158.354657436379].
[533.844585101693,343.921585822452,158.724436445473].
[533.637422069417,343.229293124021,159.319825345554].
[533.315113088573,342.448502847927,159.907164942089].
[532.840613289001,341.637144756231,160.4105183585].
[532.305136812823,340.868652728124,160.835788705664].
[531.577748427566,339.95222881208,161.363200328806].
[530.364150213252,338.650988784039,162.138072510208].
[528.673181554274,337.010328930953,163.090986733918].
[526.62994110028,335.095264776949,164.16071210537].
[524.014538124447,333.075550341001,165.038773776475].
[520.755463231748,331.055153750491,165.580620463757].
[517.147444108242,328.922102152192,166.063663024859].
[513.400966636996,326.400782758309,166.909411221124].
[509.565360823225,323.524303327539,168.106910049195].
[505.393541502394,320.26339944889,169.556213721848].
[500.900108972952,316.198545938443,171.716937084388].
[496.290970977431,311.219278024008,174.813198670733].
[491.456511370606,305.722194430821,178.36464844725].
[486.459339796461,299.920520316399,182.178152332845].
[481.474824972955,293.980543090084,186.163344126405].
[476.403395313835,288.24045301778,189.907137169068].
[471.260864869018,283.053569654458,193.042345031527].
[466.202176682948,278.668625443892,195.36440648157].
[461.498738148643,275.14017840847,196.8883626926].
[457.295465587732,272.413014053681,197.723047142895].
[453.60013710551,270.651867108113,197.905869661954].
[450.271208078209,270.021593128735,197.309684176059].
[447.382625334639,270.291522394025,195.770026530886].
[445.557124491757,271.297265580066,193.653534585838].
[444.705251114643,272.769966429418,191.455703716293].
[444.455881843705,274.361591528011,189.49470257413].
[444.620335915038,276.045092508397,187.807508409871].
[445.257125864381,277.982050443773,186.123567896115].
[446.422607479194,279.980603713265,184.570197706713].
[448.054907202372,281.941984042026,183.249366900448].
[449.907740865808,283.952846296639,181.994550634663].
[451.505220570491,286.14158419409,180.460227296646].
[452.641044602991,288.144253573531,178.917495596704].
[453.677343397764,289.565351702181,177.877903031371].
[454.641869163152,290.364082127838,177.373888119304].
[455.278172804254,290.917809067837,177.088432037947].
[455.59025555708,291.483369594064,176.721525221156].
[455.694500869993,292.169848667619,176.083167882374].
[455.698055743761,293.037996633159,175.111860903346].
[455.672562250467,293.857785870515,174.175704864259].
[455.704803583738,294.252401495768,173.76569059262].
[455.9158399837,294.318274669354,173.841483237929].
[456.341600604543,294.298087696164,174.111949808701].
[456.897464695967,294.314585068076,174.307521346903].
[457.686590756512,294.442742553733,174.441238347502].
[458.724103416697,294.693155412484,174.573598079709].
[459.967826373094,295.010114623919,174.65692328687].
[461.195774586542,295.503048844134,174.677426309501].
[462.535195117353,296.192165663738,174.637187901212].
[463.779410476983,296.918674775341,174.471056656376].
[464.596657706045,297.58859856827,174.117842118436].
[465.155367864064,298.273123233595,173.632838296088].
[465.654761600829,298.95815957753,173.1325167926].
[466.079830837131,299.54105863828,172.710231617401].
[466.456645927599,300.057786605284,172.335884539546].
[466.657952227609,300.333838700278,172.135896728366].
[466.70336930808,300.395434248443,172.094803808612].
[466.753788013324,300.379428178128,172.151625339404].
[466.973406148054,300.307693947737,172.361458211197].
[467.331648120078,300.189424196255,172.680227265751].
[467.570521163565,300.148472485517,172.845176151797].
[467.719300119247,300.270424097088,172.786107916493].
[467.885160133035,300.49787786167,172.621124262912].
[467.985759316618,300.635835543556,172.521056618664].
[468.008206028562,300.697400742669,172.476400283775].
[468.027396657534,300.835359140761,172.376332120027].
[468.113403089652,301.11011213962,172.147997109706].
[468.255203723702,301.49083905695,171.760376829997].
[468.34121015582,302.009115927008,171.234956671469].
[468.430998168922,302.462882480805,170.84036833193].
[468.769840988384,302.725515487841,170.641244648564].
[469.439346828284,302.92185091112,170.650148134095].
[470.133393430175,303.08498870078,170.825823971029].
[470.653769941801,303.159438207702,171.002283420163].
[470.888003994297,303.172868838927,171.077177607].
[470.980158334224,303.234434533363,171.045169884011].
[471.2262773244,303.571918970969,170.800981803352].
[471.781704814623,304.333534862678,170.249911881094].
[472.437345562525,305.232730377207,169.596069140298].
[472.993076825132,305.995498235057,169.068323806972].
[473.643791648562,306.724073865946,168.708016094974].
[474.751290540619,307.504366058771,168.512596321844].
[476.187518632654,308.173040775359,168.425590811765].
[477.438612792094,308.698039542471,168.368171860993].
[478.661314905738,309.232190390041,168.287531594314].
[479.956392559098,309.948382840222,168.185446317615].
[481.159245909442,310.695693587615,168.093250731707].
[482.308867466337,311.211484471281,167.970071482118].
[483.309222333353,311.566110412603,167.90419404602].
[484.055098062183,311.851762146998,168.017590613935].
[484.819639991731,311.99250794533,168.337428964894].
[485.648877700708,312.020805274738,168.7076637501].
[486.099729568164,312.020805274738,168.899260038426].
[486.220686578237,311.973542650919,169.001805074934].
[486.334339520606,311.761726266317,169.2873328282].
[486.521721544168,311.412500087541,169.758088508384].
[486.683098872911,311.1841413594,170.085133836698].
[486.92234413294,311.062741095344,170.334912552336].
[487.274982301138,310.940508790925,170.641688243466].
[487.488868161936,310.866371150688,170.82775710579].
[487.536592548309,310.849828807149,170.869274680839].
[487.536592548309,310.849828807149,170.869274680839].
[487.536592548309,310.849828807149,170.869274680839].
[487.536592548309,310.849828807149,170.869274680839].
[487.536592548309,310.849828807149,170.869274680839].
[487.558975048819,310.880516591614,170.847126245062].
[487.681669001767,311.048737545369,170.725715362668].
[487.969748750755,311.443712594812,170.440648204229].
[488.335757846748,311.945533570753,170.078466644006].
[488.668603477613,312.401885396835,169.749101742368].
[488.991922042775,312.845175030032,169.429164277256].
[489.389843530698,313.390749857554,169.035404048562].
[489.835858424212,314.002263701331,168.594053350493].
[490.456790117827,314.853599233412,167.97961504268].
[491.188817777642,315.857254166271,167.255242553414].
[491.787369425337,316.675268909753,166.685099173024].
[492.203050678343,317.14007391039,166.439563654137].
[492.774373227785,317.43456482323,166.37971495787].
[493.64954069174,317.68719556486,166.344420473178].
[494.58182729005,318.091868591714,166.263228838].
[495.395485171046,318.761832094646,166.048352974958].
[496.018715372289,319.49051743385,165.714815351956].
[496.604370698105,320.113162750937,165.473178058125].
[497.628240208643,320.783772994598,165.277872018195].
[499.005864178066,321.463853145138,165.02974110037].
[500.11208071513,322.165666234899,164.836353425414].
[501.064816900605,322.86043561214,164.738120922718].
[502.160215027738,323.392560381194,164.611674130915].
[503.302643363602,323.907741895526,164.482681895792].
[504.37186496263,324.560329556582,164.32968119084].
[505.448623398024,325.270475776958,164.06778181791].
[506.5921304325,326.10711596854,163.763104022391].
[507.833115446022,327.042941392086,163.481707882736].
[509.100721803425,327.968804189243,163.17069825533].
[510.405116192552,328.708568974529,162.909199704498].
[511.542238398926,329.297514704506,162.780523473366].
[512.527863858917,330.031848416205,162.686203629989].
[513.759148855416,330.910925210977,162.454442683176].
[515.141946092565,331.622221522754,162.111034156111].
[516.104900913736,332.215059558211,161.881623654016].
[516.712439629706,332.796569463437,161.694831087633].
[517.565172160976,333.51750910386,161.411000980406].
[518.77246700247,334.208822601311,161.147506827465].
[519.882249305566,334.766454683217,160.984027401857].
[520.717247212371,335.384983242133,160.805229157148].
[521.547702512355,336.078673053242,160.521711243915].
[522.424912383344,336.664834991617,160.252948530536].
[523.188092566726,337.210568112022,160.114316478683].
[523.885862563216,337.704206813381,160.027058756699].
[524.436947780015,338.038700550836,159.805869404979].
[524.658869385449,338.34346928326,159.393429893604].
[524.603335611491,338.643119749211,159.028116038034].
[524.437344520164,338.796897309717,158.85424130362].
[524.287917616947,338.845671305613,158.759879763047].
[524.053714378132,338.920489596016,158.567552623886].
[523.707227632394,339.042014143167,158.265589412448].
[523.496530496985,339.115548783819,158.071715778699].
[523.448884220971,339.131956579964,158.020915734052].
[523.448640465626,339.131956579964,158.018253864863].
[523.448640465626,339.131956579964,158.018253864863].
[523.448640465626,339.131956579964,158.018253864863].
[523.448640465626,339.131956579964,158.018253864863].
[523.448640465626,339.131956579964,158.018253864863].
[523.448640465626,339.131956579964,158.015603312424].
[523.470674953321,339.162232136475,157.984330498751].
[523.569670804867,339.298186433227,157.877828159736].
[523.733578980261,339.523098296351,157.722646875211].
[523.834134584874,339.660769115474,157.633079064425].
[523.857263182273,339.69224874962,157.613685202651].
[523.857507311146,339.692517415655,157.613685202651].
[523.879785971835,339.692517415655,157.613685202651].
[524.001910706756,339.723061698692,157.59164074478].
[524.266375208241,339.890496021665,157.470799837352].
[524.530839838003,340.253079693068,157.209115499917].
[524.675243475468,340.646207944355,156.925386490372].
[524.819647398912,340.981077464084,156.683704044888].
[525.106391785064,341.404751440136,156.377929536945].
[525.53754105962,341.995861725309,155.951312688129].
[526.12382765915,342.799666948914,155.37118938431].
[526.762092976064,343.671103238295,154.761678592767].
[527.299436954074,344.23656814202,154.443241220721].
[528.07158190997,344.570230280181,154.372160533223].
[529.148209311249,344.868727064176,154.349991732497].
[529.953201810712,345.247421792239,154.313441559194].
[530.333167980195,345.597118124942,154.291272758468].
[530.524104329549,345.760809088958,154.305877804613].
[530.87946784392,345.80475486016,154.413040146207].
[531.54212862315,345.878319439167,154.64507225436].
[532.230209215434,346.03760435305,154.877065668339].
[532.781513404857,346.24075915561,154.981699346943].
[533.204713301663,346.511022171065,154.990112602604].
[533.624552071563,346.848788100025,154.971770562755].
[534.079073875678,347.04551834637,154.980164745652].
[534.675913592947,347.102798782045,155.065161371857].
[535.250396909598,347.162781638211,155.20938977971].
[535.605027451963,347.26167664905,155.296868731074].
[535.815825934383,347.321659505216,155.316387923502].
[535.915472006904,347.335043489519,155.316387923502].
[535.937706051023,347.335043489519,155.316387923502].
[535.959940139086,347.365526182731,155.294388089615].
[536.059586408546,347.502140135736,155.195791674534].
[536.223875332549,347.72737846593,155.033233667775].
[536.323521602009,347.863992418935,154.934637252695].
[536.345755690071,347.894475112148,154.912637418808].
[536.345755690071,347.894475112148,154.912637418808].
[536.345755690071,347.911229289404,154.871103339888].
[536.345755690071,347.986681610921,154.681026092432].
[536.652270346387,348.677257474805,153.909844530966].
[538.025973731492,351.287830505868,151.692878810267].
[540.290827722149,355.482081243623,148.333382030486].
[541.619718857084,357.953873700658,146.351264355892].
[541.724772342812,358.243321830088,146.018436602816].
[541.3902224848,357.78610979616,146.229326822615].
[541.159111874196,357.474790490398,146.393473612497].
[541.00383316337,357.276297051615,146.438415716904].
[540.71323514235,357.050451391306,146.345287190489].
[540.175082192679,356.900938922519,146.07361434412].
[539.478613356288,356.853635241567,145.704983339153].
