374.05969821662;283.385409116419;158.01459528349
374.209410085587;283.572681795668;157.994827309461
374.512788303427;283.99107159704;157.888492532651
374.808388057966;284.597819038906;157.561381372727
374.907343713553;285.375855599763;156.895016440622
374.791574620399;286.211696622176;155.99657466516
374.563538778504;286.727541303138;155.336597808042
374.425228048881;286.884918308662;155.093316169526
374.345085174558;286.919668702577;155.021785816901
374.100689668214;287.048171440033;154.816684772046
373.58180412861;287.420843261731;154.316019460217
372.913593552955;287.950790315164;153.638017077179
372.158948968641;288.323722265481;152.993402506987
371.503291546023;288.436563000366;152.483230185046
371.111382346077;288.378639218614;152.175292992141
370.86543615199;288.160297361843;152.186438651892
370.692826097062;287.657112456017;152.517119591871
370.518273783596;286.756846888963;153.050134148568
370.279687226107;285.567735233849;153.901018251245
370.009892858373;284.090237101312;155.362993904364
369.616563069602;282.488817498771;157.1953375198
369.061431631543;280.738923378226;159.104151165784
368.52869984835;278.733480505804;161.114865695129
368.10404411061;276.686690451471;163.083410338577
367.845883690648;275.013447989768;164.766751592781
367.669051472256;273.740465561176;166.16820478435
367.483247392143;272.849597281915;167.301293392076
367.370582919095;272.54426475363;167.794237833158
367.319257875741;272.887685990216;167.619509296227
367.193139569973;273.764824131477;166.992060671857
366.929743593216;274.722329788337;166.288541247801
366.672649183907;275.399614409693;165.800744301719
366.544378407822;275.69328234256;165.558236485261
366.47686540227;275.816525021542;165.378280938436
366.3085205902;276.06284417701;165.081874465905
365.882640513358;276.517509337789;164.551989170554
365.261616699453;276.969042226437;163.904472778953
364.699115640919;277.372038845007;163.256216988466
364.317398608655;277.844990546106;162.594777300543
364.096042137694;278.513461591464;161.780207416902
363.997435651946;279.419426651495;160.744372159491
364.003997698988;280.380137118524;159.739332437795
364.155285827904;281.225196125276;158.908896549162
364.502844795359;281.680273447575;158.486994393267
364.963542196198;281.8007915614;158.387197585417
365.40256919713;281.809936177267;158.391147109653
365.847458119214;281.837312515308;158.426189172609
366.319134264769;281.979613569145;158.463677262887
366.973240289184;282.3123118416;158.380618572509
367.776064088366;282.832657486752;158.069240725218
368.633258542288;283.552217172373;157.561570989611
369.540042697585;284.302161869086;157.016264934467
370.401993466403;284.869029850566;156.557537116201
371.042639944807;285.398084235097;156.058942359776
371.633836834893;286.140969129623;155.425179482942
372.435467419874;287.248979324859;154.564166286446
373.40696741379;288.588972127358;153.566257006274
374.312986721234;289.807545647609;152.743294969473
375.137870647612;290.639164612973;152.284127200145
376.191772573478;291.007367761028;152.15387595717
377.671619265869;291.191687494729;152.236066334656
379.007095253784;291.420254092119;152.410745663359
379.815391955604;291.726537914391;152.469314953522
380.44863009077;292.233494343324;152.280616932506
381.077760369004;292.859408211229;151.918668052637
381.835173509923;293.406245156155;151.614225386548
382.994836006984;294.012840428206;151.281022709417
384.216524177131;294.716789904178;150.786831351631
385.143504047933;295.546416353254;150.142761124715
386.014587446572;296.666248511109;149.283014597824
386.986446520029;298.006046381574;148.288142181313
387.870241511968;299.224439747925;147.470581143671
388.616544932914;300.065480591046;147.018297423661
389.554394983629;300.466708938823;146.892678029715
390.970873490757;300.705114490988;146.97901706694
392.395875900491;300.998797090339;147.159142888158
393.493439810002;301.34572048699;147.195511851747
394.188234213459;301.810229002743;146.84604450218
394.779984090662;302.550404078689;146.095944624125
395.332673402136;303.297195557565;145.42044099527
395.852483063966;303.776530005715;145.076029480196
396.673337478935;304.195803368981;144.748120063399
397.760235261269;304.670360444795;144.249884829953
398.639820909756;305.078288985419;143.878339974257
399.441843921701;305.470311766313;143.705289396613
400.593348811867;306.020254929015;143.570056286563
401.797248533779;306.589979221076;143.447493284325
402.827235523597;307.078293318323;143.390900924772
404.043396904804;307.656249508695;143.383732399062
405.323692292223;308.210706213568;143.423578899111
406.512773375661;308.52630701644;143.562107215051
407.685777195541;308.664699056746;143.813916847442
408.346772170817;308.667833305652;144.146100477326
408.516908192309;308.445995517993;144.535745469691
408.455569925817;308.002092695736;144.825029971033
408.087442709549;307.562549569887;145.06595442998
407.271198545412;307.068374206484;145.327366983055
406.034572052573;306.218199117531;145.587732113989
404.208006009386;304.975966080641;145.879233450622
401.854870739577;303.593415097704;146.262279955744
398.963498137428;301.786622952961;147.097501413567
395.605653170162;299.077236912312;148.809208861054
391.734232675912;295.343706273059;151.54226288888
387.350958359023;290.706500246604;155.226548985168
382.501680943413;285.141616638366;159.610288286886
377.454718251872;279.092744006674;164.150517804653
372.250084213255;273.178682826597;168.344173873435
366.7279531842;267.507771071373;172.145116962396
361.044783229141;262.324072265976;175.340277880652
355.730269797031;258.104347724538;177.584516197955
351.132390294185;255.29324580247;178.801204672784
347.524183009021;254.202186120867;179.120492989168
345.082867095697;254.359445181376;178.631917815397
343.857214674443;255.305900352731;177.39211440181
343.550779302736;256.59719793134;176.027197618726
343.800774871607;257.622253234532;175.193410836963
344.318136616083;258.13397365044;174.867064202279
344.741634550756;258.428940836584;174.668097071192
345.09823098225;258.842607598621;174.395458941211
345.506721402478;259.412549554303;173.999219644151
345.982417579655;260.090644320001;173.492430772231
346.425281371252;260.799125761711;172.929244950996
346.680600034044;261.494865285594;172.299438466115
346.836592580665;262.290426759426;171.515188983437
347.089164658662;262.930569885872;170.840973714147
347.545008866142;263.333870427102;170.327008459723
348.219347338778;263.762675863042;169.870570779201
348.935237539178;264.382370248749;169.448406888129
349.596483892094;265.16938378552;168.9077693571
350.37362654874;266.15372175727;168.102811851824
351.505571313176;267.278303925599;167.154357095875
353.092362384893;268.397970983681;166.37709090357
354.86040953092;269.367134242301;165.93232122808
356.616292114033;270.222362678411;165.691029352528
358.330238505346;271.017688499057;165.542903307316
359.942447606799;271.673372544977;165.480229864282
361.403150676344;272.125463260382;165.468852916665
362.751882063893;272.520675304551;165.439365923229
363.912435761749;272.955791809036;165.295903867306
364.915354928489;273.410610925181;165.016026886022
366.105515366202;273.971597718299;164.74963265311
367.298458343883;274.534551948177;164.574616092521
368.321279738172;275.018729486492;164.422073039834
369.531165662496;275.608893919046;164.148369542268
370.778447993917;276.263282730766;163.791842032669
371.828766059093;276.796032947541;163.552649803803
372.894512681797;277.155210374301;163.444569677474
373.921389605927;277.431214788756;163.453807940497
374.797815312695;277.697992651808;163.554587118389
375.807675808637;277.966041969589;163.672557899818
376.992208816943;278.226457676101;163.762544098154
377.952257005648;278.511539060182;163.753304747939
378.535076059019;278.840996362714;163.634528805174
378.874489222271;279.180995140851;163.481308295073
379.121638868405;279.504338704763;163.292438409495
379.434339239409;279.935146501785;162.978657694064
379.825539802311;280.474104137671;162.582963736143
380.216750434503;281.013075646035;162.218600235513
380.578687960718;281.426712269227;161.952439531554
381.046427858034;281.690149608881;161.775826100941
381.718682914984;282.024914023962;161.612420861702
382.316140036368;282.64316730962;161.248643570118
382.763052038864;283.53374582081;160.537371174588
383.170388826049;284.509569288159;159.652469135829
383.617401023393;285.400298999807;158.928563793476
384.234647847051;286.047659304652;158.496775170874
384.995483111948;286.512764196274;158.17622191119
385.609486222929;286.991455027447;157.82572603908
386.109486679015;287.518597690775;157.520993566497
386.790248271392;287.992281824481;157.333107469488
387.787796016356;288.357489897109;157.182972535764
388.785211951555;288.722621354173;157.032860607818
389.488467752944;289.227299729456;156.822025472035
390.020953119341;289.881974864254;156.414152676988
390.515406052412;290.568199868431;155.895595435332
391.021495202759;291.175173587418;155.515962623758
391.801650823381;291.778048499201;155.280536711668
392.879200590755;292.252510206811;155.08691211493
393.920588202419;292.679045531059;154.89516410173
394.701934070231;293.291535614099;154.58813652093
395.320412596672;294.066005723411;154.0591044201
395.817183451516;294.745265880124;153.523770570724
396.269150671387;295.247324594376;153.157040092429
396.821906971163;295.639815147786;152.862296552379
397.53262101107;296.092284721814;152.54962186114
398.231922935676;296.684874851546;152.225575536339
398.77346771523;297.302697828208;151.853137818718
399.210015868024;297.88650480017;151.435218784115
399.624021558202;298.456615887689;151.004225219546
400.060602037837;299.05781383723;150.549730555337
400.575748703924;299.767202217634;150.026552949982
401.20546009818;300.549513012613;149.491088405
401.940031718857;301.180834164866;149.11125727603
402.715811956927;301.622235751427;148.8744088465
403.225576681173;301.943975408763;148.728618068677
403.398194310771;302.096834116255;148.655896588091
403.420753007554;302.127897458094;148.59820455518
403.349240710752;302.114262227073;148.552635946722
403.003851866358;302.036295970123;148.567034073897
402.312483535192;301.844192856685;148.516377053466
401.478548373562;301.555395304831;148.274949911489
400.374371497172;301.158062705553;147.946210954178
398.834886687319;300.546774882403;147.781223829053
396.95804497953;299.593671175214;147.865990976314
394.772536985403;298.173022923671;148.320402495259
392.199475042433;296.183747527393;149.374478432834
389.214437033133;293.519359271373;151.199472961238
385.946811545426;290.068795112963;153.859488922928
382.554715166078;285.821588599956;157.261759071799
379.02043588361;281.011393623699;161.081928546383
375.444188640279;276.244690914333;164.721368230346
371.668530484793;271.804957922878;167.882595021528
367.794043906965;267.726061640691;170.59859106669
364.49963487017;264.211992672944;172.952088248765
361.738033257251;261.87452013118;174.519399514479
359.252857033716;261.005148369346;174.998298576667
357.569683063701;261.111051472753;174.513751432457
356.900535632943;261.71797206514;173.421855634256
356.767918040945;262.376558515274;172.539489664185
356.903222711629;262.727929673483;172.234136020531
357.550087266152;262.916687753577;172.299167143985
358.616586616456;263.125364986365;172.484076901704
359.313019139274;263.251934126035;172.608733910402
359.679502352663;263.277323660531;172.713340129221
360.068311416286;263.26454252011;172.911247885434
360.441053421478;263.243469982035;173.153746985743
360.879248477617;263.230688841614;173.327753698335
361.346344122662;263.227836983706;173.443601603135
361.590907162584;263.227836983706;173.49958657838
361.640445287888;263.227836983706;173.512078514872
361.689958445671;263.227836983706;173.524564573296
361.934400636136;263.227404690833;173.604055205735
362.454074443136;263.225467288589;173.828657470204
363.079169087801;263.2222730523;174.178958549962
363.619860424638;263.220335650056;174.495517916235
363.879045643228;263.219903357183;174.639513090772
363.931848415238;263.219903357183;174.666392058005
363.931848415238;263.219903357183;174.666392058005
363.957668616742;263.253339692196;174.657174722752
364.095902966812;263.434222254371;174.59230644294
364.410117668362;263.851390255134;174.395054833344
364.815641588844;264.400644532631;174.050517769061
365.209669862547;264.941535905795;173.656039221314
365.522004270258;265.371987274868;173.329239398864
365.746360383551;265.68118918712;173.094492486007
365.957788656913;265.97257427785;172.873272151361
366.159634777443;266.250753488269;172.662077756115
366.348550256396;266.511112016008;172.464412870481
366.449475073259;266.681240748585;172.335250684937
366.494514598299;266.882411029738;172.182521673285
366.613657954461;267.250844705424;171.902805848341
366.866000634479;267.636337298166;171.587320831015
367.12081857431;267.945009185194;171.250712261612
367.275011538762;268.411411596074;170.72801074486
367.416718898245;269.116874266348;170.090150304626
367.656635969377;269.780799356752;169.563270318255
367.904768276983;270.242528253504;169.212718605372
368.046487008966;270.600060296901;168.930690402277
368.215047887467;271.090348451667;168.509357499514
368.6017332479;271.678934254125;167.989080737271
369.12177811737;272.247288006242;167.529910368773
369.518601355441;272.973662736112;166.948562630147
369.781473346482;273.882702289193;166.166500486599
370.126740125922;274.651635591785;165.597581692146
370.773330657985;275.175859775244;165.346901544776
371.768069778373;275.542181976705;165.189129679131
372.766953037968;275.908430621227;165.031380634614
373.428220022858;276.353234715937;164.863762442915
373.767535919197;276.735770128691;164.678249000314
373.891056708091;276.906003351082;164.572583765594
373.913590195843;276.937058433115;164.549006664849
373.936124468274;276.968114596572;164.537715373921
374.059651127887;277.1211648367;164.487111318782
374.376403425838;277.412784441292;164.403679336689
374.864631802932;277.668286219117;164.35307528155
375.423825688911;277.826932799407;164.330497504958
376.011182881814;277.985851651443;164.279914985517
376.691573794263;278.196779178707;164.196518509787
377.179599377084;278.430335339808;164.145935990346
377.352311380623;278.557863839427;164.121053307902
377.391474982895;278.612466952259;164.022927996387
377.488581932468;278.764049308825;163.732248687755
377.71256107753;279.101973634487;163.291024388633
377.95372642036;279.452034556902;162.936838965014
378.116512157174;279.680284889418;162.747092026781
378.363723306974;280.020883679708;162.489044743425
378.820564709701;280.650303627996;162.025734900444
379.293271212313;281.299611511576;161.585022795027
379.713357033626;281.784551663882;161.308329534428
380.349871886721;282.18289212761;161.154929075411
381.413433903187;282.638897178731;161.079545644703
382.451842774178;283.070802854631;161.005668252696
383.053768467781;283.436160920972;160.858556171661
383.355399594084;283.745915169437;160.653312978943
383.686629465033;284.079963797398;160.435859804335
384.18743497121;284.405548984871;160.219033881685
384.795082377636;284.71693594343;160.003512866159
385.350643374654;285.111383521841;159.765500046083
385.869461320503;285.698359397147;159.450776415644
386.39783740687;286.32407476187;159.078520267349
386.963494826918;286.724481122284;158.796264010355
387.672332920828;287.081437309247;158.551962425697
388.387704709715;287.699474601776;158.106579926961
389.083907612424;288.581535635184;157.442339149016
389.681702850338;289.40849992878;156.800753768632
390.164546844908;290.081532045714;156.228048178793
390.771067894389;290.930063389726;155.494661209369
391.568928998821;291.951959049434;154.714310326255
392.513500597743;292.873892091046;154.11377418056
393.564369280644;293.608503130648;153.711627852786
394.607748818917;294.284128569144;153.395999368668
395.534618016686;294.848190550637;153.122683146695
396.191135675323;295.371752843477;152.850537473553
396.70326385661;295.907230059988;152.557414262211
397.35718823337;296.411663124923;152.296812136688
398.250349420359;296.893903342877;152.053226771335
399.174336259312;297.427647535575;151.756771380177
400.004255993429;297.965167388596;151.425486697147
400.630804357098;298.453598702665;151.190589521711
401.012519705776;298.829226048788;151.013270030044
401.367707490707;299.177613524889;150.807401403152
401.892088859029;299.535028292912;150.538170959459
402.577582320204;299.954778405306;150.249489317764
403.195930335739;300.437546457239;149.996998307502
403.639269635664;300.926948537565;149.664838678841
404.023751793595;301.450386819583;149.197659310345
404.339623457973;301.892217599714;148.806211777437
404.650435429551;302.321663094529;148.4692721841
404.91837648291;302.69053239011;148.19100246281
405.064679910419;302.891945505308;148.039059289166
405.208761003321;303.074439508044;147.910554803826
405.466736557338;303.375916824494;147.715776493676
405.767225730384;303.6829744413;147.500472495637
406.123100451055;303.910787018551;147.270309555096
406.626982584513;304.074402149;147.134091967045
407.153728547464;304.264841400378;147.130894691332
407.696707028607;304.507811206611;147.069365491128
408.296423358425;304.779640281856;146.878092616619
408.804415444593;305.032173856449;146.742850650486
409.170412701572;305.21192784685;146.775480218606
409.513573924348;305.286893637781;146.885237337319
409.897842675748;305.300568063907;147.000843077134
410.137696646261;305.330195807732;147.039209295562
410.278430166249;305.46297814341;146.948161392598
410.429757304074;305.681899204617;146.775329860006
410.49684128817;305.782141608766;146.670502236523
410.40449665867;305.664469779241;146.647828159754
410.165110047457;305.353780103447;146.66034414573
409.754777665192;304.897929442792;146.721793184333
409.026640499211;304.295378044515;146.867394605079
408.086653174635;303.722293596601;147.065216121107
407.035714029954;303.122273728318;147.265557993668
405.637801990353;302.368417304437;147.523898621966
403.907251561187;301.357636295275;148.020967895327
402.034466009379;299.855189635189;148.989511568152
400.046271818886;297.66110556778;150.551197228017
397.513931162859;294.72182648213;152.642434117707
393.972967429042;291.011806377954;155.219290586797
389.446207735105;286.696660123714;158.119261596673
384.24186155066;282.172619325896;160.895328004987
378.697177378363;277.662400930481;163.415101342211
372.881571385958;273.260615788771;165.633253735792
366.878983812551;269.157197476033;167.41967609566
361.248857821741;265.565057768397;168.860367013256
356.446077806103;262.610844197739;170.057587529998
352.563584847701;260.537533941382;170.893694621503
350.028861942551;259.607894767224;171.193631864307
349.084941758045;259.415110135808;171.045830479734
349.146530379709;259.501665325588;170.698966550606
349.746032245255;259.760488337874;170.508697494301
350.843372277585;260.085472761991;170.572827369573
352.342418573884;260.312828439388;170.821325750081
353.647540599875;260.513873150477;171.128270129804
354.649715111904;260.76409190756;171.443518476522
355.563726981593;261.005897488723;171.741627430543
356.523867534252;261.216577059477;171.86866414111
357.419202901959;261.447128188571;171.845165005425
357.971762439512;261.693460191896;171.809750712909
358.20358018187;261.889245576023;171.75494268561
358.432565247405;262.197070415238;171.544724441212
358.766781061515;262.65736843304;171.198133150184
359.014727047957;262.998851514517;170.971733463216
359.262682283013;263.340347333629;170.82157989568
359.604078579652;263.805783157291;170.564303912883
359.88408949303;264.170146461711;170.264737659684
360.257099845071;264.56342828092;170.120960830568
361.019526313233;265.124202097257;170.135565814678
362.087547828677;265.576894412281;170.21030618612
362.990953270525;265.807695633214;170.255638512917
363.432400456426;265.947749963721;170.218797623457
363.70716239341;266.240846838431;170.008355885023
364.040993854416;266.762912341763;169.614437328987
364.257100403434;267.385797514625;169.096649164842
364.385958315038;268.261765432239;168.221483574528
364.587958684697;269.33168991093;167.061000191418
364.864679267684;270.349895828101;166.095327541578
365.246085574122;271.278562412628;165.438885268625
365.890795781597;272.310028917311;164.859503753174
366.711877089656;273.447317197258;164.182720093166
367.522101496541;274.56126105744;163.362325267673
368.281648316264;275.534699589307;162.571165724234
369.143316350356;276.339298627723;162.065955420247
370.13467475876;277.059787358767;161.78934763615
370.936863652281;277.686864153932;161.548420311199
371.648661509733;278.197470325097;161.311182946041
372.428888064702;278.641902382763;161.077937395617
373.065201930924;279.136143964025;160.802299808971
373.529193764376;279.690066902643;160.439220418362
373.943702722749;280.261146786072;160.020395588814
374.35822499792;280.832245016403;159.588579633779
374.772760590531;281.40336159452;159.156749805708
375.209899903294;282.005619911819;158.701373240609
375.725706016597;282.716259547239;158.164047932007
376.307207292369;283.517409134174;157.558286688784
376.823048661348;284.228097342266;157.033966075184
377.3096546385;284.813200977689;156.647462950366
377.945677449128;285.307149058264;156.371980770745
378.725317387261;285.750939640057;156.134515650744
379.361307448686;286.244826335956;155.85908437292
379.825290215213;286.798737603005;155.496172827101
380.239880506788;287.36990439373;155.090417881298
380.703829553569;287.923803379804;154.727563436581
381.339592383258;288.4175274419;154.452200374139
382.141401235287;288.892095496818;154.191265035703
382.878372633967;289.525228732126;153.813138311128
383.509209640423;290.309009641414;153.309193909433
384.146175639669;291.016079854856;152.898102848592
385.123496955668;291.600617962437;152.621697843953
386.420775146196;292.137188242375;152.343366311765
387.357809106437;292.678542981243;152.026892525042
387.881158086403;293.237680023954;151.652607022832
388.270445844853;293.775800706711;151.257491194942
388.606445692823;294.238587613411;150.907957217774
388.93283871646;294.688142631636;150.568417029404
389.331840836809;295.239626261945;150.140307518594
389.72476878334;295.789432031611;149.669994061613
390.180997567563;296.344907178307;149.186054189121
390.826659776723;296.85431981365;148.886338849631
391.748100395817;297.404982136825;148.711719745145
392.67534778257;297.923819869448;148.490063200288
393.516534950329;298.374262314494;148.232340751417
394.12669047752;298.834698238583;147.972690700267
394.48940796347;299.249027305118;147.717340283922
394.737192782801;299.590248060003;147.473362322184
395.050696025959;300.021968669755;147.161128359892
395.492070105802;300.544649800125;146.824077582961
396.149846574333;301.068941867083;146.527565317703
397.029253833573;301.650928196048;146.186137783791
397.831390111231;302.37399211723;145.739665219748
398.3966210905;303.067206179226;145.287469403756
398.883120792582;303.65204036269;144.930574582394
399.495428457954;304.113861701469;144.714665046745
400.171836126726;304.416563904979;144.575981357098
400.63972362011;304.679507585586;144.411559200186
401.051371593684;305.076203412282;144.219203767161
401.661084520281;305.536289459214;144.016885593561
402.407614473165;305.941674504352;143.807832993394
402.934128359236;306.290393473647;143.616774750519
403.284506461413;306.599542340993;143.464807071467
403.795264254141;306.921710400038;143.347727697554
404.441756153352;307.188501542509;143.226749323653
404.905631859638;307.44881795805;143.048004906245
405.236553622765;307.825816363869;142.763968607851
405.542033733996;308.217088744057;142.490504116161
405.964233304867;308.508214025631;142.363367854564
406.760134847655;308.775615968756;142.332123614182
407.732167329553;309.081740916637;142.297190308328
408.42134471148;309.489494583167;142.23959502391
408.863014545425;309.847388886116;142.204661718056
409.081630868684;310.00578768202;142.196867043926
409.136585492629;310.021985906415;142.20860312946
409.138765089844;309.939172457006;142.272847918592
409.113991980397;309.748863054631;142.400118800073
408.978167978054;309.560698534612;142.47484318513
408.583600931636;309.443209609154;142.393439959963
407.789597439914;309.250289401851;142.201868105101
406.640823111125;308.802803562958;141.934244111731
405.437870657523;308.105790407042;141.664931486152
404.05858370244;307.263696238824;141.630183779739
402.359894693096;306.335808721285;141.873379263934
400.55794981447;305.110496506714;142.293518169292
398.47539288339;303.521783780832;142.93821242303
396.080326373226;301.613595149287;143.958547323488
393.454334015249;299.074418180336;145.718383671461
390.649231593788;295.73598505455;148.301376122568
387.561419721266;291.929093120753;151.213171555349
384.238673414435;288.060972552072;153.990295560488
380.7952291979;284.169814286052;156.678994710002
377.294629324193;280.621285019151;158.974059321899
373.831292917272;277.639339265606;160.606522578593
370.60242613009;275.149814521032;161.571607595322
368.010442925491;273.442839111544;161.934271106694
366.052961860289;272.754783107303;161.956296471592
364.909539343936;272.697847236021;161.86627925897
364.520190001508;272.977632361514;161.739679675304
364.610828662389;273.452817947329;161.592721276098
365.264798062154;273.809090324229;161.524757246867
366.402592844177;274.038240080282;161.602683825352
367.374284943622;274.206795040649;161.850332151901
368.250255546321;274.271252271712;162.181553868593
369.420548998169;274.068289638639;162.776057217291
371.382903051624;273.278996531901;164.390812157125
374.027042570481;272.088851090249;166.852869988097
375.762036599649;271.393820690368;168.355912574798
376.284910185971;271.251254688248;168.731114069742
376.394454339789;271.293682780909;168.752707799749
376.596999354852;271.454782792562;168.745853408656
376.911780757602;271.802126523248;168.522696913484
377.146082948295;272.169349183521;168.089754630421
377.390834464325;272.409255454426;167.772107508619
377.724793370768;272.72185902105;167.502206883336
377.972548631559;273.226798687773;167.147365175482
378.242913090519;273.7254392695;166.858051496529
378.700779726302;274.229198354774;166.555191766745
379.175951303889;274.727789173626;166.147979442399
379.549674299477;275.246535409777;165.7882904263
379.983400800947;275.793434601087;165.509910417988
380.751848853139;276.353279676822;165.185822408874
381.639098823375;276.90549757751;164.802567982268
382.153829500919;277.415937756566;164.437024640959
382.515373162542;277.904580628939;164.181093497427
383.083350227052;278.342996526131;164.04082005284
383.638906093195;278.562594772954;163.988870163366
383.936071910246;278.670000006723;163.945806725323
384.18655035837;278.950737799615;163.782142789962
384.55543383035;279.450342484576;163.464848161611
384.902195020308;279.91426092098;163.161007645325
385.227893110988;280.354462472365;162.933479150348
385.501513804893;280.727487175048;162.739589561942
385.657431812842;280.935857702633;162.56325730681
385.811784520016;281.143103419556;162.366293739613
386.07197713612;281.506457996642;162.075690831501
386.353191306657;281.899777406343;161.774745937773
386.598108541475;282.238686345495;161.518393620422
386.888850153473;282.638877205147;161.217435467752
387.179595580603;283.03907331613;160.916473365889
387.427259739736;283.379970279819;160.660106390061
387.7406097235;283.81128039918;160.348665385501
388.112697384743;284.321668371832;160.011247960508
388.438006953548;284.76150383586;159.73734120118
388.705357396044;285.116424770887;159.514822172686
389.079842567503;285.539023145706;159.325163984587
389.672617322946;285.972456232845;159.193006601055
390.327338975163;286.245903695532;159.138699815939
390.717105393032;286.401648131458;159.082122481401
390.991353826023;286.694195207145;158.872383305193
391.347629067103;287.184618428809;158.503181268235
391.651226943944;287.602529727947;158.188567897387
391.885823759856;287.925459061748;157.945459164835
392.088231235089;288.204078832774;157.735707704349
392.277671708646;288.464849149212;157.539393729492
392.378876928099;288.635246677038;157.411114497214
392.424041463061;288.822835705622;157.259430227135
392.545285430375;289.141661087754;156.969018485445
392.80449114473;289.464007044345;156.634701034203
393.085207254936;289.69888792599;156.403685374047
393.30624470446;289.914897486259;156.280946133634
393.557646108572;290.16545233144;156.183902661323
393.9719596609;290.360895135424;156.079096029756
394.545364794597;290.52406411463;155.957797508119
394.968529774104;290.72573949938;155.853015249075
395.22986150096;291.000465613915;155.745241100024
395.432336715923;291.279140550739;155.597657237301
395.64443067082;291.57105415356;155.391964481214
395.84691167284;291.849737055348;155.182390978542
396.059011689756;292.124446307706;154.986243613334
396.310689396962;292.343207926687;154.87192112839
396.743248548086;292.567873359046;154.805810227771
397.331778444072;292.833300827563;154.73536122211
397.892098323423;293.106185972566;154.683102047725
398.452282884063;293.379055917898;154.630858692846
399.040503298765;293.644417312903;154.560443260318
399.472825887785;293.868933578874;154.49436292534
399.744630134066;294.116970708077;154.344705177833
400.024767553401;294.492343943731;154.013427004026
400.275499529046;294.849048527611;153.647218808612
400.42857741952;295.011998176086;153.465260646418
400.649827363203;295.031537954122;153.429875115768
401.094597137431;294.987238595133;153.433957026513
401.660940840198;294.91420129969;153.452250881284
402.1661630559;294.869901940702;153.482412348768
402.409582396494;294.860017417636;153.500706203539
402.4588489851;294.860017417636;153.504788114284
402.481465687254;294.89112623412;153.481520773491
402.582826714103;295.030546276946;153.377243786564
402.772560063094;295.291520661916;153.182052177248
402.975284652765;295.570364235747;152.973495594466
403.165021617016;295.831343593434;152.778300265886
403.315613043043;295.970767124439;152.674020670031
403.576951691655;296.012599028225;152.650752747108
404.02406847688;296.062266105239;152.653704752267
404.408922025704;296.16109535593;152.655137288363
404.696517785444;296.293652069924;152.615895225327
405.118658446446;296.493792831357;152.490241142497
405.700232593515;296.771217012883;152.304271394383
406.209956055452;297.103095610205;152.108012761473
406.550419537314;297.443876348132;151.963829212861
406.798470052102;297.750682542522;151.875519119215
407.138893056059;298.074225581364;151.806959357673
407.628034469375;298.316765654109;151.770334907573
408.115696103996;298.410412444361;151.762162888156
408.35887655204;298.424365580356;151.762162888156
408.408088862863;298.424365580356;151.762162888156
408.408088862863;298.424365580356;151.762162888156
408.408088862863;298.424365580356;151.762162888156
408.408088862863;298.424365580356;151.762162888156
408.408088862863;298.424365580356;151.762162888156
408.385468499552;298.393260661727;151.770334907573
408.261471234246;298.239896697338;151.806959357673
407.943729125678;297.947490097279;151.867342867582
407.454606151507;297.704926025569;151.903967317682
406.966892369865;297.61125049559;151.912139337098
406.651783534611;297.583320154794;151.904392359421
406.206180766225;297.505110753604;151.862371102521
405.29477336402;297.268028165177;151.762788952523
404.111246874021;296.755000315943;151.631023883974
402.808982303206;295.932064926307;151.519504944992
401.315770774509;295.020838910082;151.451184859748
399.832629236408;294.206514708701;151.3612325641
398.327742941208;293.488103864403;151.251907164815
396.371036276471;292.641609832939;151.276128612786
394.161367140785;291.398980752678;151.548727490196
391.961253178725;289.565571105039;152.301783936297
389.690549713358;286.921849626182;153.903696026799
387.118597866792;283.48479548906;156.290786633322
384.125071802515;279.366787285452;159.368026021122
380.720102469437;274.824029258015;162.949904206998
376.843892427153;270.376947224978;166.401883731603
372.32606218807;266.230745337489;169.218880029327
367.513290202209;262.174915476803;171.609139110783
362.788054964169;258.095622985071;173.925302656617
358.234200129175;254.122877323144;176.171660617217
354.110376605774;250.40804161634;178.274843192261
350.539124206871;247.302879390252;179.853972959003
347.46336188266;245.390984264083;180.526071095705
344.788733165159;244.705763924117;180.517463693918
342.86252830339;244.649989854966;180.008299048711
341.956900753996;244.869461939075;179.207389737895
341.746174322683;245.312296814425;178.706893042696
341.874243581661;245.808936489173;178.581405230611
342.365006587824;246.211134559981;178.579924296468
343.275269968128;246.569795408831;178.587004667243
344.294289379491;246.951104398765;178.544727223837
344.991084385754;247.389929751518;178.336964648571
345.45616315662;247.935217382835;177.97994211411
345.85720782527;248.49099170642;177.713407018977
346.271411986597;249.039643580549;177.571515454243
346.536306237836;249.364691223835;177.513701158361
346.664281994026;249.516881538489;177.454158245988
346.876057801065;249.802974311277;177.245119722271
347.211561349303;250.264663452499;176.900473461823
347.465446762569;250.544692071906;176.720929284352
347.736694513491;250.607174902601;176.806470974286
348.204793354774;250.636625708019;177.0244063533
348.859747798748;250.768615060772;177.156590842509
349.61762637056;250.986228714164;177.186085188755
350.04673853134;251.118218066917;177.186085188755
350.114833225232;251.195416619674;177.1247100533
349.990900309815;251.409407177055;176.849645779541
349.786569476029;251.762217960737;176.396141460586
349.662636560612;251.976208518118;176.121077186827
349.634983389348;252.055191947712;176.036385236354
349.607313860758;252.211720872172;175.893791896448
349.483307636899;252.516651601338;175.550774378261
349.278855937924;252.77885748594;175.164792342929
349.154849714064;252.88422168889;174.970747263946
349.149885877839;252.932007484147;174.909328200308
349.274351961474;253.103286266641;174.781470326665
349.543887860434;253.474196793141;174.504589381229
349.813425323475;253.845109471984;174.22770682909
349.937893280159;254.016390831997;174.099847031355
349.960599510494;254.047637058867;174.076522039966
349.993910035265;254.101385905994;173.996531675403
350.143197450059;254.342271526707;173.638039732812
350.389330786278;254.739424773381;173.030200782418
350.538618201072;254.980310394094;172.596480734135
350.571928725843;255.034059241221;172.392460191565
350.575981964046;255.036988045004;172.300368172124
350.639609615935;255.079566437456;172.224867608667
350.873307106852;255.233204052475;172.192623681129
351.328229709285;255.490581845244;172.347180854335
351.987936460506;255.742031749845;172.665718788046
352.91695689815;255.955650339782;172.981695370192
353.993369271188;256.057051208201;173.132304954771
355.176324167451;256.143397509202;173.107315962873
356.011889016167;256.428973914244;172.884528653341
356.475177737671;256.882825390891;172.532376793852
356.665596199395;257.153278083099;172.322169064324
356.707229731138;257.212998048699;172.27570470679
356.74889266425;257.272755671472;172.229238420782
356.939415379326;257.540570756327;172.020990974638
357.283248580758;257.984894496383;171.676958021176
357.683762433328;258.289160873802;171.465613909684
358.353235887886;258.477095933176;171.414042085648
359.272071735534;258.650601773007;171.434171763695
359.930139919831;258.70368903156;171.514347710203
360.329330368248;258.679801852348;171.581875215186
360.748254212233;258.751935974706;171.514756896017
361.15583317715;258.917847826971;171.435723833662
361.551452805035;259.129708593374;171.376189438647
361.952267570035;259.311947010973;171.201751510971
362.408731238549;259.503799566195;170.904597423301
362.838801354156;259.78415371869;170.697221588055
363.225528201037;260.14129829891;170.606608107611
363.429489372623;260.347941782511;170.575504043629
363.474999261503;260.394050176101;170.568563788851
363.474999261503;260.394050176101;170.568563788851
363.478594497731;260.396701267725;170.568563788851
363.536623497836;260.468489233417;170.537884189038
363.751044585543;260.756561040677;170.384793914747
364.076878981006;261.213723298871;170.088213856409
364.21298626815;261.589585189408;169.710443469824
364.00686957498;262.085488065665;169.049441213277
363.59793235409;262.784089142752;168.109844805794
363.349899391723;263.203297017682;167.549408923284
363.395412513779;263.26322924736;167.50313383265
363.847421137823;263.115246672557;167.856179147235
364.592657370823;262.871264653787;168.438252466913
365.044665994866;262.723282078984;168.791297781498
365.191037490311;262.752824836719;168.823796104663
365.395020397611;263.033208865968;168.616398169809
365.731331355736;263.495483978956;168.274456783117
365.935314263037;263.775868008205;168.067058848264
365.98082900181;263.838430141555;168.005188131605
366.003586977493;263.869712041611;167.92775575042
366.128339528267;264.04119024686;167.755577195827
366.398495469714;264.412532200905;167.526235805308
366.668652586353;264.783875770306;167.305849187642
366.843763487183;264.955355910007;167.227088536639
367.188024800708;265.016110304481;167.349549908917
367.98954502687;265.148194370523;167.589604990354
368.923239481902;265.365964179728;167.735205757266
369.403026376075;265.49804824577;167.767693679705
369.498845149916;265.561266437101;167.759674035286
369.502237699867;265.712506648194;167.723732482545
369.540178058429;265.993113765064;167.641330256319
369.689877928433;266.284425420709;167.501661696412
369.974977483287;266.549110443282;167.322625128933
370.248266456841;266.689181887834;167.218898121767
370.372900049274;266.720436051689;167.195753498046
370.398992018635;266.72289465726;167.21077187722
370.414030524642;266.733913362975;167.278079583016
370.438824829376;266.752080137464;167.389051229245
370.453863335383;266.76309884318;167.456358935041
370.407010207266;266.7821609283;167.432314134743
370.181990549066;266.856572561127;167.257245110251
369.76075730589;266.995869961526;166.929518663787
369.310584103485;267.144737501873;166.579276449272
368.889159993609;267.284098019881;166.251401505351
368.664006449404;267.358553927401;166.076228315327
368.613767903027;267.37516728597;166.037141893384
368.613767903027;267.37516728597;166.037141893384
368.613767903027;267.37516728597;166.037141893384
368.613767903027;267.37516728597;166.037141893384
368.617199707927;267.37765614471;166.037141893384
368.674626136721;267.448847001745;165.990785896821
368.888421689897;267.736302540368;165.783032733684
369.214483306047;268.191070385724;165.440505674563
369.55222956283;268.491859817366;165.264602472559
370.248049710497;268.682920137009;165.3609880987
371.325940812808;268.898941786566;165.596329248265
371.979714814192;269.029965540184;165.739070870969
372.125591511821;269.059200891312;165.770920832102
372.171047850905;269.121693305807;165.724590339168
372.374769028953;269.401764876827;165.516951475359
372.710648468494;269.863524833285;165.174612863974
372.959827735128;270.206091223977;164.935445686826
373.212268905479;270.551024417405;164.747815096595
373.562752811464;271.023371889777;164.514850620631
373.790539211417;271.320880801684;164.373550523335
373.850588839281;271.393945365276;164.342022209996
373.853844651777;271.39630379393;164.342022209996
373.853844651777;271.39630379393;164.342022209996
373.853844651777;271.39630379393;164.342022209996
373.853844651777;271.39630379393;164.342022209996
373.853844651777;271.39630379393;164.342022209996
373.857085521557;271.398651398456;164.356758229202
373.871610092227;271.409172632001;164.422800485413
373.89555706084;271.426519213541;164.531685757995
373.91008163151;271.437040447087;164.597728014207
373.91332250129;271.439388051613;164.612464033412
373.91332250129;271.439388051613;164.612464033412
373.91008163151;271.437040447087;164.597728014207
373.89555706084;271.426519213541;164.531685757995
373.871610092227;271.409172632001;164.422800485413
373.857085521557;271.398651398456;164.356758229202
373.876563892444;271.427541102305;164.318837169229
373.997869250054;271.582066672949;164.214929025426
374.256302651631;271.892370168057;164.03620114196
374.566666635956;272.206473074081;163.899073299956
374.947731871725;272.43401415445;163.822472675438
375.523110275572;272.607534415847;163.809732916255
376.233718547788;272.796795630788;163.862498942894
376.914009154568;272.964832449239;163.910463589329
377.317242462741;273.113449794583;163.852295192729
377.60750628104;273.417972724214;163.72312002588
377.960076859748;273.891690551892;163.564146059411
378.209160844185;274.219321695671;163.412136213801
378.392861054757;274.462908093485;163.22578139194
378.665412578147;274.835658842606;162.992072967999
378.934874919297;275.206168880696;162.766580101744
379.062364345774;275.379475337897;162.667960991533
379.098761304831;275.420597205965;162.708433201925
379.121343976355;275.436935366662;162.813398017937
379.135041059012;275.446844962049;162.87706239704
379.141139607264;275.451257153106;162.905408600211
379.154774321651;275.46112162616;162.96878309005
379.177254165281;275.477385392707;163.073269959466
379.148578425848;275.427080398234;163.183101049434
378.961998443411;275.159620614706;163.41955845711
378.649364126571;274.715025043712;163.826077214143
378.459741828128;274.445364198731;164.138560122332
378.417431374309;274.385194731205;164.248265054969
378.417431374309;274.385194731205;164.262377665531
378.394762678823;274.385194731205;164.262377665531
378.262902876739;274.399777826295;164.209783945398
377.959760900479;274.465134724172;163.974075244712
377.63453147724;274.572890031889;163.585457296203
377.476221068135;274.638246929766;163.349748595517
377.396040642265;274.669634876763;163.258651607257
377.17233861761;274.744948997885;163.086091931318
376.803516331262;274.869120991363;162.801589123133
376.652414180262;274.958829855315;162.629029447194
376.950555280199;275.054534246535;162.597824883943
377.638544103408;275.242188382285;162.638504817921
378.377740101385;275.502737076257;162.720182358805
379.094691860225;275.784654288653;162.783353672694
379.856143726165;276.076223570993;162.800157453411
380.717566220959;276.41777060143;162.826282535583
381.55756230435;276.791302847822;162.835732227896
382.312515001824;277.113845644275;162.758732838613
382.935593953977;277.503136403695;162.574667574937
383.667643336185;278.042440280239;162.373417796706
384.428611113478;278.444119328157;162.233690734099
384.9000863303;278.658795945038;162.173404580355
385.192476150198;278.860359510179;162.22310553816
385.532084058449;279.043126491374;162.300137074031
385.955033702051;279.1130876686;162.378022864666
386.210751021075;279.070566524697;162.506000212
386.275653481322;278.976033084276;162.696173065644
386.275653481322;278.916673078146;162.859604517616
386.243372249471;278.865697389407;162.990662781947
386.133853133209;278.720257231566;163.108000859932
385.974609420785;278.496042413995;163.254415804356
385.882780983067;278.363524608615;163.39713040538
385.810454661945;278.334407187218;163.438211612964
385.552714437257;278.31807433277;163.324496139974
385.063589845245;278.244875557506;163.115146335898
384.661101234129;278.12419117974;162.988169261121
384.529766760855;278.082150763758;162.936607715427
384.628480005734;278.2345681902;162.795812352795
384.884770414086;278.595252968533;162.459739526973
385.132854919466;278.949977189048;162.084532113552
385.28973013717;279.173929905612;161.86571927347
385.585093758617;279.496724388061;161.674143001603
386.267025163818;280.052593531991;161.367578635906
387.129100669161;280.608441922616;161.056352297222
387.790412492268;281.135944617111;160.775996922423
388.330986235221;281.707191844701;160.472454416366
389.085499418248;282.336627097367;160.226580644436
390.093977638609;282.946516553602;160.12213892907
390.985633246363;283.399107022951;160.093715079001
391.663963250919;283.707465359441;160.062501994461
392.078438092749;283.904321766776;160.053361710043
392.229399166346;283.984825750358;160.117594026479
392.252033647315;283.999006983681;160.174247585519
392.252033647315;283.999006983681;160.189186474691
392.252033647315;283.999006983681;160.189186474691
392.206765219311;283.999006983681;160.189186474691
391.927451399552;283.97257149578;160.172338511391
391.230438985636;283.854095858583;160.096831178409
390.373304484028;283.658762555477;159.972340632427
389.840629726956;283.542212912026;159.896833299445
389.686682614141;283.524409129244;159.879985336144
389.709067340702;283.569767559676;159.869682490267
389.822436394068;283.717901493354;159.823508338506
389.992297243461;283.949827778635;159.74738003234
390.093704156909;284.089330007193;159.701205880579
390.089468628066;284.168597825633;159.629708892363
389.969079391294;284.384349312604;159.355455773477
389.770591095865;284.740063378357;158.903288822814
389.650201859094;284.955814865328;158.629035703928
389.623339389413;285.003955529168;158.567841561589
389.623339389413;285.003955529168;158.567841561589
389.600706204149;284.989832039519;158.567841561589
389.499271305126;284.926534950325;158.567841561589
389.282510215905;284.805162372119;158.576502251409
388.95912767172;284.682630189568;158.592020541169
388.570564682896;284.619042731746;158.55160840856
388.348617037734;284.668506699919;158.418285783419
388.299093824124;284.727741793276;158.322540017699
388.299093824124;284.744755114156;158.299243788554
388.272187578229;284.761777910514;158.261297273022
388.151602150075;284.869223369611;158.067929013203
387.952790389741;285.13463090178;157.683099803426
387.927029506886;285.48638675427;157.332200513976
388.347737956853;285.877033118732;157.127784856548
389.172510960838;286.413376080206;156.93620869151
389.93837886717;287.000063319561;156.725323995318
390.69991202706;287.494113210693;156.603633450625
391.716862126718;287.873198835809;156.541650169077
392.750043583448;288.26384212658;156.471376901053
393.444293464736;288.732152494755;156.403592794773
393.798937439278;289.12563930565;156.346984286469
393.92291714443;289.296221667444;156.317884897795
393.914025207825;289.289907159414;156.320394028956
393.782638489738;289.145185224711;156.360738563329
393.472246060586;288.920545530566;156.427255455306
392.944642452955;288.790508427002;156.442902034198
392.24880355544;288.775088469538;156.341215559478
391.656712450965;288.797975515077;156.158720980906
391.385922385123;288.811857209907;156.04803242377
391.299680509088;288.785692337677;156.04668903792
391.198329170152;288.65454782095;156.151356957375
391.025477827166;288.438327066686;156.323925182539
390.787889771617;288.307182549958;156.427525869095
390.3420600765;288.282953621886;156.408709948401
389.674172176011;288.305511616486;156.233265024854
389.077248972323;288.342703462007;155.952223799891
388.710326932189;288.368437633067;155.732160501067
388.217885563325;288.418850478769;155.440849973353
387.48741603121;288.581900920239;154.955914553155
387.044363863996;288.826266536072;154.552497405345
386.948299068446;288.970954866234;154.409692584802
386.960818691402;289.010752317752;154.446782624349
386.984241146601;289.026940135301;154.55994811573
387.009224734663;289.044206889014;154.680656213813
387.032567844525;289.060339869108;154.793438348544
387.045031809631;289.06895401273;154.853657942254
387.050581646378;289.072789637302;154.880471954587
387.065746819767;289.083270650408;154.953742424481
387.098559027559;289.105947949975;155.112274465067
387.131335607276;289.128600626128;155.283893551419
387.146458114609;289.139052151705;155.416548637553
387.085655762576;289.132828711581;155.541622454931
386.7980360061;289.094493072843;155.660968403205
386.249771704469;289.025888259692;155.772512981997
385.647704098445;288.977280331467;155.833121109858
385.033254988324;288.974585306852;155.81165442754
384.463948390465;289.028433403515;155.615506252869
383.813459895708;289.154740350614;155.188854324296
383.159023596775;289.374743257904;154.692167720902
382.569156653287;289.756524956773;154.159405410542
381.863528270962;290.277511360155;153.488377469544
381.000317912971;290.601370723853;152.955475956892
379.995900648155;290.678749261251;152.728014789081
379.076112113281;290.610891964995;152.690839228133
378.025451104908;290.33864228023;152.790148855118
376.863033392561;289.814912056139;153.121641523008
375.736737937621;289.163308610467;153.624990967131
374.404784542139;288.410015466938;154.015513743266
372.94931098358;287.599513534602;154.224136961838
371.499620478867;286.938237919093;154.314231799153
369.909107122591;286.66018606562;154.255036390834
368.249416370764;286.723912612595;153.80100396445
366.563569717188;287.038079605131;152.809648673922
364.983973077472;287.494155011944;151.666672169178
363.581053264424;287.972532931961;150.643317537092
362.265821016653;288.439626971176;149.723125755839
361.218784009597;288.823532901903;149.091310498167
360.583560430741;289.078805143232;148.822004303075
360.328889299862;289.202285657276;148.699916324925
360.258707880684;289.264891716704;148.557267613315
360.239413467509;289.356175093779;148.398606815528
360.231428246933;289.532806130606;148.229087320519
360.278298803956;289.829668639558;148.053411337801
360.544501550129;290.301611509409;147.773134581327
361.134831272771;290.86388873649;147.378175895798
361.813836222562;291.489082913928;146.986500730536
362.375153930972;292.137424802949;146.56606430645
362.878000686603;292.823797561042;146.041511374337
363.340129172745;293.475497086901;145.470279649435
363.716313004842;293.925901378774;145.028973172768
364.282273398848;294.268112036251;144.723892914933
365.255178798272;294.61417182606;144.469778076451
366.35102869166;295.113275709389;144.18197656147
367.226391713753;295.850870620013;143.811554573263
367.942483146573;296.667498805976;143.412103007958
368.817540202742;297.404911452763;143.107398953415
369.897237463912;297.876811220211;142.977783492476
370.868827382867;298.113927657038;142.966130628561
371.657667079218;298.262727159799;143.023127832624
372.609288006319;298.470535184737;143.126685773103
373.578876749341;298.78027460122;143.2053005542
374.164130737913;299.099803719393;143.232427320666
374.351921469765;299.262071912179;143.235810852866
374.377779186098;299.29525243539;143.235810852866
374.377779186098;299.29525243539;143.235810852866
374.377779186098;299.29525243539;143.239290196885
374.358473999401;299.283756146545;143.266521657278
374.222720438217;299.218719619123;143.344389171074
373.836855253384;299.069090356104;143.446496456686
373.236141243018;298.885743051015;143.504461178558
372.586085388547;298.72268576733;143.519935763504
371.970557150556;298.59497020049;143.498462204848
371.511145509045;298.535192401357;143.380666813385
371.090516604777;298.504977530643;143.140946794028
370.460165531504;298.488203786256;142.872172789521
369.724364565824;298.55008984324;142.591679747678
369.066108931742;298.627599602191;142.299582828739
368.524253736639;298.677225175278;142.059534634513
368.160550593745;298.791628032837;141.800557840051
367.91336729959;299.061797764661;141.41986190002
367.793369178563;299.37130966225;141.084752211555
367.766593978601;299.528709666996;140.942484215769
367.763052618283;299.557764672597;140.918659406556
367.724583091625;299.51703773491;140.910291724807
367.593570040769;299.359374573085;140.872790376965
367.394731012612;299.109730772958;140.810961107099
367.263551547664;298.951939716964;140.773459759257
367.228532694669;298.911123066197;140.781223901733
367.293868107944;298.895610494578;140.905074997523
367.557375609432;298.835711736833;141.255319702928
367.964354126395;298.73695538085;141.708547567788
368.182486574596;298.645883204195;141.979542707083
368.134192793186;298.492808413974;142.137838898133
367.967328033926;298.262466272856;142.313828213544
367.866119441409;298.122756702044;142.420571129123
367.843536751952;298.1404071539;142.393132595079
367.843536751952;298.359220561881;142.163418701371
367.846380311981;298.755391867847;141.784684518638
367.866098814097;299.137087030848;141.586570773824
367.925281637373;299.470479988673;141.708261771533
368.027400488618;299.682860549545;142.113199730303
368.153475777755;299.792296205229;142.671535518189
368.287659491835;299.878932786849;143.324979799947
368.400438487264;299.977686950322;144.069819245524
368.434044039799;300.097361349565;144.804486587865
368.321144560766;300.29927887133;145.406881955646
367.899300458682;300.631329074461;145.840361062836
366.933392431547;300.988738820885;146.116670265263
365.290891788948;301.264414826329;146.364319669727
363.075389673996;301.486027084719;146.750348650963
360.38317277684;301.791399651626;147.197828458694
357.344147338153;302.339322111214;147.500517257945
353.935595115503;303.030002085664;147.808511648044
350.218237298774;303.599488312625;148.407549790108
346.199581591824;303.983278667395;149.251812469427
341.674982807284;304.287811778701;149.964100241226
336.745052910027;304.680198909717;150.248902256943
331.759924092727;305.278756840548;150.119502226487
326.444138840889;306.114117606652;149.606739310005
320.681915391769;307.015483048936;148.847387876211
314.569081907664;307.954048653911;147.996274982409
308.093724220115;309.160560208343;146.853930680634
301.080835007273;310.75083127861;145.226000867152
293.461634668186;312.812054182011;142.758136906302
285.861154746558;315.40580679051;139.333188438633
278.866963437985;318.532298868043;135.061623788315
272.717266546851;322.20109826419;130.234597421112
267.858268167714;326.291418704042;125.154197029668
264.276381209567;330.363238758403;120.296280242121
261.048222541344;334.264531303535;115.771964930957
257.945088564908;337.827679811154;111.63478944184
255.635255566095;340.770190412098;108.350930623172
254.683990479573;342.625502146851;106.544532180462
254.658099251937;343.192643567014;106.127855087676
255.089779697384;342.58301230219;106.881896664634
255.876646535027;340.73974239463;108.930180158487
256.901535647334;337.82353552888;112.077501886192
257.775934512845;334.120901446666;115.998565186804
258.258426777511;330.09440140948;120.151361219422
258.448194900529;326.248721709807;124.1397845848
258.506124256898;322.956769935641;127.758376014645
258.567693685242;320.183357010798;130.928390508333
258.537283549975;318.071125282067;133.525294377481
258.350626976873;316.919220069282;135.235597208272
258.099944743507;316.658415887302;135.882404414061
257.797237723715;317.178499823283;135.808414322518
257.326412437198;318.512871571887;135.243588469366
256.61680320802;320.394346064389;134.125057867977
255.593082242822;322.80791755164;132.315096823585
254.28934074379;325.867992078329;130.001073068369
252.943026669922;329.063131894012;127.736050683007
251.503923812088;332.159199909109;125.614685927711
249.675342207989;335.725196393782;123.033375604597
247.830454822963;339.847603006232;119.957567758568
246.270188152818;344.161975920863;116.757854336905
244.479119664991;348.345877117221;113.673368899977
242.233786733057;352.446893306133;110.636913238203
239.81822334436;356.548149526207;107.631881344797
237.083312592476;360.804632786902;104.571498920091
234.12164782668;365.101080025558;101.582418880518
231.263866391071;369.09062204817;98.9506382536596
228.585451710982;372.793615484042;96.7010649920526
225.738137076372;376.720967749611;94.2663560610288
222.565549922405;380.773382152826;91.6468892780448
219.190204393726;384.682523839003;89.1574295514261
215.802872112842;388.552123180377;86.7232085216266
212.41493444697;392.472139783659;84.2881234003854
209.047785787186;396.690909401189;81.6089501429817
205.662787386216;401.190352152065;78.6948526022448
202.293943807142;405.781953910819;75.6200200763388
199.026123101788;410.489200870462;72.3777665482489
196.025279641911;415.071357934231;69.0298801778506
192.99399195652;418.516344095014;65.6957287872869
189.991572852071;419.972368957982;62.8066792527302
187.745798357219;420.256221925113;60.8409506290727
