NaN;NaN;NaN
NaN;NaN;NaN
NaN;NaN;NaN
NaN;NaN;NaN
NaN;NaN;NaN
NaN;NaN;NaN
NaN;NaN;NaN
NaN;NaN;NaN
NaN;NaN;NaN
NaN;NaN;NaN
NaN;NaN;NaN
NaN;NaN;NaN
NaN;NaN;NaN
NaN;NaN;NaN
NaN;NaN;NaN
NaN;NaN;NaN
NaN;NaN;NaN
NaN;NaN;NaN
NaN;NaN;NaN
NaN;NaN;NaN
NaN;NaN;NaN
NaN;NaN;NaN
NaN;NaN;NaN
NaN;NaN;NaN
NaN;NaN;NaN
NaN;NaN;NaN
NaN;NaN;NaN
NaN;NaN;NaN
NaN;NaN;NaN
NaN;NaN;NaN
NaN;NaN;NaN
NaN;NaN;NaN
NaN;NaN;NaN
NaN;NaN;NaN
NaN;NaN;NaN
NaN;NaN;NaN
NaN;NaN;NaN
NaN;NaN;NaN
NaN;NaN;NaN
NaN;NaN;NaN
NaN;NaN;NaN
NaN;NaN;NaN
NaN;NaN;NaN
NaN;NaN;NaN
NaN;NaN;NaN
NaN;NaN;NaN
NaN;NaN;NaN
NaN;NaN;NaN
NaN;NaN;NaN
NaN;NaN;NaN
NaN;NaN;NaN
NaN;NaN;NaN
NaN;NaN;NaN
NaN;NaN;NaN
NaN;NaN;NaN
NaN;NaN;NaN
NaN;NaN;NaN
NaN;NaN;NaN
NaN;NaN;NaN
NaN;NaN;NaN
NaN;NaN;NaN
NaN;NaN;NaN
NaN;NaN;NaN
NaN;NaN;NaN
NaN;NaN;NaN
NaN;NaN;NaN
NaN;NaN;NaN
NaN;NaN;NaN
NaN;NaN;NaN
NaN;NaN;NaN
NaN;NaN;NaN
NaN;NaN;NaN
NaN;NaN;NaN
NaN;NaN;NaN
NaN;NaN;NaN
NaN;NaN;NaN
NaN;NaN;NaN
NaN;NaN;NaN
NaN;NaN;NaN
NaN;NaN;NaN
NaN;NaN;NaN
NaN;NaN;NaN
NaN;NaN;NaN
NaN;NaN;NaN
NaN;NaN;NaN
NaN;NaN;NaN
NaN;NaN;NaN
NaN;NaN;NaN
NaN;NaN;NaN
NaN;NaN;NaN
NaN;NaN;NaN
NaN;NaN;NaN
NaN;NaN;NaN
NaN;NaN;NaN
NaN;NaN;NaN
NaN;NaN;NaN
NaN;NaN;NaN
NaN;NaN;NaN
NaN;NaN;NaN
NaN;NaN;NaN
NaN;NaN;NaN
NaN;NaN;NaN
NaN;NaN;NaN
NaN;NaN;NaN
NaN;NaN;NaN
NaN;NaN;NaN
NaN;NaN;NaN
NaN;NaN;NaN
NaN;NaN;NaN
NaN;NaN;NaN
NaN;NaN;NaN
NaN;NaN;NaN
NaN;NaN;NaN
NaN;NaN;NaN
NaN;NaN;NaN
NaN;NaN;NaN
NaN;NaN;NaN
NaN;NaN;NaN
NaN;NaN;NaN
NaN;NaN;NaN
NaN;NaN;NaN
NaN;NaN;NaN
NaN;NaN;NaN
NaN;NaN;NaN
NaN;NaN;NaN
NaN;NaN;NaN
NaN;NaN;NaN
NaN;NaN;NaN
NaN;NaN;NaN
NaN;NaN;NaN
NaN;NaN;NaN
NaN;NaN;NaN
NaN;NaN;NaN
NaN;NaN;NaN
NaN;NaN;NaN
NaN;NaN;NaN
NaN;NaN;NaN
NaN;NaN;NaN
NaN;NaN;NaN
NaN;NaN;NaN
NaN;NaN;NaN
NaN;NaN;NaN
NaN;NaN;NaN
NaN;NaN;NaN
NaN;NaN;NaN
NaN;NaN;NaN
NaN;NaN;NaN
NaN;NaN;NaN
NaN;NaN;NaN
NaN;NaN;NaN
NaN;NaN;NaN
NaN;NaN;NaN
NaN;NaN;NaN
NaN;NaN;NaN
NaN;NaN;NaN
NaN;NaN;NaN
NaN;NaN;NaN
NaN;NaN;NaN
NaN;NaN;NaN
NaN;NaN;NaN
NaN;NaN;NaN
NaN;NaN;NaN
NaN;NaN;NaN
NaN;NaN;NaN
NaN;NaN;NaN
NaN;NaN;NaN
NaN;NaN;NaN
NaN;NaN;NaN
NaN;NaN;NaN
NaN;NaN;NaN
NaN;NaN;NaN
NaN;NaN;NaN
NaN;NaN;NaN
NaN;NaN;NaN
NaN;NaN;NaN
NaN;NaN;NaN
599.890497092269;282.535889753494;271.345342808889
441.535155691042;249.230409810301;210.916280048409
406.400236114613;241.193736278963;197.508949104659
406.723337263133;240.694047953074;197.641191178389
406.950036203721;240.561934987375;197.700273962036
407.116585867746;240.705229677213;197.623490420279
407.464810464244;241.103580933317;197.467388566654
408.323501819686;241.739429176107;197.386873135107
410.155477233525;242.614399625447;197.517085058868
413.034078301143;243.624796386805;198.065174329083
416.407180571964;244.528320955672;199.093334244466
419.74215837578;245.177980771444;200.387037752913
423.15747459459;245.615373125286;201.946975375263
426.726399801222;245.931813631199;203.73972835537
430.249203895568;246.129215750558;205.616617299985
433.233507991539;246.202582532151;207.365686878006
435.153174665772;246.182837961783;208.726077838153
436.252983545579;246.053788469203;209.709891955452
437.149162937887;245.83601779209;210.590221393215
437.879094364676;245.642063074756;211.318535488961
438.587712116638;245.463742389507;212.066136556053
439.20078675978;245.317960521005;212.746194317827
439.536100779523;245.239168212427;213.121457896528
439.864780900421;245.167029476618;213.439051846496
440.463232059718;245.067150716204;213.967320495362
441.084244863719;245.024137445732;214.507297473753
441.585522164702;245.089346840728;214.903977400234
442.356163341491;245.219144921114;215.293696686412
443.469149291439;245.301912229645;215.855804344892
444.494098654892;245.337588068363;216.574567577076
445.504352995647;245.375502366156;217.437877136464
446.605860668352;245.429719345659;218.155333546304
447.780735191174;245.493291178524;218.694642432308
448.432461294494;245.529398579282;218.960653295851
448.483142539726;245.504526811291;219.014434142403
448.01030476416;245.356951879764;218.950327074012
447.093435068156;245.112945032316;218.733791850098
446.309019337319;244.962246727335;218.419711447443
445.947425918739;244.864312018997;218.280245784682
445.696692450271;244.592223904706;218.430589685727
445.324999006517;244.084843386589;218.794909066863
444.901845593241;243.505223560392;219.199186634839
444.326178058282;242.799196596354;219.591122993428
443.431451300503;242.025019994989;219.844360272587
442.108685981525;241.188965583602;220.007051038111
440.640023394496;240.234318345168;220.254556750109
439.120981670212;239.054321084186;220.645191625718
437.25820096544;237.561556171236;221.144254399262
435.303279270477;235.860025777835;221.818977330977
433.716671804521;234.300945827721;222.497745476525
432.25366581605;233.115358795684;222.845420470633
430.453602255452;232.224900787127;222.846015765801
428.141390125585;231.543792400386;222.457527797745
425.264431970851;231.197654393338;221.548386771077
422.688181020162;231.108132678513;220.405567572448
420.737138838972;231.087381806859;219.531646778972
419.240597826892;231.03168783996;219.034976596413
417.715110723233;230.936929116163;218.614091228767
415.645103908133;230.86389540331;217.990116037805
412.973280480729;230.821945867204;216.941139647528
409.935914439111;230.803950867184;215.620189300046
407.094491067589;230.741438494166;214.619233868565
404.382568139051;230.403015318525;214.025732968614
401.329200690004;229.585614561702;213.765388572663
398.111138027333;228.470734398882;213.70373231394
395.203971484131;227.215562936285;213.751266686267
392.36383889732;225.641401535936;213.980681896995
389.556703742009;223.797273431173;214.41477257832
386.766264940243;221.984061203361;214.840102017011
384.010816777908;220.299114088469;215.221811489633
381.60423152485;218.559595355285;215.703716324733
379.610349896993;216.848360988282;216.322249472438
377.609800816624;215.284587477486;216.868519227349
375.528609004124;213.819788414383;217.270165900037
373.669317312583;212.498277692788;217.583186333175
372.230692237792;211.57940104075;217.830064247009
371.188400973936;211.1995068194;217.902877403797
370.7230796506;211.185890551516;217.683699476791
370.690231484417;211.451187655298;217.144920447861
370.795723212731;211.895389325651;216.561657857902
370.760128727139;212.204601654133;216.149955145102
370.328125814899;212.414668010854;215.714962732777
369.592335038251;212.640912173086;215.152470664387
369.14605537308;212.773314795619;214.819051714434
368.946274943939;212.751159052739;214.744655890735
368.497200843362;212.522267221087;214.744655890735
367.736476667627;212.033593772886;214.828963404518
367.127686318859;211.211946837284;215.273191653192
366.523371103126;209.848656505497;216.210899119634
365.71676150147;208.270663191263;217.203493226279
365.038293090219;206.827976559385;217.923318206046
364.632471289641;205.573402511265;218.414318164945
363.988603444089;204.59317857381;218.627385133126
362.754099485309;203.944612943754;218.579217305573
361.512006378809;203.542949529705;218.327166672652
360.890554233756;203.331095374452;217.97106487753
360.732764831305;203.22943745757;217.645643390136
360.744968846484;203.133846710251;217.392385973287
360.896986605152;202.975441694971;217.224736268188
361.153356013755;202.79175846657;217.156563215031
361.351434929904;202.722886297672;217.144572366151
361.678209114188;202.833126426225;217.144572366151
362.446559132761;203.048501856489;217.136686856883
363.385430703001;203.172587488368;217.130063516376
363.874845198842;203.158869199033;217.215184381224
363.899145560143;203.000308540129;217.461616867589
363.598926550777;202.589137402521;217.761943267968
363.016449970567;201.859752020898;218.138056330945
362.324426949654;201.055176158177;218.619643211682
361.604269667641;200.524866304279;218.948507589104
360.867377671521;200.331170870354;219.020652908257
360.290559237647;200.298384267324;218.888320673449
359.853997831234;200.297360472353;218.651737877782
359.677529027852;200.329903608834;218.508243158649
359.822903409533;200.502891786699;218.476225158988
360.254546740533;200.868370052463;218.489746708138
360.925477165276;201.230911792169;218.550346087177
361.75537463262;201.4145448502;218.65025757239
362.316106656211;201.464204496205;218.710856951428
362.53529613745;201.472051549791;218.724378500578
362.403806700702;201.476337726145;218.713891710181
362.023712053079;201.490161161417;218.666893176277
361.713511223142;201.510342511361;218.582062489674
361.478044556014;201.518280546876;218.477534309777
361.161431434491;201.517442120189;218.302450383278
360.768880873114;201.516520951293;218.087624165639
360.546528962826;201.516520951293;217.969943172233
360.497695850965;201.516520951293;217.945323483626
360.497695850965;201.516520951293;217.945323483626
360.497695850965;201.530186726258;217.923507281308
360.445320389387;201.577766705594;217.822908466488
360.210589855678;201.617498129149;217.649044852014
359.800528511382;201.559900910392;217.520750107661
359.462467614479;201.432251991968;217.452692553359
359.193615264311;201.27214689477;217.421827298126
358.857907571642;201.078778849928;217.483940915779
358.33278222168;200.721898367289;217.679806766573
357.679654219138;200.166611986948;218.003183374708
356.931168907444;199.497660959827;218.333791423163
356.204073782129;198.719457264419;218.671110063834
355.610794757431;197.965428334515;219.050594781949
354.994015910449;197.175787781943;219.445657595526
354.158578764991;196.242489845482;219.831897547896
353.178976498944;195.265706605423;220.317528402878
352.157566678306;194.23283372031;221.03820456312
351.072166810801;193.093593251829;221.806986628089
350.155340101001;192.0297233368;222.488841375735
349.383470409917;191.103122869447;223.067230093372
348.426127635449;190.17729033511;223.543246321777
347.311189872479;189.286370983095;223.882449584519
346.37911319596;188.402901396455;224.217435119726
345.521487345637;187.414182883329;224.585660478719
344.49112935077;186.482676687589;224.885415620449
343.180590555036;185.709546284349;225.125472359554
341.829597705964;184.897012430414;225.381825550002
340.81439030294;184.105864370085;225.591622975599
340.095557937738;183.574821718855;225.703726560833
339.406180870453;183.236951417638;225.71193001596
338.652453194718;182.957126863935;225.658680004946
337.936923470227;182.740090153212;225.611371671069
337.572198591141;182.643477395974;225.583989879351
337.472829589204;182.625098639051;225.572187143293
337.369074403936;182.625098639051;225.569553596906
337.168037411501;182.638370958305;225.523084991225
336.904558800183;182.711137215537;225.268318175445
336.546136540405;182.868741208367;224.71652028265
336.224188470707;183.062337518749;224.160020738867
336.080420207639;183.296300062639;223.884568027066
336.078186136337;183.606948873842;223.799467060966
336.181968374931;183.914250763722;223.757775127942
336.353076359222;184.20317559511;223.701098135843
336.401574115542;184.403234380077;223.527582852634
336.176963203094;184.574108913699;223.058728734076
335.768463062171;184.839884439384;222.382195667418
335.520695202204;185.243990312207;221.831064429197
335.46541071993;185.738881172539;221.430999728989
335.46541071993;186.022779303788;221.233934275694
335.46541071993;186.08612553928;221.18996302954
335.46541071993;186.08612553928;221.18996302954
335.46541071993;186.08612553928;221.18996302954
335.46541071993;186.08612553928;221.18996302954
335.412273300095;186.099580640904;221.143692499727
335.17412790639;186.159882222794;220.936322371983
334.733082852949;186.259302723514;220.594426831465
334.273207001996;186.319604305404;220.387056703721
333.799409184372;186.287507903306;220.356405042987
333.360895861822;186.083360226935;220.42640395783
332.93761898057;185.683407482777;220.585865484846
332.492529242327;185.131881731751;220.89735020432
331.900848436023;184.334067319513;221.435917489003
331.304382466553;183.518420847059;222.000922594953
330.7430238436;182.837010341154;222.432880712995
329.756577202929;181.963158847153;222.818148518654
328.088711106752;180.716790825206;223.161870576469
326.224140820945;179.208478971852;223.613330597588
324.802884868571;177.748566609485;224.322838200369
323.63795403259;176.244434579236;225.282707585964
322.283563604576;174.568090346475;226.290543022569
320.509737401643;172.929052769652;227.00683022374
318.387801577495;171.324143458555;227.540830884742
316.560403725319;169.614593428094;228.232435160284
314.861904571413;167.652945872226;229.109276212179
312.923827227833;165.802368931905;229.799486954539
310.964346458827;164.428791969281;230.276727716642
309.475056557093;163.279636822977;230.651719415228
308.193787219067;162.187473445677;230.90164810412
306.762286023057;161.252919578978;231.034107691946
305.563301885303;160.625551831226;231.148603070328
305.04237236036;160.376814740018;231.276874823574
304.970137490596;160.438649520824;231.301202298399
305.11056524664;160.898973977095;231.103444396931
305.686059512186;161.891363326432;230.680296265858
306.973558745379;163.367525552439;230.089932663712
308.688383028315;165.379013434876;229.151191346523
310.478254070753;167.706236093382;227.883026998765
312.225587635531;170.065925580232;226.502115926201
313.931247720008;172.277440155242;225.299174342644
315.644580631827;174.20088953097;224.397352863272
317.431141244888;175.900758109988;223.665141470819
319.176348646137;177.495402411948;223.022219199255
320.710260747112;178.837905573046;222.653144289184
321.686814902552;179.75887947251;222.432686315867
322.194114588117;180.363763980526;222.137111048065
322.458896315409;180.74170072227;221.800267474643
322.533998333143;180.857950997811;221.562977867287
322.424442836589;180.721657116366;221.47064401889
322.191050463325;180.420712044483;221.45499297925
321.883016358818;180.097026695109;221.475794602204
321.316708581634;179.712779804515;221.570368590892
320.524989698141;179.266815291872;221.750924107219
319.901849509005;178.793527650898;221.965525782353
319.547689599415;178.385754423758;222.227471764711
319.248440598735;178.059017696337;222.457277221368
318.726131184173;177.725219597196;222.585443155614
318.038063710374;177.421312379337;222.702570146562
317.576057631221;177.173328133148;222.846864854409
317.288805349928;176.935884793386;222.919003858069
316.863715245156;176.731991573041;222.958638338604
316.258839554761;176.540886665886;223.065231087366
315.791281005534;176.288050742713;223.218738098772
315.460974677166;175.91252026576;223.326903515122
315.12829620592;175.534890568756;223.441230494417
314.639804661329;175.252433385666;223.599145668126
313.945949007446;174.94367228655;223.694926062615
313.384356851906;174.56387304354;223.760759506554
312.995629534698;174.118800643747;223.960024138233
312.583021485947;173.554399338372;224.333019440552
312.120536906991;172.921772561291;224.776020481956
311.523084222129;172.104524627674;225.348303696632
310.925622184921;171.2872639011;225.92059586966
310.434061974427;170.617614207879;226.365775910778
309.885325933004;169.882097862119;226.750464327839
309.314819047311;169.131679783479;226.974657077969
308.816224522736;168.486102840997;227.043607099642
308.344125109928;167.98052035341;227.053530963807
307.726940281827;167.648638554109;227.026603318739
306.940063639252;167.528593505958;226.912492672783
306.271871729225;167.56420211983;226.711585691528
305.988806802264;167.67298365512;226.505759698269
306.035576544388;167.844279041325;226.314856113338
306.333107266739;168.222009601536;226.200360946259
306.777062806623;168.803483339862;226.153506582552
307.252089954384;169.420641725152;226.094057247053
307.896571002955;170.145169512771;225.848433663893
308.717135683951;170.885100916154;225.325942937204
309.680420336097;171.632932314436;224.781933229505
310.823586423186;172.455300672367;224.418740826697
311.95571760671;173.211430749452;224.116837037402
312.708092824733;173.815875825572;223.858728292052
313.117187650764;174.287785923496;223.694067909558
313.427043754123;174.72376822276;223.452723873886
313.751364592546;175.187408281132;223.035217446661
313.933998450161;175.449364887518;222.689246838256
313.974749572059;175.507815307053;222.555800610771
313.974749572059;175.502747662424;222.535945196166
313.969055157822;175.48003605488;222.535945196166
313.943534563775;175.415750311113;222.538174464106
313.878219273346;175.267807327985;222.570354546723
313.725309573832;175.010491945879;222.686271813624
313.443749607131;174.711264996365;222.860219919752
313.167882777937;174.427451468175;222.961894268726
313.040492143534;174.280077845435;222.984083465583
312.97077267612;174.184732334321;223.02846311722
312.762463391241;173.899857019389;223.227358916905
312.419019442377;173.430177028162;223.5552826525
312.210710157498;173.14530171323;223.754178452185
312.164230073402;173.081737438587;223.798558103822
312.123536903212;173.023344408523;223.863022766864
311.941162767132;172.7616450039;224.15193334264
311.611448399966;172.293217742557;224.63037431365
311.26987679154;171.828863102774;224.930693440346
310.884292059235;171.331467416379;225.019524015279
310.539218294207;170.892279871415;225.043463628454
310.33328541431;170.625795854197;225.078326372273
310.089802996079;170.298405552743;225.208068745567
309.673029632286;169.741006435969;225.500401250946
309.212228497798;169.131531251219;225.865607324735
308.765968166608;168.536677559466;226.157686166349
308.414222245923;168.073972727109;226.286892688531
308.124389723029;167.711147674432;226.319456708319
307.948688636667;167.504409778917;226.337816355243
308.023727631935;167.44863219292;226.382157076197
308.61207236884;167.473995643109;226.508671377702
309.62606172833;167.566293484318;226.727423544561
310.359271277195;167.781685491975;226.922740877613
310.850422937494;168.15543534682;227.013389548997
311.587245080914;168.571814491013;226.975530382487
312.611653458521;168.925043682898;227.016799196455
313.41539095587;169.217049251613;227.189564645683
313.82479931676;169.365200160214;227.307751816556
313.959641253306;169.397003681338;227.33412293892
313.982905371677;169.397003681338;227.33412293892
314.029432030682;169.452545775637;227.33412293892
314.237950049826;169.701468172597;227.33412293892
314.641073454063;170.111871823219;227.355774505677
315.115513886876;170.360794220179;227.452810095769
315.65959406704;170.416336314477;227.65293585172
316.242303410669;170.476587208295;227.929871436166
316.976117109743;170.751524646918;228.267101990714
317.69975752919;171.264998310467;228.53203773499
318.374137950415;171.800651449366;228.751455493644
319.378791253984;172.364623707415;229.011619493421
320.752892366452;172.978890530574;229.319331204554
322.264991345639;173.790233101179;229.486932833434
324.12074471751;175.05203875121;229.438056500642
326.365400490672;176.878384111152;229.104937961319
328.924714150366;179.021944880217;228.500232720731
331.983727523812;181.341534825502;227.851367347471
335.393560490781;184.009221717663;227.169289861603
339.1818783829;187.03503530373;226.337578102615
343.464557731169;190.285413031919;225.437927992297
347.928688991971;193.789808838865;224.30337765721
352.23022822598;197.535177737824;222.811271012341
356.658882079281;201.454887066097;221.241454755092
361.595150520274;205.524153856999;219.861448392481
366.905434391537;209.728784224505;218.559068097227
372.3968253875;214.192871045986;217.010995597731
378.049034602447;219.022538108914;214.99044352516
384.067257314115;224.037848792696;212.73777369731
390.340506588608;228.853146432806;210.707354978724
395.031734655715;232.453702730778;209.169035748301
396.947720277275;233.992260425385;208.466744740302
397.2746203995;234.272648407025;208.327463538996
397.2746203995;234.272648407025;208.327463538996
399.320402088949;235.992650378262;207.493580915901
408.691846552699;243.979286633891;203.556665875708
425.018284931829;258.181299045345;196.384495639397
437.311751435202;269.264154215198;190.560708497388
443.940583043997;275.215263012987;187.447568604942
448.67483371839;279.28349288451;185.42221556713
452.803598196442;283.052636443969;183.415196332813
456.317200088095;286.638875002354;181.295191793189
459.356010143532;289.981021807654;179.195984863147
461.990086918302;292.899720529635;177.33453545779
463.926910936657;295.269560343978;175.691529870096
465.091082256021;297.217418878595;174.138532006416
465.636804983781;298.879672652123;172.665608699473
465.862416902421;300.173366030345;171.426279598998
466.012168006612;301.149251705876;170.328400289459
466.126654696235;301.940028922186;169.401801500363
466.243725271943;302.56554118051;168.819151070088
466.391066067899;302.98197114887;168.549547834148
466.483044391739;303.157315533523;168.463315898641
466.649941210611;303.222762145001;168.485954568646
467.286702890162;303.353538312384;168.655048221634
468.403867382435;303.580316667393;168.960666587788
469.35652254474;303.774413042912;169.231186471804
470.021955922871;303.910355069147;169.423519839
470.341160491998;303.976805136901;169.527240703537
470.414483775492;303.993641059646;169.563239402075
470.489729867238;304.012359670356;169.58789648564
470.83581819911;304.114033311753;169.649577535607
471.534103879331;304.376955827137;169.775309223401
472.406883433218;304.750220895893;169.958429094573
473.490362895743;305.090342808125;170.14123958372
474.69301582952;305.389689747336;170.308225999098
475.725559453338;305.747137225387;170.379148937184
476.372976497612;306.19596931621;170.320484823797
476.704880882804;306.657555346661;170.105605598339
476.838692782177;307.20853691539;169.620411594332
476.869197157022;308.001372953447;168.802715662247
476.874517384886;308.820436276248;167.936944695454
476.924022199055;309.570680415618;167.110035796615
477.03281783697;310.285301479158;166.338087227549
477.135948885134;310.991107158431;165.593914195069
477.285514600255;311.632052732309;165.01425028254
477.544322947081;312.183832257782;164.606121667251
477.800499302955;312.579077413645;164.331324769499
477.946993920285;312.699225692888;164.272843637395
478.086045024107;312.469677417701;164.587750053355
478.283598797202;311.875649972024;165.338984085669
478.414686328491;311.173230643504;166.14982088842
478.450576005417;310.682382318811;166.606460775747
478.451594166945;310.493451747423;166.737018914786
478.400826974869;310.476919678694;166.707447497278
478.182498350236;310.547962126762;166.508020610127
477.776481089995;310.681447561007;166.137159454801
477.343626265879;310.823823188551;165.746421209095
476.937743632708;310.956843776445;165.375745965497
476.71774402885;311.027868553865;165.153903083796
476.665228714274;311.043716323825;165.078469893846
476.663190667128;311.043716323825;165.063046206394
476.615027677658;311.043716323825;165.026019451763
476.308098010083;311.015914169981;164.872697308757
475.539310862853;310.891313560967;164.619911830315
474.63982350297;310.685881886543;164.46658968731
474.224160726862;310.544345871534;164.471466922711
474.349198294233;310.424482259444;164.68888680819
474.718525638514;310.226550381084;165.169868038886
474.959455456191;309.968365263389;165.714296743948
475.023477549231;309.60185150198;166.162538148157
475.027100387527;309.131536449303;166.545274641368
474.979339995389;308.873609377983;166.707886760125
474.717544930874;308.888151119692;166.564149087008
474.150217223858;309.01310048506;166.216446601336
473.559813717263;309.075440357551;165.943566912028
473.176871742899;309.002513165196;165.870569179987
472.872694989551;308.770604231495;165.977926576377
472.618195088008;308.490974687253;166.194948612209
472.477135782825;308.312145180643;166.376830585295
472.335137510501;308.133018335188;166.526781072488
472.033922856354;307.839273835888;166.707870043313
471.474683629969;307.508469550493;166.846168217576
470.544410950729;307.112495890535;166.898114727373
469.303663015324;306.552832421791;166.927260313402
467.93357649875;305.906926954007;167.073619003459
466.47224743387;305.287070208869;167.329344006526
465.078298559424;304.566948340732;167.476416286833
463.662590324307;303.862660357846;167.502468160146
462.266011331066;303.301718076301;167.516937650778
461.153321881758;302.83778692939;167.55865143278
460.570638772205;302.49032695495;167.667433125564
460.316607746012;302.224990062531;167.835130848868
460.170787668123;302.108982557915;167.914833915964
459.94135061959;302.158359338049;167.831999567612
459.551505195467;302.308884260856;167.601995721722
459.103444010336;302.519945901555;167.250293229669
458.597118052578;302.886210064791;166.73004075512
458.111650563891;303.359323265408;166.130646954149
457.482805055397;303.769584112088;165.522046854611
456.495359827973;304.153680946954;164.764805728405
455.386846040848;304.454382616037;164.026605808401
454.178603534632;304.650659708071;163.45195791034
452.876667233564;304.852651205679;162.91938779793
451.788979230416;305.166698370542;162.20594910769
450.877425915841;305.701250412686;161.302682450961
450.140172270242;306.31013539958;160.489303439271
449.541651920283;306.769058614078;159.904645071563
448.984038186618;307.201011425485;159.329793081373
448.379761970199;307.761640999634;158.603297165693
447.916837862616;308.327646785749;157.888056662406
447.469501140303;309.033452758357;157.007923457091
446.788973310205;309.916376151213;155.837983127979
445.888851984691;310.824504620992;154.570241866473
445.099369897863;311.723749454072;153.399528514368
444.414619906028;312.821123022439;152.058505827102
443.556962941203;314.007813962108;150.495862826344
442.689188158411;315.071617114616;149.051895897422
441.962688756366;316.005264958288;147.857016372591
441.323905040799;316.920903229511;146.727242872941
440.876817102891;317.668356749396;145.902860509197
440.627805082814;318.186738028948;145.474543630546
440.451412690348;318.617052677779;145.201578573279
440.358566811057;318.887152357788;144.994329614038
440.33715064384;319.134769640747;144.770770525138
440.288397564549;319.608491026578;144.426139038651
440.077489650112;320.199035689604;143.950965990932
439.73018863234;320.590825565672;143.550723177478
439.460868317417;320.766390661519;143.263251057974
439.136148506788;321.015085565067;142.847710341493
438.515342788769;321.593756621811;142.104269761254
437.732261887671;322.368746342537;141.171897311682
437.00497199079;322.978185120191;140.296529338057
436.296589475813;323.357258071289;139.598811009692
435.531699600266;323.654225811966;138.989436371014
435.098991867029;323.812893981639;138.663850977987
435.002441721214;323.848297635749;138.591203057099
435.000988303516;323.847305256893;138.582343631091
434.994474537307;323.842857723419;138.542638438381
434.983735152406;323.835524980378;138.477175642602
435.001590949728;323.812401355478;138.465197600172
435.110790988943;323.727708541803;138.589353899881
435.3183781738;323.589709854549;138.833451792166
435.534116667667;323.488338965308;139.03704732142
435.72709853799;323.390469391431;139.178500482932
435.880469312458;323.259901412413;139.3393533802
436.118112467476;323.180707929962;139.489686994704
436.466027685899;323.16303747554;139.576294966487
436.677582172689;323.16303747554;139.61346464062
436.779018586153;323.146332161352;139.69288991657
437.052589838346;323.053798068171;139.947904366278
437.625716103953;322.851187735375;140.381713111238
438.19133459401;322.645784135226;140.761332830231
438.476974933578;322.562273192965;140.923747540779
438.628630038583;322.600037555205;140.951855960402
438.839245518734;322.691426886513;140.965012393667
439.151632129303;322.746857317922;141.023975436835
439.529261445448;322.759225518959;141.121189060292
439.767969388708;322.790180631918;141.18015210346
440.105370984797;322.936984462665;141.22504935206
441.186280944036;323.215197757315;141.380597597085
443.065886022789;323.486506514932;141.688009179673
444.770855945185;323.71155419375;141.988063715296
445.797533386572;323.877521679466;142.177587954219
446.184631740613;323.950427714677;142.250442541298
446.255242143969;323.963726465498;142.263731907493
446.255242143969;323.963726465498;142.263731907493
446.255242143969;323.963726465498;142.263731907493
446.255242143969;323.963726465498;142.263731907493
446.255242143969;323.963726465498;142.263731907493
446.255242143969;323.962896487206;142.263731907493
446.302220473974;323.941565985197;142.293105751222
446.5127627421;323.856507110937;142.424750185619
446.85988825794;323.722660236567;142.641795164777
447.070430526066;323.642904140171;142.773439599174
447.117408856071;323.625293342798;142.802813442903
447.117408856071;323.625293342798;142.802813442903
447.117408856071;323.625293342798;142.802813442903
447.117408856071;323.625293342798;142.802813442903
447.117408856071;323.625293342798;142.802813442903
447.117408856071;323.625293342798;142.802813442903
447.069283698678;323.642904140171;142.766046384318
446.853601706779;323.721830258276;142.601267859707
446.498002219029;323.851957428009;142.329594001226
446.28232022713;323.930883546114;142.164815476615
446.234195069736;323.948494343486;142.12804841803
446.28232022713;323.930883546113;142.164815476615
446.546102464118;323.834355746981;142.366342027102
447.117272294565;323.625343315768;142.802709111506
447.688369695799;323.416357389116;143.239020860837
447.952065195889;323.319861330263;143.440481145346
448.022644754158;323.333174338122;143.453916573794
448.123390046342;323.471724361416;143.3494367607
448.289490952488;323.700154731878;143.177178670494
448.390236244672;323.838704755172;143.0726988574
448.412715557852;323.869619444059;143.049386259972
448.412715557852;323.869619444059;143.049386259972
448.412715557852;323.869619444059;143.049386259972
448.412715557852;323.869619444059;143.049386259972
448.412715557852;323.869619444059;143.049386259972
448.412715557852;323.869619444059;143.049386259972
448.412715557852;323.869619444059;143.049386259972
448.412715557852;323.869619444059;143.049386259972
448.411624296657;323.868819794591;143.042272902642
448.40673360329;323.86523601431;143.01039304684
448.398670213108;323.859327359532;142.957832050472
448.393779519741;323.855743579252;142.92595219467
448.392688258546;323.854943929784;142.918838837339
448.392688258546;323.854943929784;142.918838837339
448.392688258546;323.854943929784;142.918838837339
448.392688258546;323.854943929784;142.918838837339
448.418305317081;323.807236318606;142.979005949818
448.534183249934;323.59342563902;143.255644090426
448.728265622635;323.240911423683;143.731539631799
448.850981389137;323.027100744096;144.052823539481
448.881394937772;322.979393132919;144.144308023919
448.882465179377;322.979393132919;144.15129587414
448.882465179377;322.979393132919;144.15129587414
448.882465179377;322.979393132919;144.15129587414
448.881394937772;322.978601638307;144.144308023919
448.876598447672;322.975054405558;144.112990651959
448.868690372418;322.969206007472;144.061357034665
448.863893882317;322.965658774723;144.030039662705
448.862823640713;322.964867280112;144.023051812484
448.862823640713;322.964867280112;144.023051812484
448.862823640713;322.964867280112;144.023051812484
448.863893882317;322.965658774723;144.030039662705
448.868690372418;322.969206007472;144.061357034665
448.876598447672;322.975054405558;144.112990651959
448.881394937772;322.978601638307;144.144308023919
448.882465179377;322.979393132919;144.15129587414
448.882465179377;322.979393132919;144.15129587414
448.882465179377;322.979393132919;144.15129587414
