601.333235806633;390.123838047148;-198.627559501153
601.333235806633;390.123838047148;-198.627559501153
601.687009067261;390.926208850708;-180.44938725868
603.272510822794;394.522185311384;-98.9804714008636
605.886561291874;400.450948191037;35.3390630747965
607.472063047408;404.046924651713;116.807978932612
607.825582206082;404.84871914267;134.973094481452
607.824443400133;404.846136288776;134.9145784403
607.822565826543;404.841877882623;134.818101798575
607.821427020595;404.839295028729;134.759585757423
607.821172918642;404.838718716126;134.74652906379
607.821172918642;404.838718716126;134.74652906379
607.821172918642;404.838718716126;134.74652906379
607.821172918642;404.838718716126;134.74652906379
607.821172918642;404.838718716126;134.74652906379
607.821172918642;404.838718716126;134.74652906379
607.821172918642;404.838718716126;134.74652906379
607.821172918642;404.838718716126;134.74652906379
607.821172918642;404.838718716126;134.74652906379
607.821172918642;404.838718716126;134.74652906379
607.821172918642;404.838718716126;134.74652906379
607.821172918642;404.838718716126;134.74652906379
607.821172918642;404.838718716126;134.74652906379
607.821172918642;404.838718716126;134.74652906379
607.821172918642;404.838718716126;134.74652906379
607.821172918642;404.838718716126;134.74652906379
607.821172918642;404.838718716126;134.74652906379
607.821172918642;404.838718716126;134.74652906379
607.821172918642;404.838718716126;134.74652906379
607.821172918642;404.838718716126;134.74652906379
607.821172918642;404.838718716126;134.74652906379
607.821172918642;404.838718716126;134.74652906379
607.821427020595;404.839295028729;134.759585757423
607.822565826543;404.841877882623;134.818101798575
607.824443400133;404.846136288777;134.9145784403
607.825582206082;404.84871914267;134.973094481452
607.825836308035;404.849295455273;134.986151175086
607.825836308035;404.849295455273;134.986151175086
607.825836308035;404.849295455273;134.986151175086
607.826091482902;404.849874201282;134.999262998928
607.827235097311;404.852467960944;135.058026116531
607.829120598714;404.85674434767;135.154910118456
607.830264213124;404.859338107332;135.21367323606
607.83051938799;404.859916853341;135.226785059901
607.83051938799;404.859916853341;135.226785059901
607.83051938799;404.859916853341;135.226785059901
607.83051938799;404.859916853341;135.226785059901
607.83051938799;404.859916853341;135.226785059901
607.83051938799;404.859916853341;135.226785059901
607.83051938799;404.859916853341;135.226785059901
607.83051938799;404.859916853341;135.226785059901
607.83051938799;404.859916853341;135.226785059901
607.83051938799;404.859916853341;135.226785059901
607.83051938799;404.859916853341;135.226785059901
607.83051938799;404.859916853341;135.226785059901
607.808590651612;404.829841612315;135.247700087304
607.710312873461;404.695053733324;135.341434737019
607.548280210185;404.472826090198;135.495977047806
607.450002432033;404.338038211207;135.589711697521
607.406144488323;404.277887083244;135.631542201508
607.307864599503;404.143096309473;135.72527886432
607.145828456324;403.920863893664;135.879824494143
607.047548567504;403.786073119893;135.973561156955
607.025619360173;403.755997232955;135.99447663354
607.025619360173;403.755997232955;135.99447663354
607.025619360173;403.755997232955;135.99447663354
607.025619360173;403.755997232955;135.99447663354
607.025619360173;403.755997232955;135.99447663354
607.025619360173;403.755997232955;135.99447663354
607.025619360173;403.755997232955;135.99447663354
607.025619360173;403.755997232955;135.99447663354
607.025619360173;403.755997232955;135.99447663354
607.025619360173;403.755997232955;135.99447663354
607.025619360173;403.755997232955;135.99447663354
607.025619360173;403.755997232955;135.99447663354
607.025619360173;403.755997232955;135.99447663354
607.070462475071;403.738932878271;136.053727940625
607.27143537299;403.662455746393;136.319273875991
607.602783664623;403.536366272342;136.757085107977
607.803756562541;403.459889140463;137.022631043342
607.848599677439;403.442824785779;137.081882350427
607.848599677439;403.442824785779;137.081882350427
607.848599677439;403.442824785779;137.081882350427
607.848599677439;403.442824785779;137.081882350427
607.848599677439;403.442824785779;137.081882350427
607.848599677439;403.442824785779;137.081882350427
607.848599677439;403.442824785779;137.081882350427
607.848599677439;403.413374689469;137.102757020001
607.848599677439;403.280778962671;137.209600434099
607.871493031305;403.043431593525;137.46967506734
607.974093925109;402.830720723958;137.868796765814
608.143254201116;402.672872147586;138.291126873734
608.245855094919;402.596041914965;138.511786566201
608.268748448785;402.579034782301;138.558057080194
608.268748448785;402.579034782301;138.558057080194
608.268748448785;402.579034782301;138.558057080194
608.268748448785;402.579034782301;138.558057080194
608.268748448785;402.579034782301;138.558057080194
608.268748448785;402.579034782301;138.558057080194
608.247107801968;402.549620226769;138.578890814917
608.150121151652;402.417793334732;138.685740478677
607.990217198301;402.200447533781;138.900092335507
607.893230547985;402.068620641744;139.093062275037
607.871589901168;402.039206086212;139.174306231972
607.871589901168;402.039206086212;139.187785574529
607.871589901168;402.039206086212;139.187785574529
607.871589901168;402.039206086212;139.187785574529
607.871589901168;402.039206086212;139.187785574529
607.871589901168;402.039206086212;139.187785574529
607.871589901168;402.039206086212;139.187785574529
607.871589901168;402.039206086212;139.187785574529
607.871589901168;402.039206086212;139.187785574529
607.893489306958;402.069244523601;139.166985303635
608.013279746906;402.233286188879;139.052965187984
608.272097866689;402.587087482928;138.806052722413
608.530173754819;402.93908705648;138.54559542819
608.64907534248;403.100971088924;138.370866809116
608.670719454856;403.130389817663;138.249972757825
608.670719454856;403.130389817663;138.18926250671
608.670719454856;403.130389817663;138.175716218656
608.670719454856;403.130389817663;138.175716218656
608.670719454856;403.130389817663;138.175716218656
608.670719454856;403.130389817663;138.175716218656
608.670719454856;403.130389817663;138.175716218656
608.670719454856;403.130389817663;138.175716218656
608.670719454856;403.130389817663;138.175716218656
608.670719454856;403.130389817663;138.175716218656
608.670719454856;403.130389817663;138.175716218656
608.670974219777;403.131008801404;138.18926250671
608.672115996941;403.133782894072;138.249972757825
608.673998469236;403.13835659966;138.350067040189
608.6751402464;403.141130692327;138.410777291305
608.675395011321;403.141749676069;138.424323579359
608.675395011321;403.141749676069;138.424323579359
608.675395011321;403.141749676069;138.424323579359
608.675395011321;403.141749676069;138.424323579359
608.675395011321;403.141749676069;138.424323579359
608.675395011321;403.141749676069;138.424323579359
608.675395011321;403.141749676069;138.424323579359
608.675395011321;403.141749676069;138.424323579359
608.697293360145;403.171786663666;138.403524312381
608.8173327711;403.318812202467;138.310308464895
609.077280121256;403.596994268661;138.156621514378
609.337225935002;403.826095916163;138.077043146029
609.457263506045;403.915729267549;138.117362820248
609.457515322687;403.916345935137;138.230117555691
609.360504664359;403.859513283734;138.353735877451
609.20056112849;403.73955262542;138.495288039911
609.103550470163;403.551484987066;138.613876945923
609.14894839059;403.282617302288;138.758316678488
609.449418412715;402.990416300201;139.184378334502
609.944809729401;402.700534688937;139.872361124862
610.245279751526;402.542927957799;140.289643780569
610.312323675682;402.50776114264;140.382752126364
610.312568152617;402.508409186702;140.396748779497
610.313663822223;402.511313518691;140.459477426861
610.315470276008;402.516101952619;140.562899482052
610.316565945614;402.519006284609;140.625628129417
610.317055940077;402.519654328671;140.653681011151
610.362556338105;402.502767897261;140.763506678167
610.563357766055;402.427088162172;141.077246532759
610.936895085465;402.284791009751;141.533062142744
611.334946445516;402.130581490034;141.966695595116
611.707142894855;401.984221332321;142.359261857895
611.905961452218;401.905691547692;142.568961488758
611.950323868762;401.888169184271;142.615751800975
611.950323868762;401.888169184271;142.630203814966
611.928713991622;401.858879438965;142.694973248111
611.8316278251;401.726928738755;142.801759990228
611.604905684903;401.495643176602;142.860852017916
611.210593997166;401.306442662264;142.849859665922
610.700378944506;401.18689852534;142.807908998505
610.40443287323;401.13333034618;142.782464632521
610.382826767859;401.104045044538;142.8237289393
610.581703576507;401.025682438613;143.034107097973
610.909596001174;400.896484343397;143.380962043068
611.108472809822;400.818121737472;143.591340201741
611.152848223985;400.800636676662;143.638281913977
611.152848223985;400.800636676662;143.638281913977
611.108472809822;400.80562731864;143.591340201741
610.909596001174;400.823003182268;143.380962043068
610.515426241711;400.837512810206;143.028424528076
609.997650403191;400.797998577741;142.792578858007
609.365557602631;400.668559851296;142.703648318019
608.906964270435;400.478808783737;142.678180806622
608.742696494138;400.36674592092;142.672498236725
608.720831871232;400.341741316393;142.672498236725
608.720831871232;400.341741316393;142.672498236725
608.720831871232;400.341741316393;142.672498236725
608.742696494138;400.371736562898;142.651848331246
608.840686935639;400.506165931321;142.559301875555
609.002245860868;400.727802490446;142.40671856553
609.10023630237;400.862231858868;142.314172109839
609.122100925275;400.892227105373;142.29352220436
609.122100925275;400.892227105373;142.29352220436
609.122100925275;400.892227105373;142.29352220436
609.122100925275;400.892227105373;142.29352220436
609.122100925275;400.892227105373;142.29352220436
609.122100925275;400.892227105373;142.29352220436
609.10023630237;400.862231858868;142.314172109839
609.002245860868;400.727802490446;142.40671856553
608.840686935639;400.506165931321;142.559301875555
608.742696494138;400.371736562898;142.651848331246
608.720831871232;400.341741316393;142.672498236725
608.720831871232;400.341741316393;142.672498236725
608.742696494138;400.371736562898;142.651848331246
608.840686935639;400.506165931321;142.559301875555
609.02410987751;400.75779690524;142.386069232633
609.220088043427;401.026651914618;142.200978887386
609.403507111844;401.278277574693;142.027749902723
609.501239850228;401.412039405545;141.921157897848
609.521961098761;401.439058829854;141.83754928007
609.520076992673;401.434153899762;141.733746967899
609.518934224565;401.431178909278;141.670787683018
609.518679238534;401.430515099174;141.6567395677
609.518679238534;401.430515099174;141.6567395677
609.518679238534;401.430515099174;141.6567395677
609.518679238534;401.430515099174;141.6567395677
609.518934224565;401.431178909278;141.6567395677
609.520076992673;401.434153899762;141.6567395677
609.543824509164;401.469052412973;141.650138922679
609.642952284715;401.606449317101;141.620556884032
609.804757236726;401.828737395476;141.571784347684
609.902742244169;401.963159309119;141.542202309037
609.924605654572;401.993152892237;141.535601664016
609.924605654572;401.993152892237;141.535601664016
609.924605654572;401.993152892237;141.535601664016
609.946468458761;402.023145643715;141.514953476211
610.044450749343;402.157563830201;141.422414718605
610.205996235979;402.379181953429;141.269844100575
610.303978526561;402.513600139915;141.163189157718
610.325594765971;402.543592891392;141.079276616761
610.324489739291;402.572936389437;140.954289654982
610.300106413993;402.722009445375;140.751458524965
610.197888008948;403.017549370607;140.374431957443
610.030933666503;403.278843778434;139.935359450664
609.929820288137;403.386906448517;139.704585463336
609.907258843829;403.404471069981;139.6577075325
609.907258843829;403.404471069981;139.6577075325
609.907258843829;403.404471069981;139.6577075325
609.907258843829;403.404471069981;139.6577075325
609.907258843829;403.404471069981;139.6577075325
609.907258843829;403.404471069981;139.6577075325
609.907258843829;403.404471069981;139.6577075325
609.907258843829;403.404471069981;139.6577075325
609.885382527126;403.392028526664;139.6577075325
609.742864172412;403.336264916271;139.631487770098
609.381893455299;403.244326265684;139.513978947514
608.955218602548;403.170995623851;139.340938192527
608.712130108622;403.06736724985;139.316193791787
608.569564809261;402.881740186929;139.442916704845
608.385954700321;402.680949486328;139.556380222569
608.189772479224;402.473002306261;139.669845674639
608.006158616897;402.238699680445;139.822792455289
607.952561471344;402.086600802001;139.962452641725
608.130088108854;401.97795926368;140.193312814159
608.458866239454;401.848340353429;140.539809851347
608.658280255906;401.769722510283;140.749970927901
608.702775537333;401.752180498351;140.796864202569
608.702775537333;401.752180498351;140.796864202569
608.702775537333;401.752180498351;140.796864202569
608.724653027926;401.782191683432;140.776173264638
608.822701138404;401.916692483596;140.683442914258
608.9843551437;402.138446813753;140.530556413148
609.082403254178;402.272947613917;140.437826062768
609.059795351692;402.320513321023;140.37023369222
608.860425651743;402.399187230517;140.160036054278
608.531720586703;402.52889857855;139.813478737551
608.332350886754;402.607572488044;139.603281099609
608.287865493676;402.625127010069;139.556379666992
608.310473396161;402.607572488044;139.603281099609
608.411794985633;402.498887393469;139.834169675482
608.578846045376;402.234675245272;140.273457342588
608.680167634848;401.934247005621;140.636541481642
608.702775537333;401.782191683432;140.776173264638
608.747233056731;401.734653373885;140.843717680092
608.946477835509;401.65610225173;141.053700398212
609.274976940357;401.526593345796;141.399903372057
609.474221719136;401.448042223641;141.609886090177
609.540546849677;401.460513784579;141.636056781327
609.638550683531;401.594958565082;141.543362963699
609.821998713716;401.846618415335;141.369854463209
610.01800375317;402.115504370819;141.184469313803
610.201448036541;402.367159081072;141.010964357119
610.299449242141;402.501600256053;140.918273025341
610.321316266841;402.531598136957;140.897590793637
610.321316266841;402.531598136957;140.897590793637
610.27687850583;402.549150260099;140.850721013451
610.077722277995;402.627813418543;140.640665231863
609.749369168971;402.75750704109;140.294341796725
609.550212941136;402.836170199535;140.084286015136
609.550212941136;402.836170199535;140.084286015136
609.749369168971;402.75750704109;140.294341796725
610.077722277995;402.627813418543;140.640665231863
610.27687850583;402.549150260099;140.850721013451
610.321316266841;402.531598136957;140.897590793637
610.321316266841;402.531598136957;140.897590793637
610.321316266841;402.531598136957;140.897590793637
610.321316266841;402.531598136957;140.897590793637
610.27687850583;402.549150260099;140.850721013451
610.077722277995;402.627813418543;140.640665231863
609.749369168971;402.75750704109;140.294341796725
609.550212941136;402.836170199535;140.084286015136
609.505775180125;402.853722322676;140.03741623495
609.505775180125;402.853722322676;140.03741623495
609.505775180125;402.853722322676;140.03741623495
609.505775180125;402.853722322676;140.03741623495
609.505775180125;402.853722322676;140.03741623495
609.505775180125;402.853722322676;140.03741623495
609.505775180125;402.853722322676;140.03741623495
609.505775180125;402.853722322676;140.03741623495
609.505775180125;402.853722322676;140.03741623495
609.528345916436;402.836170199535;140.084286015136
609.651367963371;402.75750704109;140.294341796725
609.916145605767;402.627813418543;140.640665231863
610.17887730023;402.549150260099;140.850721013451
610.299449242141;402.531598136957;140.897590793637
610.321316266841;402.531598136957;140.897590793637
610.299449242141;402.501600256053;140.918273025341
610.201448036541;402.367159081072;141.010964357119
610.039871364313;402.145503056224;141.163786527431
609.875545028172;401.998590320304;141.230307168058
609.556429390839;401.912698781052;141.13370049927
609.066349280506;401.820545717637;140.940323794212
608.769100667874;401.764652059289;140.82303489372
608.658280255906;401.769722510283;140.749970927901
608.458866239454;401.848340353429;140.539809851347
608.130088108854;401.97795926368;140.193312814159
607.930674092402;402.056577106827;139.983151737605
607.886178810976;402.074119118758;139.936258462936
607.886178810976;402.074119118758;139.936258462936
607.886178810976;402.074119118758;139.936258462936
607.886178810976;402.074119118758;139.936258462936
607.886178810976;402.074119118758;139.936258462936
607.886178810976;402.074119118758;139.936258462936
607.886178810976;402.074119118758;139.936258462936
607.886178810976;402.074119118758;139.936258462936
607.908066189917;402.086588291907;139.936258462936
608.050644009976;402.142471248925;139.941770416865
608.411740780782;402.252161190856;139.966473280545
608.860415176438;402.399173915246;140.007201417341
609.179717735249;402.597177718542;140.031904281021
609.385852796568;402.767888660659;140.03741623495
609.505774593192;402.871276039556;140.016726407242
609.625694346297;403.018225480633;139.924001032533
609.809215407451;403.26997668167;139.750433462286
610.005298476044;403.538960239802;139.564985200554
610.1888157874;403.790706296929;139.39142117673
610.286856006524;403.925196271862;139.298698289707
610.264276005197;403.972180171408;139.231083113342
610.06478935872;404.048257425548;139.006987922756
609.73518357324;404.173687612666;138.598456793311
609.534100415396;404.249764866806;138.286270059413
609.466635087903;404.236713702167;138.198282500635
609.368282367204;404.10214518611;138.277406036307
609.206538130647;403.88027921132;138.43059106478
609.086803055785;403.716310546939;138.544234358023
608.967964396463;403.554521928991;138.657879523196
608.807864555064;403.336655658786;138.824788602979
608.709759172346;403.202083652808;138.979191555182
608.68647834613;403.138655156673;139.122000402708
608.68647834613;403.004101901754;139.276253950798
608.688848047003;402.738700839712;139.510509075392
608.693236267819;402.393782557702;139.90620148556
608.698822630963;402.012920915115;140.426343843699
608.746511945716;401.78221908099;140.776125309544
608.946477835509;401.65610225173;141.053700398212
609.274976940357;401.526593345796;141.399903372057
609.474221719136;401.448042223641;141.609886090177
609.518679238534;401.430515099174;141.6567395677
609.518679238534;401.430515099174;141.6567395677
609.518679238534;401.430515099174;141.6567395677
609.518679238534;401.430515099174;141.6567395677
609.518934224565;401.431178909278;141.670787683018
609.520076992673;401.434153899762;141.733746967899
609.521961098761;401.439058829854;141.83754928007
609.52310386687;401.442033820339;141.900508564951
609.523358852901;401.442697630442;141.914556680269
609.523358852901;401.442697630442;141.900508564951
609.523358852901;401.442697630442;141.83754928007
609.544971478013;401.472032505744;141.713064181527
609.641832543758;401.603502295762;141.557411079018
609.801529443155;401.820259335019;141.390536694913
609.876522897758;401.921730439633;141.318525663657
609.800131689016;401.816620534431;141.390536694913
609.638550683531;401.594958565082;141.543362963699
609.56241446082;401.490512469984;141.615373994955
609.638550683531;401.594958565082;141.543362963699
609.800131689016;401.816620534431;141.390536694913
609.92000254757;401.981063195838;141.277160645581
610.039871364313;402.145503056224;141.163786527431
610.201448036541;402.367159081072;141.010964357119
610.25501148113;402.519152379195;140.871403245155
610.077722277995;402.627813418543;140.640665231863
609.749369168971;402.75750704109;140.294341796725
609.550212941136;402.836170199535;140.084286015136
609.505775180125;402.853722322676;140.03741623495
609.505775180125;402.853722322676;140.03741623495
609.505775180125;402.853722322676;140.03741623495
609.461041641482;402.87003816823;139.976786566253
609.260559830267;402.943160714922;139.705063242715
608.929764266778;403.06371941302;139.257067219451
608.728130944034;403.136841959712;138.985343895913
608.659864983322;403.123754214249;138.945446641752
608.539865651086;402.961947831011;139.059095829609
608.281644138122;402.61010406125;139.305207449082
608.022930901474;402.25644307158;139.55132063182
607.903186529513;402.092460494336;139.664971691753
607.881295124307;402.062431863587;139.685704643981
607.88156122997;402.063068686747;139.699356991985
607.882753832808;402.065922730144;139.760542570818
607.884720102475;402.070628252201;139.8614205361
607.885912705313;402.073482295598;139.922606114932
607.886178810976;402.074119118758;139.936258462936
607.886178810976;402.074119118758;139.936258462936
607.930674092403;402.056577106827;139.983151737605
608.130088108854;401.97795926368;140.193312814159
608.458866239454;401.848340353429;140.539809851347
608.658280255906;401.769722510283;140.749970927901
608.702775537333;401.752180498351;140.796864202569
608.702775537333;401.752180498351;140.796864202569
608.702775537333;401.752180498351;140.796864202569
608.702775537333;401.752180498351;140.796864202569
608.702775537333;401.752180498351;140.796864202569
608.702775537333;401.752180498351;140.796864202569
608.702775537333;401.752180498351;140.796864202569
608.702775537333;401.752180498351;140.796864202569
608.658280255906;401.769722510283;140.749970927901
608.458866239454;401.848340353429;140.539809851347
608.130088108854;401.97795926368;140.193312814159
607.930674092402;402.056577106827;139.983151737605
607.886178810976;402.074119118758;139.936258462936
607.886178810976;402.074119118758;139.936258462936
607.886178810976;402.074119118758;139.936258462936
607.886178810976;402.074119118758;139.936258462936
607.886178810976;402.074119118758;139.936258462936
607.886178810976;402.074119118758;139.936258462936
607.886178810976;402.074119118758;139.936258462936
607.886178810976;402.074119118758;139.936258462936
607.908066189917;402.104142813932;139.915559367057
608.006158616897;402.238699680445;139.822792455289
608.167885687754;402.460546448383;139.669845674639
608.265978114734;402.595103314895;139.577078762871
608.309752285146;402.655149899388;139.535681126689
608.407842079262;402.789703154307;139.442916704845
608.569564809261;403.011543967735;139.289974029385
608.667654603377;403.146097222655;139.19720960754
608.689541394847;403.176120111974;139.176511067238
608.689283361449;403.175493187052;139.162790988651
608.688126935988;403.172683504484;139.101301862406
608.686220312732;403.168051121071;138.999923432048
608.685063887271;403.165241438503;138.938434305802
608.684805853872;403.164614513582;138.924714227215
608.684805853872;403.164614513582;138.924714227215
608.685063887271;403.165241438503;138.938434305802
608.686220312732;403.168051121071;138.999923432048
608.688126935988;403.172683504484;139.101301862406
608.645509191037;403.11544660256;139.204188624833
608.449585003339;402.846963406049;139.403440037033
608.126135202484;402.403275824683;139.709329493142
607.929952981387;402.134165703251;139.894860826755
607.886178810976;402.074119118758;139.936258462936
607.886178810976;402.074119118758;139.936258462936
607.886178810976;402.074119118758;139.936258462936
607.886178810976;402.074119118758;139.936258462936
607.886178810976;402.074119118758;139.936258462936
607.886178810976;402.074119118758;139.936258462936
607.886178810976;402.074119118758;139.936258462936
607.886178810976;402.074119118758;139.936258462936
607.908066189917;402.104142813932;139.915559367057
608.028045408367;402.268722569764;139.802093914986
608.287862273341;402.625122592621;139.556382712492
608.547677430319;402.981520272561;139.310673125264
608.667654603377;403.146097222655;139.19720960754
608.689541394847;403.176120111974;139.176511067238
608.689541394847;403.176120111974;139.176511067238
608.689541394847;403.176120111974;139.176511067238
608.689541394847;403.176120111974;139.176511067238
608.689541394847;403.176120111974;139.176511067238
608.689541394847;403.176120111974;139.176511067238
608.733313215468;403.236163473175;139.135115653275
608.929484905533;403.505259148817;138.949594278955
609.252917343653;403.948922913103;138.643721242945
609.492858504738;404.260441664588;138.458199868625
609.732791485241;404.510612061127;138.416804454662
610.10064252108;404.824078548422;138.422353478278
610.540350083401;404.996603471389;138.494124856831
611.111438502286;404.960139352608;138.745328787724
611.638647817266;404.830076356845;139.116762103673
611.882062929911;404.751189162221;139.332513011391
611.926461180318;404.733587049851;139.379415391454
611.926461180318;404.733587049851;139.379415391454
611.926461180318;404.733587049851;139.379415391454
611.926461180318;404.733587049851;139.379415391454
611.926461180318;404.733587049851;139.379415391454
611.926461180318;404.733587049851;139.379415391454
611.926461180318;404.733587049851;139.379415391454
611.926461180318;404.733587049851;139.379415391454
611.948325273159;404.763580908737;139.358735932756
612.068176845617;404.927997112863;139.245378124566
612.327717292471;405.28404296369;138.999900025376
612.587256034732;405.640086476103;138.75442353842
612.707105565872;405.804499879884;138.641067660946
612.728969072412;405.834492934463;138.620388756783
612.728969072412;405.834492934463;138.620388756783
612.728969072412;405.834492934463;138.620388756783
612.728969072412;405.834492934463;138.620388756783
612.728969072412;405.834492934463;138.620388756783
612.728969072412;405.834492934463;138.620388756783
612.728969072412;405.834492934463;138.620388756783
612.728969072412;405.834492934463;138.620388756783
612.728969072412;405.834492934463;138.620388756783
612.728969072412;405.834492934463;138.620388756783
612.728969072412;405.834492934463;138.620388756783
612.728969072412;405.834492934463;138.620388756783
612.728969072412;405.864485184768;138.599710407131
612.728969072412;406.02889257122;138.486358678343
612.72833557866;406.402571418057;138.193958771483
612.725496456634;406.837707018179;137.738147495346
612.72081553576;407.13254389349;137.277992551014
612.717976413734;407.241646521836;137.046966801793
612.717342919981;407.259298612608;137.000031829117
612.717342919981;407.259298612608;137.000031829117
612.717342919981;407.259298612608;137.000031829117
612.717342919981;407.259298612608;137.000031829117
612.717342919981;407.259298612608;137.000031829117
612.717342919981;407.259298612608;137.000031829117
612.717342919981;407.259298612608;137.000031829117
612.761701668004;407.259298612608;137.005612874849
613.004226693543;407.301627001367;137.030625386509
613.527948456119;407.491329678631;137.071864046515
614.049821602299;407.804096517746;137.096876558174
614.290132835276;407.99379919501;137.102457603906
614.333855744626;408.036127583769;137.102457603906
614.333855744626;408.036127583769;137.102457603906
614.333855744626;408.036127583769;137.102457603906
614.333855744626;408.036127583769;137.102457603906
614.311994583054;408.006137746092;137.123134290156
614.214019654176;407.871732618354;137.21580076893
614.052486304937;407.620145383508;137.389259204261
613.954511376059;407.351331523961;137.574594646661
613.955109589587;407.082102032936;137.794951786746
614.055765525496;406.868649221048;138.097790287031
614.221719108053;406.708336923046;138.464978513271
614.321980103068;406.706910440745;138.601356567174
614.342669475879;407.037131262124;138.317541247788
614.339751235458;407.610652046366;137.772291842069
614.33798123317;407.958509985991;137.44158136031
614.337586292276;408.036728375656;137.367789877553
614.337586292276;408.03942093809;137.367789877553
614.337586292276;408.043860223048;137.367789877553
614.337586292276;408.046552785482;137.367789877553
614.337790431959;408.047153577369;137.382309152328
614.382795150006;408.03011768227;137.479940495226
614.582097128956;407.953153303771;137.747838335168
614.953735183299;407.807509497807;138.151679688119
615.350639431619;407.65038674083;138.580502346088
615.722015743399;407.504912804553;138.984520118272
615.92106978818;407.428067583424;139.253974372496
615.96597625529;407.411058275928;139.352909037418
615.966165241485;407.411058275928;139.36776578128
616.00982791304;407.470963246769;139.326584025897
616.205510430929;407.739438699848;139.1420202029
616.528136360476;408.18207989;138.837725902124
616.723818878365;408.450555343079;138.653162079127
616.767481549919;408.510460313921;138.611980323744
616.767481549919;408.510460313921;138.611980323744
616.767481549919;408.510460313921;138.611980323744
616.789311948782;408.540411513899;138.591390329732
616.908978783053;408.704593822549;138.478522973683
617.168119085744;409.060133044585;138.234107041829
617.427257572569;409.415669775261;137.989692822664
617.546922232267;409.579849100407;137.87682751763
617.568752006555;409.609799443472;137.856238112703
617.635245296484;409.575124999225;137.965993695298
617.955057328945;409.419724921421;138.457884090221
618.544124638875;409.162884334667;139.268874247184
619.003280590377;409.00466449906;139.760764642107
619.145708759014;408.935415910535;139.875697687679
619.069773880305;408.798480936795;139.898901466921
618.886809774319;408.546807149476;139.95773170689
618.691317659237;408.278572883706;140.073140303084
618.508349569886;408.027522803831;140.230337809032
618.410438787667;407.892765627483;140.322542625985
618.366080581066;407.847665194607;140.327854792541
618.222931222429;407.787760088426;140.233098664538
617.863041103913;407.693907353438;140.002198617892
617.394516977641;407.655712391021;139.692027109395
616.976612578876;407.722423998511;139.34796028221
616.605782687977;407.852716094055;138.974259747266
616.385817677979;407.919419362307;138.763586329467
616.243745843572;407.881825152528;138.716578736015
616.038140310158;407.790770683065;138.690164747983
615.741934575933;407.735543355632;138.571785466518
615.371441378522;407.723220473218;138.376611027157
615.07609011521;407.693868880357;138.293519888768
614.871893366166;407.562324167435;138.425256385871
614.774884502026;407.345443601192;138.686002454685
614.753238898635;407.21389888827;138.844152939821
614.687303341255;407.172810850056;138.867321657864
614.391800674399;407.119594948817;138.813006163157
613.904599142004;407.03010937923;138.723455051704
613.609501426194;406.925370594346;138.72246061457
613.545380733489;406.667652701081;138.969911291326
613.548991299461;406.181137542126;139.456233994493
613.55357746129;405.698916210294;139.915199055004
613.558551508901;405.274046075739;140.385167227798
613.561322806055;404.75860642252;140.998820910112
613.540105144796;404.311803105785;141.454718350086
613.419770350908;404.074332940114;141.588231359611
613.157707845273;403.952579628003;141.48981211254
612.87194872035;403.896902991122;141.279143301673
612.651490635209;403.884479854218;141.095378027561
612.467368633722;403.883827155499;140.962065547142
612.368440228348;403.880901962782;140.897314227711
612.344910416513;403.876079135329;140.882866255437
612.299525576091;403.890716739528;140.835843632959
612.100473933828;403.968775035793;140.625102859742
611.772668958264;404.098547527462;140.277650064336
611.551984204478;404.147268265686;140.087555761464
611.409646484583;404.030424056658;140.133064199469
611.248114434865;403.808824367026;140.285622127087
611.150140294185;403.674417361082;140.37815318757
611.128279308484;403.64442710432;140.398799657914
611.128279308484;403.64442710432;140.398799657914
611.128279308484;403.64442710432;140.398799657914
611.128041244032;403.643783866195;140.384615331272
611.126974313179;403.640901072921;140.321045589589
611.125215241587;403.636148150331;140.216236804305
611.124148310734;403.633265357057;140.152667062622
611.123910246282;403.632622118932;140.13848273598
611.123910246282;403.632622118932;140.13848273598
611.123910246282;403.632622118932;140.13848273598
611.079492241601;403.650199238042;140.091596654948
610.880424555495;403.728974420642;139.881467818033
610.552217427104;403.858852739798;139.535023935023
610.353149740999;403.937627922398;139.324895098108
610.308731736318;403.955205041508;139.278009017076
610.308976363049;403.955836395053;139.292024791067
610.310072703994;403.958665925337;139.354839132176
610.31188026463;403.963331032103;139.458402472467
610.312976605575;403.966160562388;139.521216813576
610.313221232306;403.966791915933;139.535232587567
610.313221232306;403.966791915933;139.535232587567
610.313221232306;403.966791915933;139.535232587567
610.313221232306;403.966791915933;139.535232587567
610.313221232306;403.966791915933;139.535232587567
610.291349684188;403.954355927231;139.535232587567
610.193328206039;403.898621692587;139.535232587567
610.031718110028;403.789163804813;139.555887799162
609.933696631878;403.654696737293;139.648458035213
609.911825083761;403.512452252326;139.801080552424
609.911825083761;403.43371941945;139.893650788474
609.911825083761;403.416151749841;139.914306000069
609.911825083761;403.416151749841;139.914306000069
609.911825083761;403.416151749841;139.914306000069
609.911825083761;403.416151749841;139.914306000069
609.911825083761;403.416151749841;139.914306000069
609.889952928945;403.386147259255;139.934961784622
609.791928731763;403.251676461732;140.027534588493
609.630314152825;403.029971597568;140.180161339322
609.532289955643;402.895500800046;140.272734143192
609.510417800827;402.865496309459;140.293389927745
609.510417800827;402.865496309459;140.293389927745
609.510417800827;402.865496309459;140.293389927745
609.510417800827;402.865496309459;140.293389927745
609.510417800827;402.865496309459;140.293389927745
609.510417800827;402.865496309459;140.293389927745
609.510417800827;402.865496309459;140.293389927745
609.510417800827;402.865496309459;140.293389927745
609.510417800827;402.865496309459;140.293389927745
609.510417800827;402.865496309459;140.293389927745
609.510417800827;402.865496309459;140.293389927745
609.510417800827;402.865496309459;140.293389927745
609.510417800827;402.865496309459;140.293389927745
609.510671853868;402.866140604425;140.307397295399
609.511810440605;402.869028134131;140.370173961917
609.513687652777;402.873788865777;140.47367518731
609.514826239514;402.876676395483;140.536451853828
609.515080292555;402.877320690449;140.550459221482
609.515080292555;402.877320690449;140.550459221482
609.515080292555;402.877320690449;140.550459221482
609.515080292555;402.877320690449;140.550459221482
609.515080292555;402.877320690449;140.550459221482
609.514826239514;402.877320690449;140.536451853828
609.513687652777;402.877320690449;140.47367518731
609.511810440605;402.876676395483;140.370173961917
609.510671853868;402.873788865777;140.307397295399
609.510417800827;402.869028134131;140.293389927745
609.510417800827;402.866140604425;140.293389927745
609.510417800827;402.865496309459;140.293389927745
609.510417800827;402.865496309459;140.293389927745
609.510417800827;402.865496309459;140.293389927745
609.465948462166;402.883051397814;140.246311420341
609.266650713122;402.961727845422;140.035320188257
608.93806427507;403.091443378097;139.68745445599
608.738766526026;403.170119825705;139.476463223907
608.694297187364;403.18767491406;139.429384716503
608.694038050486;403.187045308094;139.415605963997
608.692876679571;403.184223609918;139.353853879489
608.69096190264;403.179571416116;139.252041904251
608.689800531725;403.17674971794;139.190289819744
608.689800531725;403.176120111974;139.190289819744
608.69096190264;403.176120111974;139.252041904251
608.692876679571;403.17674971794;139.353853879489
608.694038050486;403.17894181015;139.415605963997
608.694297187364;403.181401911742;139.429384716503
608.694297187364;403.182393114292;139.429384716503
608.694297187364;403.184853215884;139.429384716503
608.694297187364;403.187045308094;139.429384716503
608.694297187364;403.18767491406;139.429384716503
608.694297187364;403.18767491406;139.429384716503
608.694297187364;403.18767491406;139.429384716503
608.694297187364;403.18767491406;139.429384716503
608.694297187364;403.18767491406;139.429384716503
608.694297187364;403.18767491406;139.429384716503
608.694038050486;403.187045308094;139.415605963997
608.692876679571;403.184223609918;139.353853879489
608.69096190264;403.179571416116;139.252041904251
608.689800531725;403.17674971794;139.190289819744
608.689800531725;403.17674971794;139.190289819744
608.69096190264;403.179571416116;139.252041904251
608.692876679571;403.184223609918;139.353853879489
608.694038050486;403.187045308094;139.415605963997
608.694038050486;403.187045308094;139.415605963997
608.692876679571;403.184223609918;139.353853879489
608.69096190264;403.179571416116;139.252041904251
608.689800531725;403.17674971794;139.190289819744
608.689541394847;403.176120111974;139.176511067238
608.689541394847;403.176120111974;139.176511067238
608.689541394847;403.176120111974;139.176511067238
608.689541394847;403.176120111974;139.176511067238
608.689541394847;403.176120111974;139.176511067238
608.689541394847;403.176120111974;139.176511067238
608.689541394847;403.176120111974;139.176511067238
608.689541394847;403.176120111974;139.176511067238
608.689541394847;403.176120111974;139.176511067238
608.689541394847;403.176120111974;139.176511067238
608.689541394847;403.176120111974;139.176511067238
608.689541394847;403.176120111974;139.176511067238
608.689541394847;403.176120111974;139.176511067238
608.689541394847;403.176120111974;139.176511067238
608.689541394847;403.176120111974;139.176511067238
608.689541394847;403.176120111974;139.176511067238
608.689541394847;403.176120111974;139.176511067238
608.689541394847;403.176120111974;139.176511067238
608.689541394847;403.176120111974;139.176511067238
608.689541394847;403.176120111974;139.176511067238
608.689541394847;403.176120111974;139.176511067238
