369.942215428913;239.992775458965;190.235864494838
370.68575577541;240.129369972195;190.71482667189
371.715098797487;240.350372387505;191.023878749508
372.947425255949;240.552872469546;191.120803275911
373.855322260436;240.884671618734;191.184844252357
374.576502946166;241.469730827901;191.29042997242
375.268242957945;242.041664520092;191.354470948866
375.767104203991;242.426955953372;191.368760422196
375.939043798384;242.603092510121;191.341131261914
375.858801031928;242.704712197664;191.204004519613
375.662467242045;242.82331137809;190.940238201109
375.431497340144;242.933887111309;190.649819788934
374.951137852915;243.097843318571;190.242806918335
374.210304903903;243.323011063308;189.66366393372
373.748448577654;243.455288084879;189.256775864567
373.636707778607;243.447849917278;189.127358247981
373.633641480781;243.222172579195;189.214193443007
373.604680784277;242.607802761013;189.696218008643
373.416773847537;241.568515775182;190.685087121451
372.924685830351;240.113478425772;191.946125311335
372.268764392701;238.256545781268;193.557154010952
371.70167579891;236.253066893843;195.419275717851
371.073417046782;234.321226124166;197.191036299568
370.226551849438;232.533426891771;198.681711620916
369.49769847683;230.891592062832;200.083489658814
369.186658787613;229.478792659988;201.539597024306
369.145485270243;228.501380032162;202.729592679759
369.191740917257;228.164035127749;203.242754146547
369.336389167134;228.432101947484;203.20667710338
369.626446444313;229.166850677406;202.831721257375
369.942558452673;230.00473737448;202.323440826275
370.186032003255;230.682332944691;201.952201899071
370.382798322426;231.155871423805;201.719015650143
370.460775833425;231.500928122645;201.485912159916
370.372812902087;231.834613315908;201.16621245697
370.187348389261;232.084497790449;200.800192038345
370.035398270846;232.237347396345;200.488906046997
369.864051917091;232.459906327783;200.069321018043
369.645558492015;232.835501132452;199.481739353638
369.535910223839;233.305392322168;198.858050974909
369.629750444311;234.034433129356;198.079601809084
369.950194980838;234.972547743973;197.243316493404
370.342403497424;235.740163792418;196.579887295651
370.549918579827;236.067611472449;196.231304021099
370.592277526971;236.1155883475;196.125685033909
370.712928566814;236.096198733338;196.125093828862
371.279341491856;236.118122738312;196.182550745645
372.308695776568;236.297627935231;196.277281186494
373.160805392919;236.714843590851;196.298949673158
373.695480678969;237.284303893318;196.12917925749
374.232632005895;237.953051614347;195.747109373184
375.059068605443;238.639998990359;195.323233140745
376.183271838472;239.183730438468;194.963507197481
377.320513268589;239.738650325071;194.662675733572
378.224388434637;240.515295658393;194.314113511833
379.007456943035;241.511305606231;193.681136438272
379.886933901746;242.728545224746;192.762937974204
380.742254313685;243.908425808694;192.005835823679
381.493343478345;244.757310182342;191.659153601909
382.397261396791;245.190847870802;191.575639950333
383.575039084622;245.442518632005;191.567112928322
384.55969007235;245.651125373434;191.567112928322
385.556185070768;245.92742572807;191.558597170444
386.675226437605;246.440592324883;191.50858674021
387.516085001536;247.092969256891;191.384485658838
388.085081450714;247.694189262653;191.203989276409
388.855793457967;248.292829070861;190.980923164332
389.961091473912;248.809712391212;190.704530299275
391.117795369208;249.394096897878;190.39488318692
392.14678926181;250.342208623356;189.940831673625
393.188030949556;251.685446303719;189.147532794712
394.282115139141;253.084643919331;188.269531570815
395.278046983131;253.948858817993;187.834107796851
396.254751691104;254.297756594226;187.823841005103
397.197089184643;254.510445409247;187.997191780949
398.25609694243;254.752652085114;188.155894731568
399.5576125235;255.172844625912;188.13998724179
400.653046515357;255.911398508306;187.888976286693
401.342682627847;256.676100758497;187.479555349892
401.787900571009;257.221807201149;187.04312568069
402.197830916978;257.672851448706;186.6458618553
402.637132343208;258.038228818173;186.338692933792
403.313395559738;258.400943177352;186.10990688355
404.274247216622;258.938598596703;185.885936234776
405.242690543951;259.497767268186;185.708517858954
405.911105616469;259.933519716298;185.579517653132
406.674644570885;260.434063913165;185.455678738883
407.858270696218;261.053783588652;185.310543818054
409.057535444037;261.693720528617;185.236561509089
409.903842680464;262.299640555038;185.296456645226
410.605398010626;262.702583171192;185.440573640887
411.53396576483;262.966590673469;185.639514244373
412.409194496306;263.161501666996;185.901734827016
412.792588963598;263.222179347144;186.095966608457
412.649397435179;263.106018057606;186.153973388215
411.893639011656;262.820882438226;186.109137599037
410.529884901497;262.366660068186;186.011406376563
408.909548296858;261.662126001756;185.940916167616
407.101233070585;260.771414695632;185.933139505349
405.062209061561;259.576143803359;186.027895089907
402.44397482325;257.861387525444;186.471832669859
399.157588034582;255.271013903786;187.715190596034
394.96702364702;251.433141246374;190.000374507832
390.065675626266;246.559321436194;193.20185728056
384.84275704636;241.127886869999;196.898313619306
379.115403642637;235.424152255264;200.522516304666
373.187785072357;229.465903469259;204.127810653344
367.459835721413;223.472190127149;207.751552841416
361.821838288266;218.09253505173;210.744257687695
356.472626799373;213.780300207737;212.729026753348
351.934785837602;211.012348741868;213.697203968824
348.67479773899;209.965630522083;213.858713993983
346.90397596207;210.01749509216;213.262035983016
346.33357100316;210.704500813771;212.001405399738
346.390929679555;211.742404023947;210.783871477725
346.763122095242;212.705088393539;209.979164577677
347.247011740754;213.462891272169;209.426655017766
347.677803095528;214.054113012077;208.995598772747
348.059692112724;214.578220765626;208.613474934972
348.309232408502;214.920692001903;208.363781198812
348.604299307035;215.325644337196;208.068532865944
349.144696463941;216.067290017423;207.527803423041
349.730620551722;216.871417246981;206.941519055107
350.203213353629;217.521951657546;206.449788174511
350.689378593208;218.199828450845;205.859978683637
351.119189955698;218.812795578945;205.206038210519
351.436087357578;219.270794840039;204.665117792142
351.790179440913;219.767354983863;204.244121329248
352.497664698528;220.569505941515;203.792002598005
353.737976966631;221.51067058479;203.318160321062
355.295107013678;222.403564151947;202.781041825615
356.637007177834;223.337259950324;202.275740017698
357.999832751154;224.289006970727;201.95996097313
359.683622547978;225.172765614279;201.805216108005
361.482965171721;226.029176543361;201.741963115401
363.427681945613;226.802547098928;201.727461217617
365.196825020056;227.457388931733;201.713976141244
366.490955869551;227.970118263013;201.704323842
367.470208423343;228.390632600846;201.698251067519
368.526079485166;228.764491420761;201.660562782488
369.661305567263;229.247215406525;201.544037305664
370.779859406724;229.862208976063;201.369428466941
371.99537081942;230.367042241077;201.238126886664
373.373031337073;230.806131170341;201.189377607423
374.811321347795;231.32019485585;201.194392461949
376.027487041834;231.815078554985;201.249384756651
377.022597230334;232.250882219547;201.340051722651
378.09091356546;232.626075943141;201.41070703864
379.158858405263;233.001107541537;201.493174269472
380.056716249863;233.389350628885;201.608909212438
380.846066358241;233.677752762302;201.679106003747
381.547582752861;233.88197502205;201.691350899073
382.263259142706;234.154351455254;201.676031921315
382.781749041413;234.486592023168;201.628292200853
383.08125127706;234.812771699918;201.489728384312
383.396347029707;235.244838632428;201.196937051996
383.767818699501;235.754209588822;200.829284595956
384.08291522206;236.186277577053;200.517427677033
384.35468340842;236.558932700608;200.248453622446
384.771590666644;237.130606037009;199.835832715144
385.333637237207;237.901297916003;199.279564717125
385.852355611814;238.612577122624;198.76617944464
386.291982265298;239.215403844419;198.331072727123
386.708893025603;239.787081982959;197.918448353746
387.148521730542;240.389911517759;197.483339605867
387.66724521089;241.101197725497;196.992432866539
388.302300134615;241.887552834726;196.536921673263
389.096613265809;242.513877476963;196.309595423342
390.110203243069;242.901543719691;196.249773723035
391.042180871873;243.161034852829;196.219098318716
391.683041185843;243.455319798175;196.145778503142
392.336685042618;243.911276697134;195.958958978096
393.120341364915;244.472723496085;195.700942459593
393.90758561516;245.096751312179;195.543094577813
394.69630702014;245.66397472617;195.474693702838
395.575021312216;246.135344260553;195.394466491659
396.450630980156;246.576058191578;195.278654654187
397.31200506981;247.049579969237;195.171813017609
398.10430714084;247.674421401295;194.998239888597
398.958116736632;248.385748970297;194.683711891133
399.826817423394;248.963804887783;194.294409651361
400.436425958783;249.436894759488;193.906484051139
400.805118130408;249.866960820939;193.570345172724
401.151371312551;250.343618680361;193.223053626085
401.633724736743;251.004920401681;192.746966161933
402.129108832935;251.684087044013;192.258017299319
402.568187255076;252.286059170245;191.83177976562
402.984577324031;252.856925791128;191.46804171802
403.452903771089;253.413930114105;191.178172892145
404.124711466006;253.953734615405;190.919019768261
405.028307038696;254.563104761817;190.625215279315
405.853401808647;255.309021116941;190.325919494718
406.414584332254;255.986648944206;190.041469281242
406.762204320597;256.458295385253;189.791321592268
406.998469512214;256.777296418085;189.621283598313
407.202648427571;257.050588347787;189.505001744508
407.264860118393;257.197499668596;189.429005296593
407.050233945602;257.228961497226;189.318217545481
406.534350286022;257.209055047473;189.084907665507
405.810353923698;257.104108502501;188.742343319629
404.765117548797;256.830142726734;188.350305987729
403.38648119225;256.425094726509;187.986620556283
401.84436140454;255.993006071593;187.661281836197
400.019976285348;255.357518142544;187.54421073519
397.799695018957;254.110905058688;187.814915417794
395.377616076897;252.095367303262;188.613855346575
392.52489673169;249.439391127471;189.94662064541
389.067141867004;246.155558311362;191.86212482345
385.139855475362;242.220804318131;194.366393521924
380.993240405445;237.782861703347;197.234669421342
376.657355384321;233.058821185254;200.229595772919
372.292577601051;228.411093052884;203.101731287647
368.519707174986;224.167175136288;205.814139241051
365.274075607633;220.677123582967;207.905131094316
362.429120120564;218.281465348041;208.963139484011
360.507633112336;217.150424910141;209.240705538733
359.439064340187;216.956962643722;209.086160473065
359.036648429709;217.428623733247;208.515023910957
359.105169376231;218.32055040039;207.747112047454
359.576210841255;218.995558969607;207.339134140198
360.386290529404;219.280250552878;207.334129738387
361.234089383801;219.336572566247;207.516213406861
361.850827289514;219.33252293866;207.81518519273
362.400983781304;219.368087488215;208.269617770077
362.993245279744;219.418993783367;208.6818832126
363.596770285951;219.457295974984;208.897757753732
363.980713614684;219.46263494478;209.03646305359
364.291420765497;219.408711187425;209.27949815731
364.722647522608;219.292994306289;209.646596998758
365.190135741935;219.161911263751;210.067846702126
365.626957761114;219.046067144303;210.459513603488
365.908298268302;218.973001654752;210.698347740192
366.186352002117;218.892933421829;210.923713489271
366.561108149261;218.781195993916;211.227457656503
366.78840924242;218.713423818049;211.411687806637
366.839126971738;218.698301801594;211.452795109541
366.889809825728;218.698301801594;211.471328707103
367.139672204842;218.71434673078;211.554390528733
367.615983814609;218.786255114546;211.691336320835
368.033707796393;218.935968657168;211.7518526218
368.288017338257;219.178668281285;211.646798602974
368.49610631221;219.595723387602;211.356620419142
368.676390882501;220.120367083186;210.946834578486
368.828485425742;220.620464626994;210.449857929306
368.906956466542;221.042919160388;209.92142466633
368.947191444106;221.403462295286;209.525431693851
369.049041062497;221.697985682945;209.282164558423
369.21696269475;221.95945448573;209.092960564289
369.318812313141;222.099139138113;208.991881988686
369.389959315445;222.195311373416;208.937034580486
369.606968439668;222.486640776857;208.792304126223
369.964755998711;222.966961761091;208.553683947762
370.204480627006;223.289447719971;208.386379544339
370.377421339184;223.525242784553;208.230342344015
370.666849214039;223.923618309162;207.939798145474
371.028074598981;224.423937212852;207.557903733866
371.357331170667;224.879605617299;207.177805060903
371.713813834887;225.365884744551;206.779370954116
372.196857800374;226.028398893334;206.292330179197
372.68732759237;226.703766858848;205.806937562195
373.132515187367;227.311729065226;205.407090614882
373.546655209996;227.8811123118;204.980388454024
373.945267071309;228.436644058825;204.485544946726
374.349411478443;228.99711947357;204.014884186539
374.78634423804;229.597746480885;203.565741490931
375.282566354826;230.27830488634;203.073275976186
375.743010217725;230.909794154018;202.616317859483
376.019960827897;231.220348698554;202.391594452344
376.314517712441;231.283150814857;202.3651885882
376.812301759344;231.300573457262;202.467705545763
377.336132945925;231.388579677342;202.689679152943
377.80342617741;231.574874470161;202.911615576189
378.234808429235;231.760871990802;203.014088004491
378.572429910749;231.878180479965;203.010239671907
378.826467485427;232.06472742028;202.886684588367
379.118786292959;232.434484250699;202.619122540423
379.388393567202;232.804241411108;202.351560253691
379.535605296702;232.990756712071;202.228004884194
379.710510464683;233.092573567181;202.205465216211
380.10423043963;233.224466296312;202.189660927644
380.598527554205;233.377456321136;202.118831020307
380.937057373483;233.566886416291;202.002052245479
381.158426855027;233.750550023021;201.931222338142
381.400543473206;233.912056563878;201.91179072793
381.829450315554;234.126720429451;201.876650026701
382.374077153453;234.457027123762;201.71658721083
382.751141375519;234.998210526352;201.323954323383
382.979024556652;235.667160163879;200.788049770123
383.3705397277;236.139521790198;200.387062580314
384.048437455028;236.510430266324;200.198073827479
384.786600165465;236.959781428679;200.123675499978
385.56402608666;237.419919758583;200.073213391297
386.407236094655;237.811955903888;199.975418535109
387.233505714699;238.178093289772;199.891029265585
387.885208735454;238.54414587195;199.815820679035
388.342486198933;238.963870186843;199.611052538396
388.723369531653;239.450840635423;199.279023360216
388.972251708616;239.776668478134;199.07427311466
389.271371492526;240.06417107727;199.010897755755
389.927573778141;240.510627399949;198.948518474303
390.953273830568;241.006094117533;198.807974552278
392.049818823622;241.520070002827;198.579419046535
392.822666933411;242.089001148344;198.232419312445
393.402779645778;242.800405718207;197.637514730723
394.06845238333;243.722592615062;196.884874851373
394.772780726555;244.690351700393;196.163364547012
395.488528078398;245.587373474529;195.548362583316
396.422174143591;246.489759444086;195.036687950917
397.501575996265;247.346995558495;194.6665777802
398.419162437165;248.143161395613;194.310660974987
399.323391594089;248.921221304038;193.907951919208
400.313334968496;249.656249340382;193.492419368108
401.121869360488;250.38737397366;193.09271376137
401.606931540607;250.939071067478;192.794595455618
402.039099455522;251.263791732621;192.668998064951
402.815538476702;251.528913620506;192.621210123416
403.785811723488;251.822341566413;192.507401424443
404.479248700201;252.218881257002;192.319762601656
405.010063083289;252.61934728672;192.205953902684
405.640825445057;252.944973656607;192.178166309836
406.440788887394;253.275642753082;192.167439657655
407.13736536829;253.576526675945;192.147362677327
407.805017910031;253.886220925489;192.125917076569
408.386608820764;254.277304860751;192.083533295708
408.762239346717;254.654929205157;191.941005492687
409.089352145062;255.092406131548;191.599457723532
409.46104549432;255.611914237177;191.109293660132
409.832821380402;256.131517578936;190.642787534341
410.116568245411;256.524214267064;190.331496769428
410.268159591595;256.729898564562;190.170432865418
410.470469307066;256.920740600896;190.106554031605
410.958245970026;257.215295114792;190.062498846188
411.612800617561;257.494717469079;189.981099439738
412.083429542732;257.748585040188;189.891051119336
412.475163487942;258.078901072043;189.842903267961
412.990591442897;258.418130661925;189.746230717617
413.60771198895;258.717234036787;189.670797344791
414.17119599466;258.981112369246;189.693262300798
414.707668899403;259.191562921427;189.783026129958
415.267647153319;259.350275042166;189.867451800976
415.865749553704;259.516501165728;189.945504873044
416.558175644727;259.72655707995;190.020772087384
417.05190371286;259.971484357513;190.07710897707
417.225881921136;260.110655066987;190.070413555755
417.248538482088;260.14170824968;190.013503003434
417.246922101203;260.140214825806;189.974931274382
417.192708615798;260.085406237947;189.957677891678
416.920404909527;259.843205629826;189.913216748365
416.270068571986;259.411369065587;189.823740504592
415.341554737248;259.048284676914;189.742806951037
414.337771219566;258.744330317774;189.710067152225
413.272229584682;258.242972364542;189.712533594606
411.872230210489;257.504223133412;189.741509778111
410.18151587254;256.640783108598;189.843679213806
408.309763208976;255.524197659489;190.221024469056
406.065900305894;253.689378429857;191.194142415923
403.027191286448;250.819987969525;192.821696663293
398.935862939593;247.08683126518;194.803749975775
394.078404763002;242.732582322238;197.059284154681
388.710122844644;238.181419380391;199.253231327204
382.97409965829;233.810417867863;200.99706051674
376.927463715803;229.740236527665;202.155957742292
370.808597869352;225.790777686049;203.13498748254
365.232392916118;221.994115060248;204.284785054026
360.778979259115;218.809942305081;205.321713144882
357.401998708645;216.609638263083;205.795472120205
355.3336775114;215.483345422586;205.848746483352
354.619165194781;215.162579282447;205.781371380919
354.753771424417;215.280307046689;205.732945436151
355.417470376796;215.609011401065;205.773940658221
356.498536466032;215.899564649647;206.053269646557
357.797273820264;216.037658274979;206.652183050634
358.983058405737;216.092458865275;207.365087766826
360.062465344132;216.1458192177;207.986666262073
361.08186663219;216.307649501643;208.361823671875
361.970879217235;216.613176173784;208.563413153538
362.769761020164;216.892195495298;208.669133142794
363.460495582281;217.074556955978;208.779471250307
364.167805152642;217.239902821019;208.930718440275
364.86426895481;217.427755488213;209.020559650055
365.578450956726;217.697842475103;209.032536611187
366.090527414968;218.023997582776;209.018535472043
366.443109229573;218.33730878245;209.010043351881
366.983423029001;218.68915522671;208.988215257639
367.715195545158;219.047230258238;208.898880646409
368.311094604809;219.466075787081;208.751592772664
368.761982432052;219.991163849507;208.653079184073
369.074763400933;220.41696177263;208.578805571621
369.325413580259;220.754081867488;208.442609873941
369.552437754926;221.054678951502;208.262683958275
369.780203420812;221.360456072524;208.103952561179
370.008056251834;221.674491630555;207.926713936658
370.293381581793;222.156798408836;207.577633310235
370.600511949677;222.949653591367;206.93544181071
370.94888515013;224.024919958903;206.042772036714
371.424381383436;225.048592619287;205.234521294817
371.936734730985;225.842133613721;204.648375930197
372.50039079034;226.617928601683;204.091312234839
373.211956832829;227.593309803139;203.390934602995
374.002867957258;228.677453504112;202.612459482978
374.714431349728;229.652831073047;201.912084459485
375.280389640137;230.42862002911;201.365104187099
375.89710673243;231.189189224119;200.888000552228
376.793395756779;232.036386112838;200.460293904119
377.767708355697;232.739272246494;200.186222754697
378.390690629329;233.203174161764;200.040645883752
378.843386813689;233.64816071165;199.91457680886
379.468333802316;234.123892065522;199.756694798664
380.237700477499;234.552685381704;199.576734197895
380.803251375932;234.948350246807;199.420534438183
381.225555177234;235.443870236607;199.142528860967
381.779371930215;236.207616789462;198.594811278362
382.354826490949;237.001574765567;197.962202181801
382.80426729612;237.619727657958;197.424445253137
383.221366349174;238.196559578274;196.948380587954
383.620242344573;238.747852723496;196.534259897855
384.045179560784;239.331639979078;196.113354973545
384.453418020682;239.891235953436;195.711533409559
384.881043506655;240.477406841262;195.330541962165
385.289280929525;241.037001394107;195.067684012607
385.817947815173;241.592386413078;194.807650215182
386.724537117813;242.076399540037;194.48581582153
388.057194514771;242.652263843923;194.280133965375
389.095955319695;243.317453650696;194.159334102075
389.693541341883;243.968509668404;193.891882714392
390.270771193542;244.763923713514;193.343561691301
390.89742055641;245.542998898552;192.757311343548
391.595931202902;246.123263060869;192.393349303666
392.46577718321;246.695232368982;192.177640928148
393.180271743066;247.284199952983;191.960907268543
393.696311860111;247.785241104496;191.72950882148
394.260513302911;248.188656920299;191.445789166807
394.961453007578;248.614784937904;191.178151964618
395.568944998657;249.077538145394;191.019357619223
395.968401056005;249.503279799558;190.842353833738
396.377948366323;250.053038750272;190.46338954714
396.829922997757;250.676881827271;189.960397655073
397.177734392387;251.155347158187;189.532724441153
397.580298595588;251.62694412648;189.170927543359
398.271988921484;252.200180018386;188.886061913263
399.125304614688;252.746549634097;188.727201132795
399.700055169089;253.156714931952;188.583644554191
400.129157022462;253.580677117318;188.339630706404
400.733150231925;254.037884312466;188.05230584704
401.512527843399;254.486802389587;187.791279202666
402.151168611547;254.98566395958;187.540958908932
402.609468994391;255.533920820969;187.198798962443
403.061583449202;256.076727055212;186.826169349399
403.694917150589;256.570956004537;186.550599309286
404.481770162205;257.026541695665;186.328524963509
405.197510859328;257.544706343646;186.121943623748
405.969421333728;258.140062850527;185.92384074808
406.801159959952;258.656589206045;185.812167208593
407.252745785009;258.897402404555;185.783559675828
407.39193328799;258.971933459654;185.782145069778
407.659806931966;259.127478951459;185.781840868351
408.333506810095;259.473858517522;185.758280812894
409.204198730662;259.851506514357;185.656554257444
409.88746053719;260.114972346116;185.480003010947
410.367292114418;260.362296289648;185.319115189725
410.764649758666;260.676223316648;185.164950167028
411.080083633757;261.015506522434;185.011232093949
411.306659220567;261.308689035588;184.851184633192
411.520173366353;261.60123503925;184.653956124537
411.748603901149;261.913329293417;184.455001671299
412.049613539198;262.32177101375;184.264711465745
412.406051128729;262.719397680246;184.146931050011
412.889679311292;262.999963749045;184.094557376396
413.561850334279;263.294275803893;184.076253873801
414.069126012027;263.605799685588;184.072169810336
414.208134440508;263.754202263727;184.072169810336
414.00986223235;263.693712082736;184.073548040918
413.542624190533;263.450174700355;184.079724841855
413.042070062377;263.136693719029;184.089908664943
412.550705800728;262.887937517586;184.03404404493
411.736050593091;262.652476794855;183.747157599234
410.443373360838;262.395984593757;183.223121790069
409.045109096991;262.06480847246;182.780472995069
407.481945168121;261.456805641382;182.525009201374
405.934430738747;260.571963365254;182.424331612167
404.279637296957;259.574101628804;182.437827043172
402.295962316378;258.335712105345;182.633156486318
399.940859770582;256.58305949347;183.236327920508
397.381103755884;254.158633758289;184.594799948206
394.596090254982;250.875835397535;186.894797759222
391.356555635644;246.97747881855;189.568681844038
387.664412421868;243.094916304558;191.895562467271
383.74676779199;239.497990035951;193.762705940072
379.888452539568;236.104699881151;195.437594434118
376.307104834389;232.894205150854;197.013700753209
373.009819185837;230.302928901573;197.934348532418
370.282929645181;228.61746761662;198.155765665694
368.245826415903;227.86174813602;197.994158108286
366.906619983725;227.670243822596;197.688351459327
366.496844421434;227.685148904596;197.54587359946
367.06060514232;227.832911445852;197.697214359564
368.308329742771;228.07964918878;198.057904698407
369.640691512073;228.271188798248;198.443061821908
370.989499165759;228.460760333962;198.846199144408
372.16051094969;228.703278761725;199.244210220442
373.27487290795;228.877339998057;199.695262956752
374.191360883613;228.993304259687;200.172620161482
374.992868924591;229.14331793638;200.714201157212
375.852343288433;229.349074413761;201.211231992835
376.449083945174;229.49716042324;201.451148298344
376.815230790189;229.563766113644;201.497747606715
377.168826685752;229.613316534197;201.475460756537
377.713007917568;229.745899526811;201.362595619552
378.433436867581;230.002877094934;201.13865434183
378.876377618278;230.33595229541;200.925183118791
379.019023770455;230.740424272842;200.769834488861
379.149884596985;231.135392314561;200.605447789033
379.417561646517;231.574684268222;200.434446833019
379.698224155674;232.029877362048;200.264308592468
379.871078163871;232.502987281019;199.943369704708
380.073117477556;233.108724285299;199.263438668565
380.421657531354;233.804539885733;198.411702898172
380.811272755811;234.627202260665;197.792234218674
381.218158403601;235.348760848707;197.425369164666
381.65180381088;235.779953940787;197.097397674285
382.130907237022;236.113849753303;196.853390966795
382.557068168319;236.494062629778;196.727960181957
382.970780004234;236.815898700546;196.570735578449
383.370526004293;237.187585720341;196.322676793973
383.763078764002;237.616873886402;196.126599516395
384.028069178972;237.920363030458;195.973026989437
384.269006057762;238.239886475274;195.758062859458
384.583965131322;238.682173780353;195.439671781682
384.819249920118;239.000732450659;195.168814603672
385.01664602678;239.243172243812;195.063661114545
385.353181076377;239.559524515443;195.109191348681
385.85453878183;239.836214344736;195.109865464384
386.400727874533;240.054983601298;194.913334079012
386.855776321295;240.395376854757;194.660248407975
387.289396814881;240.875746261214;194.486185015762
387.698413024842;241.383306814739;194.259102719276
388.081219970545;241.892604122075;193.928869302008
388.30854238506;242.204048208182;193.707011268247
388.479241917336;242.437915862376;193.540415014749
388.750079473917;242.808978062611;193.27608785678
389.043731925128;243.211297910812;192.989494229075
389.293865630631;243.553994707698;192.745373242597
389.587515220905;243.95631063626;192.458782407058
389.858348933571;244.327367570121;192.194459000604
390.029044651327;244.561229998215;192.027866469932
390.256358875676;244.872662863349;191.806016429462
390.616335553859;245.365850514006;191.475864344985
390.923083166098;245.786111445876;191.271374270711
391.157602435834;246.095549279734;191.197579849963
391.35087405835;246.307160699262;191.097789145192
391.546584864945;246.469434936007;190.906027652004
391.739899822428;246.599632185241;190.657737804932
391.928860632644;246.743593233669;190.382787754183
392.053976767798;246.958373200115;190.204161428027
392.229786984144;247.274099520055;190.067757256899
392.648449533764;247.547564563;189.927272402931
393.5032043965;247.734927566959;190.044492492804
395.200433841916;247.935458236621;190.710321342378
397.584281187519;248.137257313769;191.67864184726
399.162680983527;248.292514400226;192.229206254667
399.632585632474;248.421171050462;192.347281334137
399.721494764691;248.489497022569;192.347281334137
399.925680313213;248.551886204024;192.346601733028
400.262325370231;248.778450177942;192.342876897721
400.516966715405;249.195238382716;192.33481188649
400.884595204011;249.551180779218;192.326748406471
401.687395180146;249.809462268292;192.323025404852
402.622438331309;250.060030482304;192.322346330408
403.148396500844;250.26511227396;192.278040069433
403.448358261749;250.576451396707;192.07947318387
403.784731065938;251.037259753011;191.752091735986
404.039095395855;251.316754149362;191.553524850423
404.332996705938;251.394997798602;191.530701666105
404.8256986305;251.478430726453;191.62698213596
405.353795267681;251.650730800144;191.785721794564
405.870317781113;251.827761894497;191.861381254088
406.37200884803;251.982859875702;191.790447374127
406.718504560859;252.179172986081;191.638077571976
406.937059023633;252.365218742524;191.545660615357
407.061828084683;252.483042375539;191.502950395947
407.186596374316;252.638698878085;191.403953429044
407.354777794768;252.869065877547;191.240735023976
407.456784982665;253.008790525707;191.141738057073
407.479545862837;253.039967308828;191.119648847994
407.529860540834;253.039967308828;191.163597284299
407.755355283292;253.039967308828;191.360560510945
408.200151937533;253.04061703026;191.685297972262
408.752893681795;253.0435288797;191.882261198908
409.361758550695;253.076035076455;191.925979619758
409.77420738376;253.203113773748;191.924948762008
409.991431485534;253.411927010051;191.903961408502
410.093356086811;253.551542202933;191.816488823677
410.181726250604;253.663612981886;191.629691516992
410.385729300791;253.943012176144;191.34583597057
410.720992861761;254.412811204661;191.001067851075
411.133521501879;254.817142850967;190.848145532964
411.895840428377;255.109423677821;191.003493630655
412.908530940645;255.254172053195;191.332243829221
413.506392419161;255.319552240604;191.5096339499
413.754296533622;255.490967263351;191.433490423347
414.024240823334;255.860689919667;191.172252609003
414.294184355448;256.230411538355;190.911015527823
414.41883897317;256.401141715442;190.790381378027
414.441579109567;256.43228719232;190.768374676065
414.441579109567;256.43228719232;190.768374676065
414.396098576195;256.369995881669;190.812388332164
414.192268966866;256.090825595545;191.009643853651
413.856210754369;255.630551606665;191.334863227688
413.65238114504;255.354639319797;191.532118749175
413.606900611668;255.306949348801;191.576132405274
413.560255999395;255.345775618803;191.550621383274
413.301025867512;255.426494110537;191.392358406409
412.658486816642;255.538760864781;190.985088506219
411.674700760844;255.585499006091;190.428302287789
410.496574707559;255.482205873727;189.933563868167
409.371905936689;255.179596175272;189.546701011271
408.341713835459;254.72517927236;189.25252373586
407.10405937153;254.166481702585;189.029285985129
405.693659867089;253.500480723094;188.787146258673
404.249061378249;252.823709349316;188.540981254169
402.532549214172;252.101455662152;188.35539237051
400.475219407507;251.031681423049;188.406915616605
398.098733014754;249.198705092888;189.012548773797
395.164567191624;246.441182731765;190.308443257228
391.695043994752;243.033576862037;192.094518764847
388.271040626492;239.185557820161;194.522414467299
384.864114545945;235.14106364317;197.28545572345
380.955816543556;230.945747366099;200.019338327712
376.505425597069;226.76927910797;202.447792198019
371.596296543069;222.681922292631;204.505797803886
366.492066339205;218.728316886118;206.144146514874
361.328835710009;214.800435684079;207.553569371415
356.341194367415;211.12344047792;208.732654761497
351.972412887481;208.170392704751;209.410196250417
348.613127096555;206.120087193674;209.623365842932
346.284075544003;204.903224100513;209.604126851382
344.666110299739;204.477770654288;209.349813788629
343.717455946718;204.631368394198;208.793561811108
343.451338692121;205.132636586836;208.224444415634
343.807821451522;205.686681707331;207.973124039185
344.730413622754;206.140545218014;208.020254972348
345.803068733495;206.512334612992;208.243170399707
346.712431496806;206.821079616141;208.482076656725
347.663862849333;207.100469756317;208.597164506424
348.682528538775;207.48482390145;208.617171532517
349.411621458212;207.977083981155;208.615800395972
349.693006352476;208.262176030012;208.615494454055
349.789019026706;208.391692890978;208.602948740951
350.017074713749;208.693340413678;208.546722755654
350.404319908413;209.200624458479;208.454021777727
350.73267126809;209.524714800231;208.419489799906
351.165252596438;209.606980487961;208.525846852684
351.852687432934;209.627472510907;208.783294529053
352.448390460182;209.720534560598;209.040692670313
352.858899907445;209.922032046997;209.159536115908
353.227179108797;210.123490763576;209.181213085594
353.432990252219;210.216506384848;209.181213085594
353.501873924301;210.264914940166;209.158938846426
353.627738754531;210.437272993954;209.036838611622
353.900301908939;210.810518282111;208.772427774287
354.172864408221;211.183762673146;208.508017572483
354.298728453912;211.356119652593;208.385918098754
354.321689227269;211.38756190856;208.363644078179
354.321689227269;211.38756190856;208.363644078179
354.292770981979;211.426695024777;208.297385149224
354.163168398127;211.605503136278;208.000433231514
353.945639606838;211.913421201444;207.495195910835
353.798781379227;212.129392129567;207.128121793752
353.716323235663;212.223600698797;206.917878014904
353.578814615104;212.307451276587;206.720597352415
353.354584534481;212.442863709639;206.473011673259
353.192260707606;212.625098936479;206.21425647437
353.182367428053;212.876772268415;205.879037392347
353.367637224068;213.158283260559;205.528820176403
353.816463583376;213.441169262357;205.286907733567
354.393418062404;213.636934391241;205.116171486474
354.727510416706;213.722444991861;205.011046694026
354.827246512512;213.761270497048;204.943102054517
354.907840648224;213.840272601986;204.848598225313
355.146268349828;214.085921316284;204.815609705062
355.555273473775;214.459102581435;204.940861253771
356.049922062828;214.679604763475;205.18744203475
356.779847234381;214.728046608314;205.391236551428
357.721715261371;214.755424493983;205.548297485762
358.631148180375;214.895139441309;205.710375075411
359.310425057967;215.173695593296;205.888527017651
359.883446444337;215.422125290315;205.989451983853
360.392974182032;215.525762594893;206.014212324869
360.648572935354;215.542778371247;206.015784260277
360.723454418196;215.574234851989;205.993975478387
360.865243111694;215.757321245823;205.86537704261
361.208940407515;216.178470931457;205.570386861982
361.650584193015;216.644508543435;205.25467647881
362.080251119207;216.927063377339;205.101264766269
362.574252084676;217.058103355092;205.080172749444
363.127030008992;217.072022742944;205.116897072622
363.726056862035;217.045473361496;205.177445245396
364.165868160219;217.099927337117;205.222692682689
364.5461418914;217.21106766398;205.269084934173
364.96055901402;217.328324525888;205.332062702502
365.269717795179;217.3910018722;205.370260649874
365.43572978564;217.467926977995;205.33469885594
365.66140909288;217.750004037558;205.137124005373
366.001256520433;218.215070485637;204.811378146688
366.207384404869;218.497147545201;204.613803296121
366.253377752734;218.560087444676;204.569718388073
366.253377752734;218.560087444676;204.569718388073
366.276373843213;218.591556595982;204.547676493293
366.379435170572;218.732591547443;204.448891574367
366.565527035527;218.990435987497;204.249411860447
366.741068310648;219.248017891054;203.971905100308
366.883563632701;219.540281527847;203.569727078305
366.950085834082;219.959359907153;203.05449266597
366.939557529597;220.505465851278;202.421918996291
366.895535407369;220.883079730564;201.871658100856
366.920830634218;220.99601336181;201.668183635841
367.147902764445;220.956684589983;201.827667892106
367.532104078716;220.85951933382;202.166135254534
367.765133955324;220.786308343269;202.371426087159
367.863166470865;220.795578623807;202.41723266352
368.069487847694;220.946089082588;202.41723266352
368.513476627926;221.199278568905;202.464777982676
369.185097440671;221.352845755073;202.677861319882
369.998283039763;221.387111225916;203.029176350366
370.463582475678;221.387111225916;203.242259687572
370.593655392415;221.421526356167;203.281975348307
370.737512723027;221.610137927489;203.23893886961
371.048946575345;222.018485303913;203.145471861411
371.360263604288;222.426712105912;203.051665488741
371.526954319561;222.646618669811;202.986200965409
371.679096735814;222.853332731541;202.857539159064
371.951805012056;223.226539281682;202.596127526292
372.224512159583;223.599744287154;202.334716975479
372.396387456534;223.834958955053;202.169961425598
372.625269898068;224.148189002816;201.950560190041
372.964757343768;224.612784137851;201.625135642209
373.170666888173;224.894575331603;201.427755676526
373.216611517792;224.957451445794;201.383714253173
373.216611517792;224.957451445794;201.383714253173
373.216611517792;224.957451445794;201.383714253173
373.216611517792;224.957451445794;201.383714253173
373.216611517792;224.957451445794;201.383714253173
373.164887685688;224.971950877467;201.338294375284
372.933077552673;225.036932821926;201.134736604973
372.550887255608;225.144069935965;200.799126579246
372.290302347097;225.223563188598;200.550111727574
372.086627494496;225.303097791513;200.300967344977
371.770968652009;225.410322661683;199.965082420701
371.472124135974;225.475357832925;199.761357915993
371.363300372021;225.521331906062;199.693863413029
371.443349360478;225.662338235919;199.595098541495
371.613234279673;225.894818371257;199.432262796999
371.716274691787;226.035824701114;199.333497925465
371.739266115444;226.067287466077;199.311460503863
371.762257150263;226.098749698932;199.289423454964
371.865295819728;226.239753644049;199.19066025377
372.035177865779;226.472229847615;199.0278272632
372.161207181235;226.644695493492;198.929064062007
372.361952202061;226.819507701791;198.90844566267
372.86669000239;227.065308442774;198.914803608911
373.573499939436;227.24797426604;198.940455858492
374.16609960411;227.36332238514;199.01479998987
374.682601185785;227.516131133732;199.128308908982
375.143050450116;227.800583787088;199.196295094119
375.547987083953;228.189893508911;199.211464862497
375.802805684935;228.481739375638;199.181021002052
376.057558266533;228.817216323584;199.044581085437
376.410526618198;229.293839046577;198.819629692742
376.638885544924;229.595720102501;198.683189776128
376.698496199333;229.670839285876;198.652745915683
376.701551966687;229.673578609288;198.652745915683
376.701551966687;229.673578609288;198.652745915683
376.701551966687;229.673578609288;198.652745915683
376.701551966687;229.673578609288;198.652745915683
376.701551966687;229.673578609288;198.652745915683
376.701551966687;229.673578609288;198.652745915683
376.701551966687;229.673578609288;198.652745915683
376.701551966687;229.673578609288;198.652745915683
376.701551966687;229.673578609288;198.652745915683
376.701551966687;229.673578609288;198.652745915683
376.701551966687;229.673578609288;198.652745915683
376.701551966687;229.673578609288;198.652745915683
376.701551966687;229.673578609288;198.652745915683
376.701551966687;229.673578609288;198.652745915683
376.701551966687;229.673578609288;198.652745915683
376.701551966687;229.673578609288;198.652745915683
376.747443591965;229.736394004254;198.608619574268
376.953115587396;230.017913073322;198.410859032233
377.312134717711;230.510764644888;198.072434004698
377.6070969133;230.920931021287;197.819221454885
377.874672021123;231.197935438091;197.683670208745
378.349179194628;231.350589947606;197.629435943556
379.195905483258;231.508534764357;197.635645158294
380.118445802434;231.844492677986;197.703463890468
380.775486360132;232.279537547848;197.805900478669
381.053880883345;232.529096906321;197.865938985126
381.158544398215;232.636905990328;197.879063671588
381.366912838677;232.869485743534;197.858012116069
381.757033741362;233.290390171041;197.763665589787
382.215521363895;233.631123231856;197.608114465088
382.743423831571;233.819726468217;197.513767938805
383.142831706184;233.957376614599;197.492716383286
383.302436598594;234.036958366701;197.518262389748
383.3503113067;234.076126104289;197.632751647699
383.391464027426;234.113275874009;197.82151252255
383.416424414277;234.135808348345;197.936001780501
383.399101027026;234.109493346856;197.983628972369
383.296502604868;233.969025217959;198.082589979664
383.104453297353;233.706089333417;198.267830576179
382.899255089722;233.425151209099;198.465753905752
382.707203838675;233.162212663656;198.650996376895
382.556186786204;233.021742668235;198.740287671053
382.293410503049;232.976388282819;198.719026608849
381.833057594358;232.913594024829;198.64756683954
381.446915888243;232.810063796003;198.604224298518
381.293058383119;232.744707125485;198.581622091064
381.257414900212;232.719211896424;198.523668565977
381.23639132551;232.700278086506;198.428119356455
381.223639882877;232.688794150286;198.370165831368
381.22079465144;232.686231737758;198.357234652034
381.22079465144;232.686231737758;198.357234652034
381.243697500759;232.717587604559;198.335144401498
381.34634095023;232.858114850092;198.236142767109
381.538473933541;233.120437493475;198.072916666659
381.743759468036;233.398972627514;197.973915032271
382.058488490523;233.659913456685;197.929734824846
382.733470308909;233.833159672245;197.851807757858
383.807934281706;234.049727271632;197.7830275875
384.770814293885;234.495239840338;197.839738705664
385.566746820308;235.051175490207;197.903175643269
386.337811168833;235.48551175985;197.884286274543
387.136946711729;235.827583507617;197.805299281714
387.974953386689;236.22134532098;197.719727331925
388.643283220792;236.720172344124;197.672724623662
389.156529597141;237.203221609994;197.723388663537
389.693482783118;237.528519160154;197.8253695632
390.288308072299;237.704064853693;197.953973936908
390.881891305314;237.832929332336;198.111468529326
391.4807316103;237.917884790439;198.29077040484
391.765783550789;237.885314754522;198.435966246194
391.634829407313;237.608855639806;198.656050513151
391.297250723918;237.146633076938;198.981707044438
391.092498902373;236.866280920947;199.179227715199
391.046812595641;236.803725899483;199.223300534099
390.995848522111;236.803725899483;199.200754409786
390.767443390794;236.803725899483;199.099709690876
390.368013987097;236.803725899483;198.933115113517
390.037188791443;236.81856027065;198.81002510299
389.789211071582;236.89988945188;198.644052037365
389.560624702825;237.076037245446;198.281154704371
389.329758627724;237.252219261458;197.852604641874
389.203592323304;237.333589425448;197.630555913735
389.175440815593;237.348435567556;197.585929114914
389.218624984059;237.408730335175;197.563812270742
389.486057779564;237.695413333532;197.453527532915
390.207717940893;238.228917028196;197.230355744439
391.312969557019;238.747053207969;197.005200134988
392.424625198;239.271078954017;196.839786683662
393.223658483548;239.896101491121;196.687224937627
393.814039172403;240.520157623105;196.491421328188
394.571978758284;241.169232720288;196.2928786657
395.455706721828;241.735290075863;196.126516007191
396.171634247372;242.193764878099;196.085143761221
396.769608373332;242.501389846696;196.170390793721
397.283358066649;242.624346026586;196.319725609498
397.54223855329;242.642738604781;196.482612078765
397.519427141384;242.63347393385;196.530973053793
397.185732611862;242.604032755644;196.469892287128
396.598405872044;242.531279051378;196.397280319541
396.049406341482;242.43954187455;196.264471889806
395.603230502586;242.443304038389;196.001501033334
395.353010450977;242.508764008283;195.760948396296
395.199994745664;242.435952601772;195.73875169732
395.031369977455;242.220034178244;195.879825631161
394.929093885549;242.079971574559;195.97878383369
394.878314597716;242.063724755007;195.956560891218
394.753013710341;242.162238488366;195.735917432852
394.523597377186;242.413230997174;195.309560621282
394.27282350745;242.72652349679;194.926630242596
393.972396068857;242.949002273686;194.688500871319
393.698980687439;243.091318574633;194.510063498442
393.572374412984;243.163038776069;194.415233378756
393.54921881742;243.19762509694;194.394073918964
393.54921881742;243.229869254277;194.394073918964
393.54921881742;243.249426324298;194.394073918964
393.54921881742;243.253790096464;194.394073918964
393.526399358176;243.222535545502;194.416217254913
393.424129637088;243.082462366056;194.515456801615
393.255515372583;242.851520735649;194.679075153159
393.153245651495;242.711447556204;194.778314699862
393.077183287073;242.693064127101;194.744678186316
392.838565140868;242.750748493264;194.494690244494
392.445150327644;242.845853934742;194.082529807392
392.206532181439;242.903538300905;193.820715764669
392.173659545927;242.945470091451;193.689829295763
392.313097267665;243.140481945182;193.482371787316
392.704647202419;243.678945998722;193.171902260047
393.338468025163;244.438675438519;192.905813945698
394.141646353549;245.024713381546;192.81120755156
395.169989610177;245.346675774392;192.887132829934
396.353669305615;245.671888542868;193.046940307519
397.490619947015;246.149793162889;193.121743465733
398.243340782269;246.679928761803;193.044213790201
398.610243632897;247.082828477471;192.880731096973
398.735224190596;247.254011951418;192.781573831198
398.758023793747;247.285240130776;192.781331733846
398.758023793747;247.285240130776;192.879403994566
398.716917456788;247.257285233181;193.041097816879
398.482144359802;247.132000074163;193.139170077599
397.905909178354;246.925439767588;193.140543837898
397.142203888755;246.804306975301;193.048628343694
396.534952135641;246.794961694299;192.897085313293
396.278422048566;246.825643765017;192.805169819089
396.232461070924;246.844253381611;192.784660700147
396.209681591687;246.847757111686;192.784660700147
396.006463939333;246.814288565261;192.742414410256
395.362127806686;246.672528349397;192.553079674591
394.410634213724;246.473712234933;192.218669854818
393.669862838733;246.470152229532;191.888780532181
393.032395532549;246.660611706435;191.487255469626
392.286744069576;246.796863427499;191.032678115249
391.839205008135;246.838800904685;190.751700541879
391.742881850732;246.864818110794;190.710861805886
391.758730470422;246.890804677964;190.786563248715
391.769847697215;246.902793519344;190.839665040854
391.77232828581;246.904978667543;190.851513652238
391.77232828581;246.904978667543;190.875041084745
391.77232828581;246.904978667543;190.980483721864
391.777253916236;246.90931765083;191.176683891222
391.79932906028;246.928763624803;191.383262207429
391.840603617853;246.965122344397;191.586975289102
391.884544017718;247.003829402002;191.754694371105
391.925519360504;247.039924543568;191.916015421217
391.931889445382;247.034394929325;192.09018913981
391.847003636439;246.918387089637;192.311987914803
391.598443493492;246.693969558986;192.603303177175
391.183736715051;246.514875930108;192.834643772504
390.74620973451;246.450968818143;192.958916670876
390.461565779865;246.46906604814;192.955954585747
390.197568160566;246.564477352116;192.852329108543
389.76946387783;246.736841325206;192.680733333354
389.133682342437;246.961572524796;192.311779604594
388.26104956488;247.221098298027;191.702666077126
387.376644062413;247.377900993136;191.15121727584
386.47281684852;247.410743198974;190.732441876823
385.565237868484;247.360303461808;190.465208172796
384.408063044213;247.219411463651;190.393216050986
383.066502465888;246.97440432538;190.451522491698
381.629747427956;246.566059218949;190.524402001261
380.039664665609;245.918171838201;190.564714192922
378.296718198418;245.146031411571;190.585881212403
376.373196172958;244.440120707111;190.578353193942
374.3865140812;243.973269912015;190.486314802725
372.672213242776;243.793709229922;190.202174096147
371.106570755634;243.800623301394;189.558737762297
369.458452806681;243.968515131171;188.472568959114
367.910924434252;244.296827688314;187.28312989517
366.656817674655;244.630744304423;186.308984597071
365.479745368433;244.886138159608;185.471035662941
364.274409846454;245.119289975449;184.665308578357
363.25008296733;245.403607524762;183.916778533915
362.466441097735;245.689679523079;183.228015998507
362.088054083198;245.952373390833;182.777456382545
361.997026857357;246.083458884608;182.601759776861
361.983023245414;246.106550311856;182.510106889586
361.977381032951;246.171714640481;182.335610796098
362.005390551348;246.452822838457;181.969810514964
362.204009672203;246.963519099345;181.382076334117
362.658694044746;247.468226484407;180.831116860166
363.239200771336;248.019309641367;180.393174439053
363.876878172536;248.707236631799;179.990773023019
364.630661059442;249.28315906051;179.651335968565
365.598265449801;249.62605850217;179.433646277085
366.605784062624;249.841984157894;179.348441462956
367.667687009277;250.076410432386;179.332351618973
368.989161393057;250.475866757142;179.323807128453
370.24512641477;251.064384822746;179.297633492533
371.401771787705;251.74878818829;179.261831682915
372.521778200324;252.382555788593;179.270188733957
373.752795294354;252.875798707662;179.397628203258
374.986782985101;253.179564841398;179.659202682974
376.247869486509;253.374396632452;179.972068431297
377.531895119963;253.611612025612;180.298938457907
378.601139662283;253.944054286121;180.514932201016
379.195946568969;254.275732060992;180.587853124599
379.384502887303;254.441758194011;180.596918549355
379.410229880698;254.47539242853;180.596918549355
379.410229880698;254.477768815451;180.596918549355
379.365766891165;254.49166597152;180.583288120743
379.16352350934;254.523776953004;180.508612453604
378.751507982102;254.558418919175;180.342850136192
378.215885642632;254.575347031305;180.162769328618
377.566605100759;254.578593960082;180.039845518716
376.921337439885;254.578593960082;179.92813047685
376.260100802959;254.579476755786;179.752244843898
375.655616360439;254.58431710846;179.450114186715
374.910161431954;254.594801665399;178.932479173519
373.982588816395;254.605289539961;178.370553319983
373.090983863771;254.610133865621;177.998562813567
372.355526112501;254.61190288257;177.7576757928
371.615726633583;254.615869536543;177.425926568997
371.081638521902;254.65370396678;177.022566503144
370.883719858878;254.797922944503;176.719877094539
370.855923038476;255.030045014073;176.510172194074
370.855923038476;255.170297337824;176.407660883765
370.855923038476;255.201591861283;176.384787518679
370.855923038476;255.201591861283;176.384787518679
370.855923038476;255.201591861283;176.384787518679
370.855923038476;255.201591861283;176.384787518679
370.855923038476;255.201591861283;176.384787518679
370.855923038476;255.201591861283;176.384787518679
370.855923038476;255.201591861283;176.414215722747
370.839764123079;255.175469117324;176.569015610723
370.767344888558;255.058395101236;176.88914594811
370.647945756195;254.865372680664;177.190330786955
370.575526521674;254.748298664576;177.32244267766
370.559367606278;254.722175920616;177.345354505104
370.559367606278;254.727299330548;177.363739250145
370.559367606278;254.750260860844;177.446133961056
370.522112711871;254.809430694306;177.592786205061
370.334167482718;254.949277116193;177.723611533895
369.964861455855;255.217747162115;177.858381455818
369.642871427008;255.52387736556;178.113209125063
369.521120623807;255.756352368974;178.627207648796
369.54285797504;255.915871172223;179.294655580168
369.613287600683;256.035433501666;179.860937073517
369.584865931745;256.152118474356;180.216416613535
369.262999593421;256.372144949967;180.485456274596
368.587822348926;256.732193689523;180.72805225541
367.653241551931;257.044806280868;181.026793525593
366.238267093129;257.231370351591;181.408976750316
364.271198207444;257.308192406284;182.009015907637
361.590631448865;256.756264684393;183.666908997277
357.763673078264;254.215477246219;187.663361165416
352.811900998173;250.034190671982;192.986320662547
347.462438347593;247.534912938805;196.073096240653
341.980249006968;247.160843572677;196.806337464033
336.219269154687;247.65814583948;196.795776901553
330.160971211756;248.518382129391;196.549024058017
323.76683766566;249.724128720399;195.853205816927
316.887303514795;251.044426123022;194.658347632173
309.460078424908;252.343018431582;193.075951180037
301.861597051129;253.8687859584;191.172821368905
294.312452419015;255.900041131474;188.90748969679
286.472386286016;258.3066339535;186.273100318556
278.085543578712;261.048306293329;183.010512586821
269.603976563088;264.35704242603;178.877702042526
262.090996436585;268.002964288213;174.234466620111
255.803227870541;271.829067037297;169.269861296046
249.895858839642;276.84708739503;163.071718481216
244.247870503845;284.694902014115;154.109283662427
239.329976714585;294.535998313968;143.400445695597
235.617181166174;301.944851596796;135.363658540412
233.109814834132;306.406396249948;130.542496103254
231.434029827107;309.437167133442;127.343718948525
230.478909511038;311.257920807666;125.447645518973
230.167627262717;311.74685810073;124.984855982537
230.336591907657;310.956131918302;126.015328296911
231.01184486406;308.769906697242;128.646246926866
232.012824944543;305.652780570288;132.176194498312
232.814221874837;302.083408208176;136.111041354052
233.299504399794;298.156026064509;140.38675718987
233.499394270044;294.420324026332;144.420406474653
233.494352283813;291.402489360976;147.711904294751
233.29382778603;289.120458632446;150.292299369148
232.902761048353;287.4704442823;152.290996477698
232.436517176192;286.499884737933;153.528955732612
231.825488593432;286.235435575324;153.984690846424
231.001125954088;286.65903810206;153.992910570711
230.270106175264;287.812366229992;153.664114512475
229.674386142005;289.547984254056;152.833031430575
228.998580317825;291.876191145957;151.44108348647
228.238794350854;294.839852770457;149.488563985199
227.282561136376;298.233749986147;147.045075624871
226.089270821002;301.792688454746;144.346005329986
224.520765376646;305.519252465158;141.532760669388
222.723606244862;309.438594860886;138.619693275703
221.087214755675;313.575055192642;135.573111556388
219.421653689762;317.954642302698;132.319628104667
217.332090179269;322.288658741055;129.102557892507
214.988601429153;326.479595615959;126.106208168211
212.379771814542;330.730363461035;123.158702273792
209.788007954179;334.981045008963;120.256205824071
207.347164653205;339.097334313596;117.53549002619
204.510858368883;343.11185509356;114.913198103978
201.283986962374;347.08940433157;112.427918245944
198.142767664761;351.207443907379;109.957479490196
195.223657500455;355.236112910397;107.621981014398
192.451398986251;359.033497283281;105.438321392347
189.575681907384;363.080083737232;102.938759434915
186.246524251139;367.545042503811;100.011296002686
182.680233805195;372.042717032405;97.010745084865
179.372147733451;376.381020833327;94.3103903921774
176.468263352787;380.83122353939;91.7156097915589
173.695620274987;385.200750916017;88.8390002291775
170.833632553375;388.423107266037;85.8678488448403
168.263140187676;389.752153082313;83.3729770477063
166.513138778327;390.005351660309;81.7752379427646
