437.790901897191;330.895864916208;431.961463034177
437.790901897191;330.895864916208;431.961463034177
437.790901897191;330.895864916208;431.961463034177
437.790901897191;330.895864916208;431.961463034177
437.777449734526;330.8746035739;431.997028507858
437.717161324135;330.779316848454;432.156421902537
437.617762539546;330.622215597396;432.419217182753
437.557474129155;330.526928871951;432.578610577431
437.54402196649;330.505667529642;432.614176051113
437.54402196649;330.505667529642;432.614176051113
437.54402196649;330.505667529642;432.614176051113
437.54402196649;330.505667529642;432.614176051113
437.54402196649;330.505667529642;432.614176051113
437.54402196649;330.505667529642;432.614176051113
437.54402196649;330.505667529642;432.614176051113
437.54402196649;330.505667529642;432.614176051113
437.54402196649;330.505667529642;432.614176051113
437.530579871455;330.484422099373;432.649714907507
437.470336581057;330.389206686745;432.808989011782
437.37101218676;330.253468440913;433.071587615372
437.310768896362;330.253468440913;433.230861719647
437.297326801327;330.367961256476;433.266400576041
437.297326801327;330.367961256476;433.266400576041
437.297326801327;330.232223010645;433.266400576041
437.297326801327;330.137007598016;433.266400576041
437.297326801327;330.115762167747;433.266400576041
437.297326801327;330.115762167747;433.266400576041
437.297326801327;330.115762167747;433.266400576041
437.297326801327;330.115762167747;433.266400576041
437.284028855736;330.144933202839;433.351483699008
437.224431598322;330.27566871198;433.732799801278
437.126172332347;330.491215126736;434.361483769951
437.066575074933;330.621950635876;434.74279987222
437.053277129341;330.651121670968;434.827882995187
437.053277129341;330.651121670968;434.827882995187
437.053277129341;330.651121670968;434.827882995187
437.053277129341;330.651121670968;434.827882995187
437.040033446354;330.659009042071;434.912618934318
436.980679377056;330.694357786936;435.292379066583
436.869453698854;330.773802645329;435.953801825043
436.750191270958;330.882840054074;436.491784183321
436.638175402855;330.95226077506;436.837384471974
436.578267044256;330.890727425177;436.995606697986
436.551742041698;330.824888174677;437.115198493663
436.479448247321;330.838902173989;437.528124266834
436.32250567471;330.8969019298;438.308572722253
436.165075542432;330.932080559954;438.946231982211
436.092197875722;330.939929973334;439.188161944976
436.065800264705;330.968810494354;439.307179377536
436.007214405726;331.098244009754;439.682936186502
435.910622653864;331.311643799736;440.302454430054
435.852036794885;331.441077315136;440.67821123902
435.838964522788;331.469957836156;440.762053915982
435.838964522788;331.469957836156;440.762053915982
435.838964522788;331.469957836156;440.762053915982
435.838964522788;331.469957836156;440.762053915982
435.838964522788;331.469957836156;440.762053915982
435.838964522788;331.469957836156;440.762053915982
435.838964522788;331.469957836156;440.762053915982
435.825945228675;331.49872131312;440.845556803817
435.767596800543;331.627630273452;441.219790783569
435.67139650597;331.840165218335;441.836798306206
435.613048077838;331.969074178667;442.211032285958
435.600028783724;331.997837655631;442.294535173793
435.600028783724;331.997837655631;442.294535173793
435.600028783724;331.997837655631;442.294535173793
435.600028783724;331.997837655631;442.294535173793
435.600028783724;331.997837655631;442.294535173793
435.600028783724;331.997837655631;442.294535173793
435.600028783724;331.997837655631;442.294535173793
435.600028783724;331.997837655631;442.294535173793
435.600028783724;331.997837655631;442.294535173793
435.599764512667;331.976800898186;442.294535173793
435.598580131959;331.882520692269;442.294535173793
435.583639848451;331.727078911368;442.329479483227
435.524249217934;331.632798705451;442.486089012888
435.428019064728;331.611761948005;442.744294475634
435.369812814919;331.611761948005;442.900904005295
435.356825245077;331.611761948005;442.935848314729
435.356825245077;331.611761948005;442.935848314729
435.383096380089;331.604035228487;442.81740111746
435.500835438739;331.569406474072;442.286557608047
435.694954329127;331.51231331009;441.411344622664
435.812693387776;331.477684555675;440.880501113251
435.838964522788;331.469957836156;440.762053915982
435.838964522788;331.469957836156;440.762053915982
435.838964522788;331.469957836156;440.762053915982
435.838964522788;331.469957836156;440.762053915982
435.838964522788;331.469957836156;440.762053915982
435.838964522788;331.469957836156;440.762053915982
435.838964522788;331.469957836156;440.762053915982
435.838964522788;331.469957836156;440.762053915982
435.838964522788;331.469957836156;440.762053915982
435.838964522788;331.469957836156;440.762053915982
435.838964522788;331.469957836156;440.762053915982
435.838964522788;331.469957836156;440.762053915982
435.838964522788;331.469957836156;440.762053915982
435.838964522788;331.469957836156;440.762053915982
435.838964522788;331.469957836156;440.762053915982
435.838964522788;331.469957836156;440.762053915982
435.838964522788;331.469957836156;440.762053915982
435.838964522788;331.469957836156;440.762053915982
435.838964522788;331.469957836156;440.762053915982
435.838964522788;331.469957836156;440.762053915982
435.838964522788;331.469957836156;440.762053915982
435.838964522788;331.469957836156;440.762053915982
435.838964522788;331.469957836156;440.762053915982
435.838964522788;331.469957836156;440.762053915982
435.838964522788;331.469957836156;440.762053915982
435.838964522788;331.469957836156;440.762053915982
435.838964522788;331.469957836156;440.762053915982
435.838964522788;331.469957836156;440.762053915982
435.838964522788;331.469957836156;440.762053915982
435.852036794885;331.441077315136;440.67821123902
435.910622653864;331.311643799736;440.302454430054
436.007214405726;331.098244009754;439.682936186502
436.065800264705;330.968810494354;439.307179377536
436.078872536802;330.939929973334;439.223336700575
436.091998110907;330.91093169239;439.139152156259
436.150822852915;330.780970413623;438.761863204106
436.247808456307;330.566700488952;438.139818883493
436.306633198316;330.436739210185;437.762529931341
436.319758772421;330.40774092924;437.678345387025
436.319758772421;330.40774092924;437.678345387025
436.319758772421;330.40774092924;437.678345387025
436.319758772421;330.40774092924;437.678345387025
436.319758772421;330.40774092924;437.678345387025
436.319758772421;330.40774092924;437.678345387025
436.319758772421;330.40774092924;437.678345387025
436.319758772421;330.40774092924;437.678345387025
436.319758772421;330.40774092924;437.678345387025
436.319758772421;330.40774092924;437.678345387025
436.319758772421;330.40774092924;437.678345387025
436.319758772421;330.40774092924;437.678345387025
436.319758772421;330.40774092924;437.678345387025
436.319758772421;330.40774092924;437.678345387025
436.319758772421;330.40774092924;437.678345387025
436.319758772421;330.40774092924;437.678345387025
436.319758772421;330.40774092924;437.678345387025
436.319758772421;330.40774092924;437.678345387025
436.319758772421;330.40774092924;437.678345387025
436.319758772421;330.40774092924;437.678345387025
436.319758772421;330.40774092924;437.678345387025
436.333116178146;330.428889796805;437.643067530695
436.392979917394;330.523672445417;437.484963147556
436.491678537635;330.679942614278;437.224293088084
436.551542276882;330.77472526289;437.066188704945
436.564899682608;330.795874130455;437.030910848615
436.564899682608;330.795874130455;437.030910848615
436.564899682608;330.795874130455;437.030910848615
436.564721479669;330.77472526289;437.030910848615
436.563922829507;330.679942614278;437.030910848615
436.562606077996;330.49455568283;436.981660198064
436.561807427834;330.269280757567;436.760934095782
436.561629224895;330.032986497827;436.39701827595
436.561629224895;329.902494221177;436.176292173667
436.561629224895;329.87337745859;436.127041523116
436.561629224895;329.87337745859;436.127041523116
436.588284379361;329.865355146462;436.006681229918
436.707744493795;329.829401637881;435.46726381939
436.904700925464;329.770124323528;434.577914860867
437.024161039899;329.734170814947;434.03849745034
437.050816194364;329.726148502819;433.918137157142
437.050816194364;329.726148502819;433.918137157142
437.050816194364;329.726148502819;433.918137157142
437.050816194364;329.726148502819;433.918137157142
437.050816194364;329.726148502819;433.918137157142
437.050816194364;329.726148502819;433.918137157142
437.050816194364;329.726148502819;433.918137157142
437.037394200715;329.704934843089;433.953622868526
436.977240998479;329.609861816135;434.112658793391
436.878065134452;329.453112894326;434.374864705521
436.831333925865;329.379253527102;434.498414919002
436.878065134452;329.453112894326;434.374864705521
436.977240998479;329.609861816135;434.112658793391
437.050826239416;329.726164379174;433.918110599549
437.111014415402;329.821292682657;433.758982209404
437.163498320549;329.904244271986;433.620222740493
437.184644675142;329.93766639858;433.56431499269
437.223696541588;329.999388451825;433.461067792756
437.210264502887;329.97815891574;433.496580061733
437.124446454103;329.842522218742;433.723469940427
437.064248233065;329.747378038904;433.882624888165
437.050816194364;329.726148502819;433.918137157142
437.050816194364;329.726148502819;433.918137157142
437.037394200715;329.704934843089;433.953622868526
436.977240998479;329.609861816135;434.112658793391
436.878065134452;329.453112894326;434.374864705521
436.817911932217;329.358039867372;434.533900630386
436.804489938568;329.336826207642;434.56938634177
436.804489938568;329.336826207642;434.56938634177
436.804489938568;329.336826207642;434.56938634177
436.804489938568;329.336826207642;434.56938634177
436.804489938568;329.336826207642;434.56938634177
436.804489938568;329.336826207642;434.56938634177
436.804489938568;329.336826207642;434.56938634177
436.804489938568;329.336826207642;434.56938634177
436.804489938568;329.336826207642;434.56938634177
436.804489938568;329.336826207642;434.56938634177
436.804489938568;329.336826207642;434.56938634177
436.804489938568;329.336826207642;434.56938634177
436.804489938568;329.336826207642;434.56938634177
436.804489938568;329.336826207642;434.56938634177
436.804489938568;329.336826207642;434.56938634177
436.804489938568;329.336826207642;434.56938634177
436.804489938568;329.336826207642;434.56938634177
436.804489938568;329.336826207642;434.56938634177
436.804489938568;329.336826207642;434.56938634177
436.804489938568;329.336826207642;434.56938634177
436.804489938568;329.336826207642;434.56938634177
436.804489938568;329.336826207642;434.56938634177
436.804489938568;329.336826207642;434.56938634177
436.804489938568;329.336826207642;434.56938634177
436.804489938568;329.336826207642;434.56938634177
436.804489938568;329.336826207642;434.56938634177
436.804489938568;329.336826207642;434.56938634177
436.804489938568;329.336826207642;434.56938634177
436.804489938568;329.336826207642;434.56938634177
436.804489938568;329.336826207642;434.56938634177
436.804489938568;329.336826207642;434.56938634177
436.804489938568;329.336826207642;434.56938634177
436.804489938568;329.336826207642;434.56938634177
436.804489938568;329.336826207642;434.56938634177
436.804489938568;329.336826207642;434.56938634177
436.804489938568;329.336826207642;434.56938634177
436.804489938568;329.336826207642;434.56938634177
436.804489938568;329.336826207642;434.56938634177
436.804489938568;329.336826207642;434.56938634177
436.804489938568;329.336826207642;434.56938634177
436.804489938568;329.336826207642;434.56938634177
436.804489938568;329.336826207642;434.56938634177
436.804489938568;329.336826207642;434.56938634177
436.804489938568;329.336826207642;434.56938634177
436.804489938568;329.336826207642;434.56938634177
436.804489938568;329.336826207642;434.56938634177
436.804489938568;329.336826207642;434.56938634177
436.804489938568;329.336826207642;434.56938634177
436.804489938568;329.336826207642;434.56938634177
436.804489938568;329.336826207642;434.56938634177
436.804489938568;329.336826207642;434.56938634177
436.804489938568;329.336826207642;434.56938634177
436.804489938568;329.336826207642;434.56938634177
436.804489938568;329.336826207642;434.56938634177
436.804489938568;329.336826207642;434.56938634177
436.817911932217;329.358039867372;434.533900630386
436.878065134452;329.453112894326;434.374864705521
436.977240998479;329.609861816135;434.112658793391
437.037394200715;329.704934843089;433.953622868526
437.050816194364;329.726148502819;433.918137157142
437.050816194364;329.726148502819;433.918137157142
437.050816194364;329.726148502819;433.918137157142
437.050816194364;329.726148502819;433.918137157142
437.050816194364;329.726148502819;433.918137157142
437.050816194364;329.726148502819;433.918137157142
437.050816194364;329.726148502819;433.918137157142
437.050816194364;329.726148502819;433.918137157142
437.050816194364;329.726148502819;433.918137157142
437.050816194364;329.726148502819;433.918137157142
437.050816194364;329.726148502819;433.918137157142
437.050816194364;329.726148502819;433.918137157142
437.037550663516;329.755352034637;434.00311594347
436.978098678904;329.886233184001;434.38396444137
436.880078927288;330.102019718891;435.011877460772
436.820626942676;330.232900868255;435.392725958672
436.807361411828;330.262104400073;435.477704745
436.807361411828;330.262104400073;435.477704745
436.807361411828;330.262104400073;435.477704745
436.807361411828;330.262104400073;435.477704745
436.807361411828;330.262104400073;435.477704745
436.807361411828;330.262104400073;435.477704745
436.807361411828;330.262104400073;435.477704745
436.807361411828;330.262104400073;435.477704745
436.807361411828;330.262104400073;435.477704745
436.807361411828;330.262104400073;435.477704745
436.807361411828;330.262104400073;435.477704745
436.807361411828;330.262104400073;435.477704745
436.807204949027;330.240923180383;435.477704745
436.806503731404;330.1459955396;435.477704745
436.805347618992;329.989486319063;435.477704745
436.804646401369;329.865322706422;435.428211670056
436.804489938568;329.713114951197;435.206399097021
436.804489938568;329.497088715035;434.84069198975
436.804489938568;329.3660621795;434.618879416715
436.804489938568;329.336826207642;434.56938634177
436.804489938568;329.336826207642;434.56938634177
436.804489938568;329.336826207642;434.56938634177
436.817911932217;329.358039867372;434.533900630386
436.891497173153;329.474342430411;434.339352436544
437.050871258219;329.726235532058;433.917991576677
437.210274547939;329.978174792094;433.49655350414
437.283894762626;330.094532631663;433.301912845018
437.297326801327;330.115762167747;433.266400576041
437.297326801327;330.115762167747;433.266400576041
437.297326801327;330.115762167747;433.266400576041
437.270472768978;330.073318971933;433.337398556403
437.150121345704;329.88310176514;433.655589429005
436.951695394192;329.569486610249;434.180197488807
436.831343970917;329.379269403456;434.498388361409
436.804489938568;329.336826207642;434.56938634177
436.804489938568;329.336826207642;434.56938634177
436.804489938568;329.336826207642;434.56938634177
436.804489938568;329.336826207642;434.56938634177
436.804489938568;329.336826207642;434.56938634177
436.804489938568;329.336826207642;434.56938634177
436.804489938568;329.336826207642;434.56938634177
436.804489938568;329.336826207642;434.56938634177
436.804489938568;329.336826207642;434.56938634177
436.804489938568;329.336826207642;434.56938634177
436.804489938568;329.336826207642;434.56938634177
436.804489938568;329.336826207642;434.56938634177
436.804489938568;329.336826207642;434.56938634177
436.804489938568;329.336826207642;434.56938634177
436.804489938568;329.336826207642;434.56938634177
436.804489938568;329.336826207642;434.56938634177
436.804489938568;329.336826207642;434.56938634177
436.817777389466;329.307470292916;434.484163555325
436.877327612925;329.175906210738;434.102221524771
436.975509333018;328.958993709991;433.472505574821
437.021615118325;328.814405780957;433.126127357665
436.974648777695;328.726681034125;433.200290525028
436.848650160043;328.630447099086;433.583624379437
436.668928386668;328.572078266981;434.283281724768
436.458514545675;328.559054420125;435.209602473319
436.339046563827;328.559054420125;435.749873864841
436.312389653905;328.559054420125;435.870424706955
436.312389653905;328.559054420125;435.870424706955
436.312389653905;328.559054420125;435.870424706955
436.312389653905;328.559054420125;435.870424706955
436.312389653905;328.559054420125;435.870424706955
436.312389653905;328.559054420125;435.870424706955
436.272778594739;328.596434717217;436.074612023206
436.095254143809;328.763961586138;436.989716086751
435.802565805491;329.040166698341;438.498467621222
435.625041354562;329.207693567262;439.413571684767
435.559423873574;329.282123327336;439.785170807999
435.429617117252;329.448167500644;440.570426824165
435.178053632145;329.721928061053;441.964159332147
434.963565943656;329.887972234362;442.972830101821
434.878158946495;329.925021697344;443.29695918338
434.864904886606;329.925021697344;443.331927533955
434.864904886606;329.925021697344;443.331927533955
434.864904886606;329.925021697344;443.331927533955
434.864904886606;329.925021697344;443.331927533955
434.864904886606;329.925021697344;443.331927533955
434.864904886606;329.925021697344;443.331927533955
434.864904886606;329.925021697344;443.331927533955
434.852012229439;329.953912981063;443.415023647615
434.794231348724;330.083394731537;443.787434591992
434.69896678165;330.296874047711;444.401436437428
434.628345311231;330.455130403408;444.856607908798
434.557905123531;330.612980520859;445.310610971735
434.463025285864;330.825597693075;445.922133148459
434.418318345035;330.925781921583;446.210279570744
434.463025285864;330.825597693075;445.922133148459
434.557905123531;330.612980520859;445.310610971735
434.615452654064;330.484021687128;444.939704022458
434.628293243768;330.455247081905;444.856943495465
434.628293243768;330.455247081905;444.856943495465
434.628293243768;330.455247081905;444.856943495465
434.628293243768;330.455247081905;444.856943495465
434.628293243768;330.455247081905;444.856943495465
434.628293243768;330.455247081905;444.856943495465
434.628293243768;330.455247081905;444.856943495465
434.628293243768;330.455247081905;444.856943495465
434.615452654064;330.484021687128;444.939704022458
434.557905123531;330.612980520859;445.310610971735
434.463025285864;330.825597693075;445.922133148459
434.405477755331;330.954556526806;446.293040097736
434.392637165627;330.983331132028;446.375800624728
434.392637165627;330.983331132028;446.375800624728
434.392265059772;330.962388244676;446.375800624728
434.390597397027;330.868528735329;446.375800624728
434.37503870079;330.692853116194;446.410540868607
434.315964252749;330.505203284635;446.566235839901
434.207772784235;330.329626298066;446.857648086441
434.091335096746;330.235835975854;447.168923260805
433.981200407474;330.214908526238;447.460171894786
433.922169505281;330.214908526238;447.615752097857
433.908997930621;330.214908526238;447.650466733484
433.908997930621;330.214908526238;447.650466733484
433.908997930621;330.214908526238;447.650466733484
433.908997930621;330.214908526238;447.650466733484
433.908997930621;330.214908526238;447.650466733484
433.908997930621;330.214908526238;447.650466733484
433.908997930621;330.214908526238;447.650466733484
433.908997930621;330.214908526238;447.650466733484
433.908997930621;330.214908526238;447.650466733484
433.908997930621;330.214908526238;447.650466733484
433.908997930621;330.214908526238;447.650466733484
433.908997930621;330.214908526238;447.650466733484
433.908997930621;330.214908526238;447.650466733484
433.908997930621;330.214908526238;447.650466733484
433.908997930621;330.214908526238;447.650466733484
433.908997930621;330.214908526238;447.650466733484
433.908997930621;330.214908526238;447.650466733484
433.908997930621;330.214908526238;447.650466733484
433.908997930621;330.214908526238;447.650466733484
433.908997930621;330.214908526238;447.650466733484
433.908997930621;330.214908526238;447.650466733484
433.908997930621;330.214908526238;447.650466733484
433.921775754151;330.18607051874;447.567907763519
433.979041986211;330.056827535725;447.197904130166
434.0734580411;329.84374188054;446.587871269621
434.13072427316;329.714498897525;446.217867636268
434.14350209669;329.685660890027;446.135308666303
434.14350209669;329.685660890027;446.135308666303
434.14350209669;329.685660890027;446.135308666303
434.14350209669;329.685660890027;446.135308666303
434.13072427316;329.693586868583;446.217867636268
434.0734580411;329.729108640049;446.587871269621
433.97862662184;329.787674140239;447.197904130166
433.906752351182;329.802299286398;447.602596819198
433.833342560863;329.71657308771;447.840621350864
433.735338134608;329.554193749588;448.049246316103
433.66185305548;329.432782060332;448.073318264654
433.590162596023;329.388704993486;448.124693202952
433.508487342538;329.382984243465;448.437131025744
433.508487342538;329.281217601143;448.389436612547
433.602492361706;329.046619866824;447.780555882067
433.716694492632;328.787043117854;447.040856262671
433.823743667196;328.543724744648;446.347487119378
433.880960097769;328.41367415001;445.97689007732
433.893726809086;328.384655940001;445.894198699975
433.893726809086;328.384655940001;445.894198699975
433.893726809086;328.384655940001;445.894198699975
433.867786374354;328.392761400888;446.011628395635
433.751529411539;328.429087556354;446.537911779208
433.559854084078;328.488979261553;447.40560638812
433.443597121263;328.525305417019;447.931889771692
433.417656686531;328.533410877906;448.049319467352
433.417656686531;328.533410877906;448.049319467352
433.404972691642;328.541477710853;448.131577046762
433.334994154048;328.577630747904;448.534842426606
433.182414204844;328.637237029091;449.297770692269
433.028529366985;328.673390066142;449.922177182095
432.956988172689;328.681456899089;450.159557158344
432.943855356359;328.681456899089;450.194169643593
432.943855356359;328.681456899089;450.194169643593
432.956988172689;328.70232276814;450.159557158344
433.015845372095;328.795837105406;450.004434761505
433.11288448869;328.950016182371;449.748681166274
433.171741688097;329.043530519637;449.593558769435
433.184874504426;329.064396388687;449.558946284185
433.184874504426;329.064396388687;449.558946284185
433.184874504426;329.064396388687;449.558946284185
433.184874504426;329.064396388687;449.558946284185
433.184874504426;329.064396388687;449.558946284185
433.184874504426;329.064396388687;449.558946284185
433.184874504426;329.064396388687;449.558946284185
433.184874504426;329.064396388687;449.558946284185
433.184874504426;329.064396388687;449.558946284185
433.184874504426;329.064396388687;449.558946284185
433.198016994284;329.064396388687;449.524308303653
433.256917547439;329.064396388687;449.369071644882
433.366743370726;329.056376435812;449.030771746381
433.49539633555;328.991415290658;448.423741132927
433.659708792279;328.802104814315;447.409958840009
433.81102843875;328.551744697523;446.429845036571
433.880960097769;328.41367415001;445.97689007732
433.893726809086;328.384655940001;445.894198699975
433.893726809086;328.384655940001;445.894198699975
433.893726809086;328.384655940001;445.894198699975
433.867326363191;328.342782730777;445.963851323785
433.749007773374;328.155120026656;446.276012726631
433.553933397624;327.845716534653;446.790679871394
433.435614807807;327.658053830532;447.10284127424
433.409214361913;327.616180621308;447.172493898049
433.409214361913;327.616180621308;447.172493898049
433.409214361913;327.616180621308;447.172493898049
433.409214361913;327.616180621308;447.172493898049
433.409214361913;327.616180621308;447.172493898049
433.409214361913;327.616180621308;447.172493898049
433.409214361913;327.616180621308;447.172493898049
433.409214361913;327.616180621308;447.172493898049
433.409214361913;327.616180621308;447.172493898049
433.409214361913;327.616180621308;447.172493898049
433.409214361913;327.616180621308;447.172493898049
433.409214361913;327.616180621308;447.172493898049
433.382852908536;327.57436925732;447.242043647417
433.264709071057;327.386983724321;447.553743999001
433.069922813204;327.078037210245;448.067650998743
432.951778975726;326.890651677246;448.379351350327
432.925417522348;326.848840313258;448.448901099695
432.925417522348;326.848840313258;448.448901099695
432.925417522348;326.848840313258;448.448901099695
432.925417522348;326.848840313258;448.448901099695
432.925417522348;326.848840313258;448.448901099695
432.912776070246;326.877984575209;448.531189765871
432.843530463188;327.016807141702;448.981939299812
432.693695137071;327.268937157672;449.957282087382
432.544007803968;327.481014864853;450.931661524562
432.474939424503;327.640248703448;451.381257407627
432.462348875164;327.802294876694;451.463214725755
432.462348875164;327.895603023884;451.463214725755
432.462348875164;327.91642288571;451.463214725755
432.462348875164;327.91642288571;451.463214725755
432.462348875164;327.91642288571;451.463214725755
432.462348875164;327.91642288571;451.463214725755
432.462348875164;327.91642288571;451.463214725755
432.462348875164;327.91642288571;451.463214725755
432.462348875164;327.91642288571;451.463214725755
432.462348875164;327.91642288571;451.463214725755
432.462348875164;327.91642288571;451.463214725755
432.462348875164;327.91642288571;451.463214725755
432.449245015426;327.895603023884;451.49775089382
432.390517590456;327.802294876694;451.652531260765
432.293692435734;327.648455749693;451.907720944036
432.234965010764;327.555147602503;452.062501310982
432.221861151026;327.534327740677;452.097037479046
432.221861151026;327.534327740677;452.097037479046
432.208766922204;327.513523180783;452.131548264133
432.150082660011;327.420283612094;452.286214872464
432.053328668679;327.266557551926;452.541216999488
431.994644406486;327.173317983237;452.69588360782
431.994078641885;327.123423981317;452.648636624196
432.050227323048;326.993054146929;452.28222372575
432.142800848003;326.778110627916;451.678110986225
432.198949529166;326.647740793529;451.31169808778
432.224057071985;326.589444389563;451.147852252995
432.280432591058;326.458547867457;450.779959064464
432.3733801085;326.2427359872;450.173405739187
432.429755627573;326.111839465094;449.805512550656
432.442334706172;326.082632503154;449.723424484581
432.442334706172;326.082632503154;449.723424484581
432.442334706172;326.082632503154;449.723424484581
432.442334706172;326.082632503154;449.723424484581
432.429755627573;326.111839465094;449.805512550656
432.3733801085;326.2427359872;450.173405739187
432.280432591058;326.458547867457;450.779959064464
432.236636150584;326.560237427622;451.06576418692
432.280432591058;326.458547867457;450.779959064464
432.3733801085;326.2427359872;450.173405739187
432.404648084754;326.111839465094;449.874857233701
432.303526778882;326.099365625699;450.198051627459
432.087751021359;326.174358278121;451.202913692623
431.854567995604;326.256497983582;452.520961754435
431.613464035142;326.145490340457;453.592117964475
431.383252771637;325.855560819377;454.304150467985
431.165258256403;325.66956052383;454.881790664281
431.022108212567;325.586616843836;455.259072936144
430.879091559317;325.4008893553;455.636003647489
430.686363556938;325.094676494396;456.143952207197
430.569468114511;324.90894900586;456.452038582217
430.543385215721;324.867507601599;456.520781944415
430.543385215721;324.867507601599;456.520781944415
430.543385215721;324.867507601599;456.520781944415
430.543385215721;324.867507601599;456.520781944415
430.543385215721;324.867507601599;456.520781944415
430.543385215721;324.867507601599;456.520781944415
430.543385215721;324.867507601599;456.520781944415
430.543385215721;324.867507601599;456.520781944415
430.543385215721;324.867507601599;456.520781944415
430.543385215721;324.867507601599;456.520781944415
430.543385215721;324.867507601599;456.520781944415
430.543385215721;324.867507601599;456.520781944415
430.543385215721;324.867507601599;456.520781944415
430.543385215721;324.867507601599;456.520781944415
430.543385215721;324.867507601599;456.520781944415
430.543385215721;324.867507601599;456.520781944415
430.543385215721;324.867507601599;456.520781944415
430.543385215721;324.867507601599;456.520781944415
430.543385215721;324.867507601599;456.520781944415
430.543385215721;324.867507601599;456.520781944415
430.543385215721;324.867507601599;456.520781944415
430.543385215721;324.867507601599;456.520781944415
430.543385215721;324.867507601599;456.520781944415
430.543385215721;324.867507601599;456.520781944415
430.543385215721;324.867507601599;456.520781944415
430.530358107008;324.846809684436;456.555115829612
430.458957094001;324.733365305858;456.743298352499
430.304358390365;324.487733582662;457.150754393529
430.149787441741;324.242145957581;457.558137284221
430.078419666479;324.128754388272;457.746232206634
430.065402104208;324.108071638824;457.780540931493
430.065402104208;324.108071638824;457.780540931493
430.065402104208;324.108071638824;457.780540931493
430.065402104208;324.108071638824;457.780540931493
430.065402104208;324.108071638824;457.780540931493
430.065402104208;324.108071638824;457.780540931493
430.065402104208;324.108071638824;457.780540931493
430.065402104208;324.108071638824;457.780540931493
430.065402104208;324.108071638824;457.780540931493
430.015100843076;324.125197208285;458.009650429712
429.789666230837;324.201948685759;459.036447963793
429.417987390486;324.328490479227;460.729350898934
429.192552778246;324.405241956701;461.756148433014
429.142251517114;324.422367526161;461.985257931234
429.142251517114;324.422367526161;461.985257931234
429.142251517114;324.422367526161;461.985257931234
429.142251517114;324.422367526161;461.985257931234
429.142251517114;324.422367526161;461.985257931234
429.142251517114;324.422367526161;461.985257931234
429.129323233317;324.40179124794;462.019296164328
429.071382685125;324.309574766729;462.171844941562
428.962936009498;324.13697421086;462.457368780705
428.847097141429;323.952608457789;462.762355154348
428.738710666113;323.780103714973;463.047720495098
428.680812346237;323.687954443113;463.200158091508
428.692066896943;323.608825498269;463.073994208572
428.800404613715;323.346343442877;462.356129316938
428.979023311776;322.913583694974;461.172570200612
429.087361028548;322.651101639581;460.454705308978
429.111534440641;322.621876346745;460.374776752935
429.111534440641;322.782605019494;460.746303606194
429.09942357314;323.171533674613;461.392494700396
429.058931031219;323.703350135869;461.907955377406
429.031221445655;324.225619666765;462.302031133724
429.080462334044;324.740138187816;462.617812643624
429.163383930801;325.434923251015;462.59481409835
429.330930509726;326.223838562594;462.395971477853
429.67071512297;326.995741974104;461.978941419617
430.171612298929;327.735912410281;460.873699815604
430.874270373847;328.422123066569;458.661716260231
431.752172650043;329.105816116588;455.640523506303
432.627454857768;329.968034906432;452.807966452481
433.597820973363;330.976950042926;449.72045562455
434.679673223728;331.875886755916;446.053509636767
435.697714476422;332.570351066992;442.494283633333
436.614183796142;332.923576150622;439.155471940791
437.399579849164;333.011950454872;436.149092062273
438.053621001311;332.982103459705;433.318572107935
438.479511905216;332.840915712382;431.156979737487
438.692868741504;332.619945990356;429.900922594617
438.766780055971;332.488556139201;429.431426983135
438.7802734331;332.459581280503;429.345715054027
438.7802734331;332.459581280503;429.345715054027
438.7802734331;332.459581280503;429.345715054027
438.7802734331;332.459581280503;429.345715054027
438.7802734331;332.459581280503;429.345715054027
438.7802734331;332.459581280503;429.345715054027
438.7802734331;332.459581280503;429.345715054027
438.793822334301;332.430487192783;429.259650427793
438.854544296727;332.30009653784;428.873935533056
438.954657887778;332.063760592725;428.237999181676
439.001854463833;331.837649579785;427.888062228091
438.954786788762;331.6507393018;427.962343209676
438.841331722182;331.533676886322;428.262459493533
438.720144096643;331.416670321754;428.583030279154
438.606753932957;331.258972661748;428.882974879048
438.546182883691;331.16332419599;429.043200056849
438.519184388839;331.171142027116;429.164804489558
438.458756578815;331.301827581186;429.549572568735
438.359127963085;331.517291633955;430.183947885161
438.29870015306;331.647977188025;430.568715964339
438.271744554243;331.655843856568;430.690188125508
438.211365751664;331.560414264931;430.849820503394
438.098355693941;331.381800195113;431.148601921189
437.97764331027;331.191012485067;431.467747118224
437.864697719896;331.012500306849;431.766358094146
437.804364138803;330.91714218844;431.925870913295
437.790901897191;330.895864916208;431.961463034177
437.777449734526;330.8746035739;431.997028507858
437.7037192291;330.758071418186;432.191960758931
437.544077154113;330.505754754499;432.614030143422
437.384464349426;330.253484352953;433.036022141691
437.310768896362;330.137007598016;433.230861719647
437.270472768978;330.073318971933;433.337398556403
437.150121345704;329.88310176514;433.655589429005
436.951695394192;329.569486610249;434.180197488807
436.831343970917;329.379269403456;434.498388361409
436.804489938568;329.336826207642;434.56938634177
436.791077978709;329.315628406463;434.604845525342
436.717567807475;329.199444492204;434.799195246296
436.558402767676;328.947881789695;435.22000342225
436.399266867083;328.696365142134;435.64073455857
436.312399665216;328.559070243151;435.870398238569
436.225597353573;328.421877904127;436.099890358681
436.066670029947;328.170690915551;436.520070049198
435.88103788398;327.877296559788;437.010853231493
435.661165285997;327.529784662541;437.592162965187
435.317278664853;327.007338335628;438.501346928956
434.914237609224;326.506225531636;439.616628874039
434.538925419858;326.291755401257;440.881149808897
434.201004065929;326.325157915691;442.36366506706
433.975079852506;326.449789412938;443.549489880284
433.891213728221;326.525382237184;444.042768724236
433.865546960155;326.550622164449;444.209428549465
433.80814854694;326.588146846367;444.58212874646
433.700297527552;326.65001458762;445.231496354717
433.583664474756;326.687539269537;445.760557600588
433.473195747382;326.695912157823;446.101514042422
433.4139611078;326.695912157823;446.257875091298
433.400744073183;326.695912157823;446.292763957174
433.400744073183;326.695912157823;446.292763957174
433.400744073183;326.695912157823;446.292763957174
433.4139611078;326.716857131577;446.257875091298
433.473195747382;326.810725991527;446.101514042422
433.570857157623;326.965489577585;445.843718255231
433.630091797205;327.059358437535;445.687357206355
433.643308831821;327.080303411289;445.652468340479
433.643308831821;327.080303411289;445.652468340479
433.643308831821;327.080303411289;445.652468340479
433.643308831821;327.080303411289;445.652468340479
433.630553332095;327.109502655543;445.735292533593
433.573387148388;327.240364589379;446.106484814631
433.479136045346;327.456119443218;446.718477423898
433.421969861638;327.586981377054;447.089669704936
433.409214361913;327.616180621308;447.172493898049
433.409214361913;327.616180621308;447.172493898049
433.409214361913;327.616180621308;447.172493898049
433.396510365755;327.6452619662;447.254983667457
433.326922201129;327.804559669922;447.70683453253
433.1763457279;328.149251709849;448.684559840464
433.025918089357;328.551182623034;449.755791756877
432.957506217514;329.009747762161;450.676888313692
432.949822971284;329.700062857299;451.667770786368
432.959918119321;330.53605860005;452.391482577858
433.009018671749;331.365351669159;452.429712940642
433.215335496272;331.99745167913;451.761006343307
433.64593528487;332.29897410424;450.496520029665
434.166326805905;332.416927543283;448.661738036024
434.728188338216;332.548966198973;446.433262901406
435.378325769277;332.926937479769;444.093742608268
436.09210574811;333.745918098416;441.945485483344
436.822326879953;334.843705490449;439.972178028636
437.567967367427;335.978880734969;437.957724544613
438.348717728135;336.990518460549;435.679177250008
439.110547236031;337.761162873792;433.257601208769
439.750447193497;338.247881966215;431.078186420448
440.319989623273;338.429728526106;428.888328997234
440.83048518873;338.353605611931;426.678583752524
441.142713735391;338.027694687599;424.989167835728
441.246976364997;337.575275062483;424.070584107793
441.262125859767;337.212768529745;423.706011802977
441.263502916728;336.875820952373;423.427115887109
441.251537539105;336.596601253849;423.137717694692
441.190714931058;336.553679962344;423.298438831141
441.08882942278;336.640539777842;423.888683112787
441.013319112967;336.610395781594;424.313396983113
440.925168481545;336.542895268896;424.596575948128
440.764232977565;336.500006208648;425.021841123777
440.589627015521;336.403934584642;425.533230850371
440.426929417727;336.245539254633;426.187203563856
440.19111664041;336.149705294303;427.179620784978
439.903068709435;336.129333952153;428.263902366014
439.620040962947;336.131090062389;429.506612677944
439.272512725129;336.132155197089;431.158250530925
438.952765140336;336.132392860765;432.44744764147
438.805396738277;336.111135306435;432.935679013548
438.778561603664;336.008632420581;433.006478481994
438.765159026614;335.805133897808;433.041838667236
438.691700245111;335.58635418715;433.235645881479
438.519263758489;335.382590957984;433.690587202611
438.286889448922;335.175066832389;434.30366322534
438.027932705088;334.895398962668;434.986872014056
437.736021199023;334.512340658327;435.757025760659
437.438782448291;334.14521493183;436.590479501727
437.186818246979;333.967444457294;437.475940820569
436.964134306555;333.932511121794;438.427325124257
436.831972436264;333.91139629819;438.996692213192
436.732548809105;333.795667048375;439.308147809977
436.561418680443;333.524004942279;439.759407692672
436.330804325121;333.165508857183;440.367523912442
436.074093149714;332.833664234777;441.093428796005
435.785668517643;332.610926682963;442.073468624596
435.492675472056;332.489619094265;443.207901170537
435.24340245461;332.394015237163;444.084538513887
435.009024243781;332.317090678733;444.800024955458
434.820173651853;332.291053278738;445.564828559681
434.641418044341;332.31917412674;446.6138537484
434.476105392602;332.375106949051;447.626842696893
434.333879454929;332.388136888835;448.267884330002
434.16516258823;332.302061537402;448.760686090626
434.00927353819;332.147666975011;449.171118589277
433.937297201992;332.054021939228;449.360621492154
433.924168642076;332.033126907397;449.395187022245
433.911049724325;332.033126907397;449.429727165962
433.839599518908;332.040707474948;449.666191959009
433.685946001889;332.074681221692;450.28741536515
433.533640406039;332.130694460594;451.045652701057
433.450726033045;332.164668207338;451.480612833876
433.379457606306;332.17224877489;451.716519651421
433.270247061575;332.179793452383;452.052059695806
433.155281942979;332.213606351041;452.570396496829
433.049294865967;332.269354396282;453.205105935102
432.992942878995;332.30316729494;453.56920252704
433.006473740981;332.352330395512;453.581784313252
433.123466844223;332.538851227352;453.274075375069
433.316355862064;332.846372090235;452.766749103503
433.433348965307;333.109953182025;452.552574863086
433.45945365517;333.517716306849;452.93730513842
433.460354233699;334.277477139754;453.840424203923
433.465285065825;335.287930573835;454.90173470517
433.477721431788;336.633062634851;456.148212385483
433.522912803921;338.309607255308;457.378344466866
433.711700780775;340.304389376098;457.949509113748
434.238266649572;342.287684310605;457.460120325695
435.235432018343;343.694188754194;455.043011712122
436.674561129977;344.478648205436;450.097936255475
438.38769891469;345.137278651456;443.612035484016
440.23291508674;345.9135937813;436.604713544352
442.012373278707;346.798436726528;429.982590554186
443.48873196798;347.554163137784;424.52588348228
444.566620013615;348.046067712463;420.481893635269
445.266567301552;348.228682009089;417.560949150719
445.617477080715;348.146963167578;415.674015421319
445.72594988401;347.827296709368;414.846629079363
445.740910533035;347.430393766289;414.653226774269
445.740910533035;347.218697663135;414.637626957826
445.740910533035;347.175232613544;414.637626957826
445.740910533035;347.175232613544;414.637626957826
445.740910533035;347.175232613544;414.637626957826
445.740910533035;347.175232613544;414.637626957826
445.740910533035;347.175232613544;414.637626957826
445.740910533035;347.175232613544;414.637626957826
445.740910533035;347.175232613544;414.637626957826
445.740910533035;347.175232613544;414.637626957826
445.740910533035;347.175232613544;414.637626957826
445.740910533035;347.175232613544;414.637626957826
445.740910533035;347.175232613544;414.637626957826
445.740910533035;347.175232613544;414.637626957826
445.740910533035;347.175232613544;414.637626957826
445.740910533035;347.175232613544;414.637626957826
445.740910533035;347.175232613544;414.637626957826
445.740910533035;347.175232613544;414.637626957826
445.740910533035;347.175232613544;414.637626957826
445.712932802856;347.175232613544;414.761314811345
445.587545315298;347.175232613544;415.315645312593
445.367173498616;347.180994554476;416.265557043138
445.180643228491;347.190944749433;416.981117393884
445.037658891121;347.162382056877;417.457740885716
444.899280413292;347.070918555209;418.045224038728
444.719771126642;347.005542498804;418.885511155927
444.542059687726;346.968078623418;419.576575533309
444.406010530137;346.871315179904;419.98483244389
444.29200054947;346.711779232356;420.285313976191
444.231098387762;346.615015788842;420.445826018763
444.203930340273;346.571850263106;420.517429368676
444.143073760485;346.475159241709;420.677821276809
444.029169443819;346.294184156381;420.978024324009
443.907501815009;346.10087445443;421.298688140656
443.793662406598;345.920002497564;421.598720117468
443.719292726358;345.80184139866;421.7947267771
443.631409883209;345.662210123013;422.026348352842
443.470504255872;345.406557743108;422.450426746464
443.296089729531;345.1294419611;422.910108818369
443.161136194779;344.915023156071;423.265788598988
443.034023672147;344.713062420052;423.600802826267
442.899201319999;344.505006736857;423.956136865664
442.697797674756;344.256000216125;424.536252504081
442.4148417637;344.046444543528;425.502958548391
442.111671164002;343.956275622194;426.715344844506
441.840439162857;343.925713889325;427.871007266438
441.552063876575;343.857420469713;429.04272001527
441.304215038366;343.702144431539;429.91549266521
441.096689395537;343.44257599746;430.511015146727
440.87173021802;343.090662631887;431.103298936379
440.678144029296;342.782556518084;431.612982349816
440.492388232966;342.486913027702;432.102049513977
440.333477109576;342.23399473332;432.520438678704
440.233369228205;342.074665958401;432.784007722682
440.100162366394;341.862657814663;433.134721420125
439.902606274443;341.548233319039;433.654856993614
439.782782447662;341.357525222278;433.970335166141
439.742692841321;341.300205356735;434.075885089603
439.669504111609;341.227538059659;434.268580042848
439.49765646748;341.089356505041;434.769787229601
439.265956573554;340.967052289404;435.598318954855
439.021042318816;340.886468097484;436.651880404436
438.776621416033;340.812888048447;437.731309730058
438.532731801422;340.732371814174;438.780604635434
438.289253274978;340.589481551784;439.638723789531
438.059286020949;340.357690143758;440.292150493706
437.875576386532;340.108584978061;440.775333647016
437.743689847975;339.904822503098;441.122214493964
437.619465236202;339.727850729003;441.448943355115
437.487834734307;339.633315325488;441.843445462639
437.318285209097;339.612221625761;442.50582717615
437.149191931178;339.597806438061;443.307401504546
437.018274724291;339.533202048899;443.868095112423
436.894635366276;339.405672362141;444.241430602945
436.776541752989;339.246885025448;444.551875162401
436.666045810085;339.077188408816;444.842346961523
436.60702068329;338.983005461285;444.997512249253
436.593850397295;338.989636842571;445.079781829607
436.593850397295;339.113539579135;445.293323220968
436.581269604587;339.33880368547;445.679915947253
436.537639598492;339.577744246258;446.048176414469
436.501835270403;339.909377689385;446.376817720731
436.527316353517;340.446238831534;446.716410890351
436.516070459505;341.208620199362;447.344641068115
436.436087686664;342.102991086697;448.508885541771
436.379535435376;343.176398866783;450.077795784603
436.394988202455;344.501636901468;451.48382847893
436.529258442425;345.987869531022;452.166747585938
436.851193818463;347.57074329354;452.17423729087
437.411521579559;349.348599761254;451.482829288553
438.288837944139;351.1540787057;449.760168543518
439.422763048803;352.712843918573;446.732400565258
440.785936118709;353.779988047561;442.149259276411
442.247803691738;354.203316649101;436.494020412013
443.602867499027;354.199139846351;430.81141534924
444.779155155587;354.029158286423;425.60285317099
445.728751684397;353.830764612658;421.328541557034
446.440297590352;353.593998272568;418.074057177853
446.933321463813;353.329728354664;415.732549110818
447.137399060968;353.161881889427;414.705177140221
447.118576380284;353.032960206306;414.656289486989
447.017677272165;352.872372138048;414.921941712376
446.957249231917;352.726428193084;415.031532294274
446.947046547124;352.487143206169;414.836517709584
446.95273879784;352.128460999871;414.455717992113
446.970666021441;351.883973385921;414.136930339608
447.036307484189;351.71471288424;413.691808516281
447.143261847249;351.515682312962;413.042894600053
447.208132947634;351.394964169262;412.649308414346
447.222607646652;351.368028310526;412.561487465697
447.195214453947;351.351510075812;412.633684202076
447.072446681597;351.277480483835;412.95724752642
446.85562923869;351.139000427881;413.578320126269
446.653942489918;350.991355090775;414.381758068746
446.428566317165;350.853465011208;415.563967121999
446.135988447911;350.779849266078;416.922441832185
445.842561609494;350.741787539412;417.96637482607
445.631719967423;350.623202795809;418.570959519994
445.416038606677;350.323250900652;419.138816208968
445.119568334724;349.856899358013;419.919377989687
444.756757984275;349.341711069335;420.87460325171
444.399564772631;348.945635246732;421.864160635168
444.082416219575;348.61614063741;422.919274647739
443.809429005818;348.263026070427;424.00078632416
443.492984310078;347.996552944048;425.102562468116
443.122684717285;347.795854769074;426.34509943942
442.699770459565;347.514783651831;427.818901673804
442.292047505261;347.093269257199;429.110465473154
441.958297310441;346.687527208054;430.085779816062
441.63796904797;346.403874903063;431.146073631566
441.291792481304;346.220694451629;432.415564387748
440.985460753958;346.06610686779;433.487216382409
440.726288145162;345.898977695497;434.433989986898
440.480536477642;345.707687553027;435.437439494039
440.235639716985;345.520652468463;436.297838739146
440.004899685465;345.35025175316;436.952501368757
439.820624844166;345.201226137268;437.484830497966
439.674768164032;345.046472750155;438.083858501563
439.490294092091;344.924962384128;438.924275469215
439.246981434031;344.835691053872;439.827063720443
438.945030797337;344.719597675859;440.882967980223
438.605115754225;344.545328524377;442.12965938164
438.304002300056;344.28225824583;443.13498459145
438.036048332663;343.916604407095;443.886269051066
437.722671134763;343.421255343004;444.708818669881
437.338777806523;342.807151774529;445.716458386256
436.987755207987;342.245630605708;446.637819310267
436.700280475079;341.819448767961;447.39238037456
436.363171831741;341.431144626682;448.27722007552
436.02684196435;341.182925021711;449.254947547328
435.755764879747;341.10439386306;450.391888965513
435.482350670003;341.117064319402;451.810846648264
435.259901087309;341.264557656995;452.915795803669
435.122816930066;341.756113966617;453.890365455045
435.020282490118;342.749407108314;455.397703615373
434.963671885776;344.140436566735;457.296080338243
434.953800135535;345.70141312242;459.165173555002
434.992024540198;347.420253098851;460.487444754703
435.163084155093;349.258994214184;460.998817147554
435.574788206818;351.151458038377;460.989889339123
436.202334434743;353.231951943992;460.664242256979
437.019502556966;355.389870860751;459.544250341666
438.162362763947;357.238951376493;456.600263677678
439.731356722847;358.845614534958;451.583507114184
441.615094396666;360.417921957018;445.205592731663
443.689106741927;361.916294303402;437.951919299984
445.743832115475;363.277243887807;430.700890459975
447.64292537458;364.284825232542;423.950079774181
449.285260031825;364.711909282865;417.798959486014
450.632753013081;364.671666863118;412.058988968717
451.664743805583;364.153702078225;406.840839518474
452.26448668575;363.098536657636;403.087410187059
452.586235972379;361.853106944502;400.719694972486
452.699195809367;360.770062914882;399.564197195522
452.616439301046;360.088130134207;399.234748853261
452.430083355627;359.664762735193;399.20118023285
452.31705276111;359.466438352615;399.20118023285
452.264022445944;359.378001068198;399.274474916453
452.139387656585;359.179977039791;399.602958898869
451.906131932698;358.809372344821;400.217721193555
451.657050965452;358.413623960385;400.874192059241
451.381388832594;358.025839998444;401.650653689782
451.051872355586;357.72724352973;402.742888804303
450.604488862329;357.43714898535;404.340517122213
450.093745634686;357.074037520304;406.13264075
449.539105869965;356.611232625504;408.010664858278
449.043322745534;356.046317768355;409.538970754184
448.626046369437;355.463554809881;410.68734699789
448.169159940244;354.92289436133;411.988778939855
447.625999115204;354.508226648942;413.860332332703
447.073492491648;354.172588807717;416.042719662322
446.606142626203;353.797720498054;417.714036625144
446.18035383723;353.290290162315;418.932556762123
445.817472741313;352.767097732263;419.886987011566
445.520293536349;352.302977168987;420.668611697768
445.130829806154;351.736338647085;421.741754670824
444.598576701375;351.169403868549;423.408911412017
443.998092915522;350.790237049507;425.566401939867
443.451759106033;350.469045436324;427.580503194171
442.989636891716;350.044912277277;429.109920844178
442.521762001842;349.625652343231;430.652554601366
441.942733086774;349.281704153819;432.74644035351
441.378289847227;348.960378698744;434.801071440401
440.97341169281;348.640211194925;436.176022717673
440.642918262844;348.372554435444;437.30629139197
440.300692453873;348.148819801445;438.558342140207
439.997845975078;347.876752129838;439.567661491365
439.715610813076;347.534581066714;440.403652890354
439.368343528999;347.198686039208;441.528161274458
438.977367101136;346.926495904755;442.905783814563
438.669121038219;346.647426186658;443.927765648218
438.396199398499;346.320936981224;444.738476026865
438.089602350274;346.117038023142;445.801998397456
437.689149154008;345.991429802705;447.413669391399
437.28759128251;345.789868950913;449.027415626064
436.926235251984;345.494903369683;450.233172068989
436.603179169174;345.148702238497;451.173598584092
436.210537102009;344.80363173617;452.459210524808
435.680436809102;344.511896503665;454.403946777328
435.183467845755;344.27252872301;456.26109170931
434.830737399946;343.975718962753;457.440903428982
434.486134203898;343.523158951343;458.389484088206
434.129697094948;343.120937931838;459.415005627756
433.762301362019;342.948244039374;460.792184595449
433.363697104561;342.918965114292;462.520735570918
433.137556722554;342.918965114292;463.52826500796
433.0870979829;342.918965114292;463.753075212602
433.062557407213;342.954706669933;463.909334891139
432.829914870789;343.132220878124;465.115458816571
432.09745889825;343.549439280917;468.623358247731
431.055607269395;344.227504192627;473.599037909557
430.384738123336;345.221732249272;477.376728644747
430.113607026512;346.461107005253;479.585894618793
430.075606979522;347.934762492832;480.738562185956
430.304929201932;349.563575339851;481.200291862891
430.863245292369;351.368781960424;481.067587454219
431.686961931054;353.366208655949;479.881227806417
432.849980431133;355.17062756094;476.869954525815
434.404368672049;356.552671698134;471.741389749298
436.428987694513;357.788883218458;464.455345712516
438.84810042325;358.964841229375;455.42598093131
441.32071123082;360.190519935267;446.22052426633
443.513318420226;361.459373680479;438.295594261561
445.425690238947;362.448276679561;431.486971344009
447.062859416255;362.870876800435;425.420418457114
448.342385822536;362.855668252903;420.053227167982
449.264095777006;362.48489260012;415.391311100445
449.852652856504;361.901897732657;412.023326765736
450.079503399964;361.532755573255;410.628017356411
450.062148400108;361.35813875064;410.527486404112
449.96102872019;361.196651671209;410.793174280675
449.899696534019;361.098704806386;410.954322123725
449.886011473497;361.076849906752;410.990279067752
449.899696534019;361.098704806386;410.954322123725
449.96102872019;361.196651671209;410.793174280675
450.062148400108;361.35813875064;410.527486404112
450.123480586279;361.456085615463;410.366338561062
450.137165646802;361.477940515097;410.330381617035
450.166785123278;361.426301831462;410.154135941206
450.299530407272;361.194873307409;409.364257622148
450.518390380579;360.813312177157;408.061968436252
450.651135664573;360.581883653104;407.272090117194
450.68075514105;360.53024496947;407.095844441364
450.68075514105;360.53024496947;407.095844441364
450.68075514105;360.53024496947;407.095844441364
450.667002717801;360.512353540104;407.132015321852
450.591626529949;360.432169716662;407.330265698032
450.413648627182;360.299968941387;407.847608600929
450.184266977843;360.219785117945;408.671571962549
449.985058630203;360.205908085386;409.608353060821
449.839174626027;360.223899363679;410.432458737248
449.702028094689;360.253561966888;411.204684420782
449.574852026602;360.271553245181;411.758764839319
449.459171209356;360.275567641988;412.111784629309
449.3833118702;360.30133373629;412.359956497486
449.304130440035;360.416809359507;412.786953264068
449.196111475608;360.607196475751;413.431757500055
449.116973554208;360.700901030097;413.858621743795
449.041309207805;360.629095962992;414.106199685796
448.940662079289;360.468228313775;414.370511432489
448.879616510032;360.370657152368;414.530824610581
448.865995402387;360.348886083498;414.566595315682
448.851469319449;360.35286187743;414.653399468285
448.772790073354;360.370680149641;415.078067730968
448.604604289535;360.400057514042;415.879191583361
448.425607573186;360.417875786253;416.567172229556
448.275022021512;360.425808281151;417.059546502483
448.082306566413;360.469097682775;417.830734496536
447.850808496096;360.612871142952;419.012536889368
447.666718845173;360.819443722757;420.06933135868
447.560293000179;360.941806289417;420.661341291582
447.421608225887;360.984701257393;421.288716308782
447.202408254142;361.017137470029;422.266566950955
447.001032354887;361.051731311108;423.224578118001
446.808269583875;361.084049629393;424.131709218784
446.645511717472;361.101305200646;424.772792722743
446.557777325901;361.083636722193;425.050528058105
446.484272134288;360.987196524169;425.243075319651
446.385203951195;360.828193518336;425.502584980704
446.311718509764;360.710250444105;425.695080506539
446.238267431337;360.592362521998;425.887486018295
446.139272175536;360.433476563418;426.146804645897
446.079228517727;360.337107358141;426.304089344172
446.065830966744;360.315604481934;426.339184304087
446.065830966744;360.315604481934;426.339184304087
446.065830966744;360.315604481934;426.339184304087
446.065830966744;360.315604481934;426.339184304087
446.065830966744;360.315604481934;426.339184304087
446.065830966744;360.315604481934;426.339184304087
446.065830966744;360.315604481934;426.339184304087
446.092635938346;360.358626074971;426.26896853069
446.212767486603;360.551435478272;425.954283266495
446.410830925496;360.869324442685;425.435454977841
446.530962473753;361.062133845986;425.120769713646
446.557767445355;361.105155439023;425.05055394025
446.557767445355;361.105155439023;425.05055394025
446.557767445355;361.105155439023;425.05055394025
446.557767445355;361.105155439023;425.05055394025
446.557767445355;361.105155439023;425.05055394025
446.544360024736;361.083636722193;425.085674753731
446.470874583305;360.965693647962;425.278170279566
446.311762742403;360.710321436852;425.694964638894
446.152679596155;360.454995280248;426.111683832416
446.079228517727;360.337107358141;426.304089344172
446.065830966744;360.315604481934;426.339184304087
446.052443274503;360.294117428866;426.374253438972
445.992443800509;360.197819137976;426.531422397495
445.893521391505;360.039050097453;426.790550202507
445.833521917511;359.942751806563;426.94771916103
445.82013422527;359.921264753495;426.982788295916
445.82013422527;359.942751806563;426.982788295916
445.819480738176;360.064434661784;427.032169202049
445.816552012213;360.336969426823;427.253479069349
445.811723359421;360.6208356876;427.618357354982
445.808794633458;360.756088465185;427.839667222282
445.808141146365;360.781473029515;427.889048128416
445.808141146365;360.781473029515;427.889048128416
445.808141146365;360.802941975758;427.889048128416
445.808141146365;360.899159117487;427.889048128416
445.82150658562;361.079279095704;427.854054801883
445.880732807107;361.275548229507;427.74651993484
445.976472273416;361.4726386321;427.708874195831
446.032068849532;361.592975636332;427.866989303253
446.058809554207;361.614460366375;427.796976923371
446.123754527609;361.565094594374;427.275555477192
446.228731962159;361.413244953993;426.573886007242
446.294507015175;361.125974514503;426.001647840901
446.311010614486;360.853510165915;425.744638981157
446.311708640129;360.731753320311;425.695106360106
446.311708640129;360.710234603481;425.695106360106
446.311708640129;360.710234603481;425.695106360106
446.311708640129;360.710234603481;425.695106360106
446.311708640129;360.710234603481;425.695106360106
446.325116060747;360.710234603481;425.659985546624
446.385203951195;360.710234603481;425.502584980704
446.498434583304;360.706334363408;425.158079784704
446.636213964726;360.663332812441;424.534415945482
446.817997228943;360.520132554764;423.488792295756
446.986539807112;360.314070231792;422.477288806722
447.064430969449;360.195788826742;422.009827211417
447.078650767458;360.170266939083;421.924487498118
447.078650767458;360.170266939083;421.924487498118
447.078650767458;360.170266939083;421.924487498118
447.078650767458;360.170266939083;421.924487498118
447.078650767458;360.170266939083;421.924487498118
447.092928263508;360.166278800912;421.838801511669
447.170430370379;360.12676789894;421.419327960421
447.350865116754;359.996269759643;420.541149978632
447.579108599264;359.800330727666;419.50910290935
447.760123854305;359.669386993791;418.628034203733
447.838033166765;359.629563523528;418.206532915495
447.838853903869;359.603833889836;418.155954146357
447.778137688792;359.506707835278;418.315321515464
447.678033573518;359.34657404319;418.578073886767
447.617317358442;359.249447988632;418.737441255874
447.603769739648;359.227776236524;418.773000922465
447.603769739648;359.227776236524;418.773000922465
447.603769739648;359.227776236524;418.773000922465
447.603769739648;359.227776236524;418.773000922465
447.617317358442;359.227776236524;418.737441255874
447.678033573518;359.227776236524;418.578073886767
447.778137688792;359.227776236524;418.315321515464
447.838853903869;359.227776236524;418.155954146357
447.852401522663;359.227776236524;418.120394479766
447.866828438702;359.223648076179;418.033904975412
447.931485390633;359.20514694508;417.646285909053
448.038086682579;359.174643736706;417.007210109417
448.10274363451;359.156142605607;416.619591043058
448.117170550549;359.152014445262;416.533101538704
448.118042679359;359.104368219757;416.48202827828
448.121951289517;358.890832651667;416.25313380525
448.128395498221;358.538772018507;415.875750618821
448.132304108379;358.325236450417;415.646856145791
448.105153042638;358.277590224911;415.718158186061
447.966001407678;358.260165977829;416.302217487344
447.671072447006;358.138776191798;417.437197137884
447.296820969176;357.772736106965;418.638657561607
446.845477569114;357.163871658688;419.921164521019
446.299338618132;356.513414282982;421.572452930239
445.699570921096;355.914406618855;423.505251336834
445.128706721758;355.219734968754;425.221028313756
444.548072104951;354.339661013867;426.793568281798
443.8703068807;353.255458679045;428.572560277994
443.100779689991;352.035036703819;430.592408249157
442.34012844013;350.903258528965;432.636920947316
441.717084983825;350.190824519818;434.53496619412
441.213241789354;349.888600905632;436.425741822748
440.796630941452;349.725097694664;438.086732321768
440.493281953621;349.522855783541;439.144438479786
440.309757877485;349.313645352944;439.673469736541
440.224153160727;349.187047135887;439.897937256115
440.151798930881;349.071111226987;440.087660148956
440.054281899111;348.914856012392;440.3433634217
439.981946988897;348.798951060067;440.533035655767
439.909645692696;348.683099968741;440.7226197492
439.812199998666;348.526959061294;440.97813596443
439.75309619758;348.432254813693;441.133114383022
439.739908356979;348.411123439759;441.167694742381
439.739908356979;348.411123439759;441.167694742381
439.739908356979;348.411123439759;441.167694742381
439.739908356979;348.411123439759;441.167694742381
439.739908356979;348.411123439759;441.167694742381
439.739908356979;348.411123439759;441.167694742381
439.739908356979;348.411123439759;441.167694742381
439.7267301603;348.390007518646;441.202249814028
439.667669580278;348.295372525785;441.357114900953
439.570295145737;348.139345800102;441.612444263855
439.498066002385;348.023610322005;441.801839162443
439.425870399358;347.907928586833;441.991146113618
439.315408205627;347.730930851435;442.280793408443
439.184267190982;347.520798662076;442.624663458907
439.014935276887;347.249471755436;443.068675379989
438.845660145869;346.97823583446;443.512538407915
438.714681835428;346.768364352179;443.855981825238
438.604442330319;346.570684528476;444.145045199406
438.53242402595;346.38203594028;444.333887248743
438.460439115171;346.184500410879;444.522641735424
438.350299253634;345.990188971022;444.811443830233
438.219540838537;345.772601941012;445.154310651265
438.050702832986;345.567364290446;445.597027475184
437.868829486894;345.3660035364;446.073924782012
437.679559349905;345.103948060043;446.57021750732
437.446749457253;344.736708525003;447.180677551047
437.212140005021;344.360784959249;447.795856291251
436.992684874377;344.009143734014;448.371298284387
436.875465648781;343.821318951842;448.678663460188
436.849310504202;343.779409578116;448.747245901089
436.836247214177;343.779409578116;448.781499671447
436.777701610048;343.779409578116;448.93501441968
436.668503361147;343.812253288177;449.315799322608
436.553161911673;343.959448584586;450.041544521739
436.446458103339;344.202132600723;451.019246808237
436.389662257993;344.370196072067;451.591477259135
436.376989391925;344.496564453654;451.719159131286
436.376989391925;344.650760568934;451.719159131286
436.376989391925;344.744285240459;451.719159131286
436.376989391925;344.765153415395;451.719159131286
436.376989391925;344.765153415395;451.719159131286
436.376989391925;344.765153415395;451.719159131286
436.376989391925;344.765153415395;451.719159131286
436.376989391925;344.765153415395;451.719159131286
436.376989391925;344.765153415395;451.719159131286
436.376989391925;344.765153415395;451.719159131286
436.376989391925;344.765153415395;451.719159131286
436.36440766643;344.791849683493;451.799645551143
436.307810440545;344.958904653589;452.206637850599
436.201391934947;345.395098549366;453.088703748688
436.061822389371;345.989214557805;454.26299429081
435.816165550141;346.501379175857;455.807671311249
435.420676619484;346.975173797196;457.948586256948
434.901569594861;347.586258331877;460.74594293341
434.267612669196;348.209207877184;464.038433164123
433.526022802425;348.735664293027;467.688724683177
432.663449391054;349.295799187236;471.882593407867
431.625588184739;350.122889681229;477.081043480362
430.296988747651;351.248310817073;483.802032765214
428.662740309822;352.718262542476;492.154383758973
426.822646602958;354.560836291757;501.745260785827
424.810181625493;356.616611162628;512.274950367979
422.613274396641;358.834029907171;523.743057824698
420.36012709482;360.991615028509;535.38875772909
418.153713496968;362.954201568871;546.643449217354
416.015451810055;364.660605413032;557.355968397701
413.962987411787;366.10440681395;567.467332197725
411.836160344365;367.154570351419;577.555566214354
409.535985509264;367.740000005281;587.901894592778
407.125225680051;367.944146858157;598.207952336879
404.771632969689;367.905719474068;608.014336607746
402.878798427125;367.593388391237;615.659280676398
401.859090452427;367.084701602731;619.451593760991
401.549926008181;366.777564288939;620.449527186769
401.510416935507;366.709214077111;620.548108609995
401.510416935507;366.709214077111;620.548108609995
401.510416935507;366.709214077111;620.548108609995
401.510416935507;366.709214077111;620.548108609995
401.510416935507;366.709214077111;620.548108609995
401.510416935507;366.709214077111;620.548108609995
401.510416935507;366.709214077111;620.548108609995
401.510416935507;366.709214077111;620.548108609995
401.510416935507;366.709214077111;620.548108609995
401.510416935507;366.709214077111;620.548108609995
401.510416935507;366.709214077111;620.548108609995
400.332037879191;365.7038212123;620.548108609995
395.01301740765;361.046493238318;620.548108609995
373.702143398453;347.776338503923;591.837955732442
312.415952978351;318.990696701474;463.083194502016
219.192635520828;279.008890828287;250.56229381297
163.457924816879;255.230312484123;121.265850061191
151.258689228585;249.056850117956;92.3335185793469
152.022796195469;247.638329130405;93.0176374776077
153.271224243521;246.259534899769;94.5233338056054
154.340431824803;245.070725473124;95.9928536451953
154.848820649465;244.028659208689;97.0261937211286
155.025664832381;243.009617456326;97.7085320491997
155.097436796811;241.888770779381;98.4261651214169
155.122251882748;240.546670013268;99.6038233125721
155.167581420983;239.243868930944;101.151924855126
155.378787144226;238.202762721027;102.547665687718
155.859927949671;237.147603197243;103.918232040893
156.516786947544;236.161783204019;105.187987304219
157.214814969587;235.325159712264;106.372608704582
157.825524146722;234.550230064364;107.485581135464
158.374561244718;233.751231157245;108.581547649723
158.667827612984;233.306915126062;109.179930484213
158.638173904211;233.241310551967;109.274745460082
158.212008833437;233.400054808845;109.10129386665
157.509381416424;233.685711417645;108.815320535121
157.08321634565;233.898427407231;108.641868941689
156.766580940591;233.865254574448;108.078820396163
155.749606678263;233.371947466464;105.704696253812
153.980609984807;232.450816779465;101.697794875784
152.586241329721;231.737200820783;99.0678375902631
151.560564913022;231.450695016607;98.2874567233901
150.525841725533;231.235948336999;98.2058415125033
149.767492779167;230.842777500895;98.212524019706
149.295782664101;230.449160594224;98.2194075733742
148.997817662486;230.250577923602;98.2194075733742
148.577578517881;230.135440250944;98.228084365499
147.893479795537;229.972129189824;98.2965629960577
147.170975749671;229.800948632991;98.4932982013546
146.338206129716;229.648428432158;98.7305218741846
145.448822560018;229.490665649778;98.7807546106522
144.593153957633;229.313484964479;98.6602041761321
143.546654726566;229.143792883978;98.5691382189473
142.268794970658;229.039311788858;98.6195629348684
141.058566275497;228.985087962136;98.9370102215399
140.003093187156;228.973982715766;99.4807914770782
138.751037598252;229.054826984761;99.9062809193264
137.223614068204;229.293481349837;100.214079810287
135.697998566782;229.619947091564;100.47427043931
134.507410748921;229.892559372928;100.632300292983
133.558535416626;230.146527234976;100.676440870638
132.657146003957;230.374670795963;100.647646532522
131.64686452574;230.520134692731;100.559411277532
130.493761382825;230.633485121745;100.37484248112
129.263237749386;230.738556304189;100.024361841721
128.162449905965;230.794560853337;99.5802812947724
127.353373476176;230.792290683622;99.1789222916924
126.710293327184;230.723880212776;98.7836452289996
125.785516358949;230.609901130447;98.4278094806568
124.723345933227;230.540769322448;98.1142888359492
124.161227346271;230.525343931058;97.9500601483119
124.022556029938;230.492326198003;97.937887158231
123.89149164553;230.34435098464;98.0475602892695
123.607669233435;230.100381102834;98.228380713237
123.208911355426;229.953098312706;98.2768926431191
122.562737667708;229.923183805291;98.0272585396599
121.689554305998;229.928300159414;97.5753349932366
121.231930176949;229.914543234499;97.3440592412137
121.374631082007;229.839673705264;97.4748475940769
121.799403796566;229.715093106972;97.7913189066905
122.057041471355;229.639531154503;97.9832684607101
122.114528206991;229.622671003947;98.0260981954389
122.114528206991;229.622671003947;98.0260981954389
122.057041471355;229.639531154503;97.9832684607101
121.799403796566;229.715093106972;97.7913189066904
121.374631082007;229.839673705264;97.4748475940768
121.095570703115;229.90566654369;97.2309447708964
120.942074068646;229.879640900421;96.9552766376013
120.783780506242;229.808934179931;96.5713910172494
120.709193311511;229.766048386106;96.3905058878439
120.841267241878;229.749188235551;96.6142207519782
121.257198479071;229.716512076906;97.1900559263498
121.777981092463;229.662638199103;97.7393656375297
122.057041471355;229.629962040459;97.9832684607101
122.078342420415;229.639531154503;98.0260981954389
121.916168976215;229.715093106972;98.0260981954389
121.64879016922;229.849188433649;98.0349264556388
121.498886742211;229.967392440328;98.0901423933622
121.526601569439;230.054557452685;98.2612300319823
121.657198213945;230.037797432683;98.5765000593177
121.826573588959;229.780429710505;98.9264467402157
122.096348595835;229.32236498303;99.1338873487606
122.545296747734;228.97875634536;99.2402165919977
123.184705779591;228.796203508181;99.3967274458214
124.20593423593;228.686501728748;99.8160566389168
125.508151766978;228.514830308356;100.596756009637
126.784358796632;228.196937331042;101.547496407229
127.852229203896;227.680968646297;102.574385503207
129.099345975372;226.841200359227;104.00423700492
130.487505297309;225.960330033624;105.538891527518
131.756123637164;225.36402105128;106.680588831118
132.966857988453;224.949300766956;107.456192869862
134.065233804186;224.610760767276;107.967301398131
134.776273691993;224.484123843187;108.21357957558
135.421072196221;224.645385609471;108.279008933594
136.455036797271;225.045191131446;108.216295787765
137.540342791248;225.490924194335;108.122862891196
138.325596379172;225.878900434779;108.056279722234
139.242183876501;226.211038048126;108.005409740235
140.618389615167;226.588268077496;107.997537223089
142.041660294438;226.956489025407;108.048701482527
143.51275173877;227.322002423238;108.060113007785
144.804378106305;227.748626556928;107.930287930623
145.877706536265;228.069678530813;107.831419939171
146.801574182911;228.267637327389;107.860587936784
147.67189593224;228.474485409588;107.956947538863
148.730246049647;228.782833745784;108.015392591882
149.782183370991;229.103921433301;108.028433445922
150.307889859384;229.265914906787;108.028433445922
150.41248337242;229.298341882657;108.028433445922
150.431018312767;229.298341882657;108.028433445922
150.533886037756;229.281676055391;108.071340230008
150.778106145642;229.198148449748;108.259394303792
151.128919984691;229.027582600662;108.557429029533
151.545230431291;228.843743579732;108.718388448553
151.931872406781;228.690200956994;108.742289323746
152.12253797728;228.581194828286;108.738048532251
152.160947180592;228.53387320479;108.738048532251
152.160947180592;228.52505885494;108.738048532251
152.160947180592;228.52505885494;108.738048532251
152.137094551909;228.492178141409;108.762292138001
152.030194486641;228.34481700695;108.870944440913
151.853946075195;228.101859570094;109.050081803835
151.747046009927;227.954498435635;109.158734106748
151.723193381244;227.921617722104;109.182977712497
151.723193381244;227.921617722104;109.182977712497
151.723193381244;227.921617722104;109.182977712497
151.723193381244;227.921617722104;109.182977712497
151.747046009927;227.954498435635;109.158734106748
151.853946075195;228.101859570094;109.050081803835
152.030194486641;228.34481700695;108.870944440913
152.137094551909;228.492178141409;108.762292138001
152.160947180592;228.52505885494;108.738048532251
152.160947180592;228.52505885494;108.738048532251
152.160947180592;228.52505885494;108.738048532251
152.160947180592;228.52505885494;108.738048532251
152.160947180592;228.52505885494;108.738048532251
152.160947180592;228.52505885494;108.738048532251
152.160947180592;228.52505885494;108.738048532252
152.160947180592;228.52505885494;108.738048532251
