448.391666027943;460.732199614816;16.876768041017
448.830157438402;460.690381829319;17.2022601661994
449.714194993855;460.444558436078;17.9168169628228
450.992689733159;459.763697523996;18.8255837071016
452.334989303398;458.705091640211;19.6456690226142
453.715217576091;457.606829952197;20.3593148243193
455.228995956484;456.677707345683;21.0215107120752
456.763348129149;455.748502796056;21.8353509607832
458.19701634716;454.650108208827;22.9439479516445
459.784447283271;453.575514398342;24.1683927725574
462.094218017208;452.744095374786;25.2985506867796
465.378297466989;452.008188292994;26.5440086272963
469.185098866877;451.144137932766;28.0697132006302
473.322818077887;450.180353497494;29.8360282268972
477.751306976044;449.065830164641;31.9181079246093
482.162440171953;447.917378650941;34.1413465932384
485.959531209516;446.690785479096;36.3780633479021
488.758788891627;445.487831818466;38.398349529724
490.416978876906;444.450418682801;39.9127177901403
491.479726750143;443.520723271175;41.0791897623758
492.639238317074;442.730340538848;42.2070080204686
494.248245590506;442.162513667184;43.2894440312952
496.113084812369;441.857449282589;44.1738439412026
497.598583053769;441.676537296165;44.8297899928022
498.196989921872;441.395514754709;45.334838023094
498.118000491403;440.961214979011;45.776258564168
497.794650142052;440.648039680947;46.0331871755882
497.598528241341;440.545104051652;46.1338313471398
497.554767530227;440.533428545337;46.1653136380963
497.554767530227;440.533428545337;46.1723382867192
497.529218035997;440.533428545337;46.16838304071
497.392298029489;440.521463262901;46.1506568578997
497.102103102807;440.448183994058;46.121431323252
496.81695860824;440.240343859757;46.1136363565521
496.680555080229;439.900921262732;46.1541897332398
496.555728658573;439.545104120952;46.2347755272275
496.088273390589;439.258603000573;46.318019095827
495.141408409243;438.921611606473;46.4100894370214
494.164012435003;438.478299258696;46.4900413578566
493.515050452872;438.047986094733;46.5261570386119
493.400418059074;437.834476736321;46.5529225983623
494.076749309209;437.790644762422;46.7127046288651
495.606058138963;437.786489635584;47.1810122372888
497.294346270051;437.759453289401;47.8355286142121
498.610312227708;437.674565565875;48.308417496281
499.494057425011;437.530929091307;48.6402665382893
500.101584073671;437.384537119251;49.03864509226
500.647235068404;437.27076481082;49.4562471957082
501.134428496317;437.15690763138;49.7396751000521
501.351220929232;436.94435865517;49.9808511066985
501.275864875821;436.577916968981;50.3565287843856
501.010442912732;436.109710381902;50.8101943268862
500.724332015254;435.689614493238;51.200181763264
500.479460460971;435.348032171925;51.4848909430073
500.189223674333;434.946578663867;51.7593992521653
499.851097460924;434.576222601193;51.9748183098069
499.414197149055;434.405200750305;52.0638384936896
498.828262970695;434.381542482456;52.0442760290288
498.303433028417;434.415335296184;51.8918153533372
497.884363563556;434.471050226975;51.6404501943793
497.602657614927;434.504843040704;51.4782031723427
497.217480453331;434.512383236643;51.3905354778408
496.56778884599;434.500547917979;51.274348963971
495.94966391705;434.435927249007;51.1581525309783
495.50742032512;434.296584399615;51.1115685253032
495.224650281132;434.157988359742;51.1334956466946
495.104073259834;434.094262025237;51.185787940495
495.030897476729;434.082683574562;51.2055953950678
494.72645292436;434.078394020369;51.1592980481247
493.967188559781;434.059169572224;51.0564867931618
493.02766923375;434.027473815651;50.9177568650629
492.307026214288;434.027502720894;50.6775699787488
491.652573026675;434.109500710145;50.3195169345381
491.089747532368;434.25190418922;49.9622902788508
490.826468167567;434.338816349266;49.7575933869568
490.678152854985;434.366515547561;49.6316515765469
490.227827729085;434.400376487865;49.4375110206354
489.42911152341;434.455313292515;49.1662519778295
488.843625174997;434.457446714171;49.0306771109138
488.723546269031;434.317920953962;49.1472902615593
489.025168783244;434.054270955109;49.5210656430854
489.580913832868;433.859102974162;49.9500565636551
490.028213113134;433.82540628742;50.1441622542146
490.368754326649;433.957844160385;50.0785344829572
490.637146800169;434.188642259388;49.8989287714802
490.761086697153;434.328628382636;49.7899924008098
490.783696711073;434.359863508735;49.7656854109761
490.783696711073;434.359863508735;49.7656854109761
490.780713133839;434.379124142432;49.7240924201913
490.767341668359;434.496691521508;49.5133904146743
490.745295848802;434.810298497707;49.0728777542052
490.731924383322;435.267553465502;48.5980637625575
490.750718320965;435.688875224395;48.245840234422
490.870945926716;436.011476767948;48.0130740141932
491.180665824638;436.325700214195;47.8245943635796
491.657871586157;436.552584498732;47.7250121853409
492.131262722548;436.636720947279;47.7027923979625
492.366299713164;436.648550139904;47.7027923979625
492.413694664472;436.648550139904;47.7027923979625
492.414513949794;436.648550139904;47.7103894356543
492.512879603334;436.609968488104;47.8123442332624
492.943321837317;436.437057520918;48.1728182919964
493.647468866519;436.151975531382;48.7086362351575
494.076158548404;435.979064564196;49.0205723938929
494.176593115299;435.940482912397;49.0957681306994
494.180075023085;435.959770355345;49.1041309124938
494.180851941727;436.058153202915;49.0490719999162
494.132737448924;436.254191886034;48.885234487205
493.869746955098;436.436352697686;48.6737583915191
493.301990068562;436.542670173663;48.3721349213143
492.73643753462;436.609856976118;48.0453099084024
492.476086841775;436.643364323978;47.8761768644324
492.381355512913;436.670267531288;47.8082427660206
492.169035351772;436.757331993585;47.6559829075878
491.8189785859;436.900877024497;47.404948840316
491.654033456316;436.987941486794;47.2623683011226
491.818978585899;437.00736819421;47.2717742337691
492.191655960453;436.99976270681;47.3675897139844
492.505354656287;436.965677277052;47.5198495724171
492.744610323009;436.909479903989;47.7187134818889
492.95684652305;436.844154229009;47.8952273230827
493.184857868499;436.696539676041;48.0998401808659
493.399186745349;436.446292403993;48.3566031202882
493.60048753331;436.219287714248;48.6272688911436
493.717422400443;436.020957256877;48.9023932525876
493.679528137711;435.827930802558;49.0545327257085
493.320752155895;435.633704169999;49.0691575638874
492.591578864714;435.527673339858;48.9825620681887
491.928091858353;435.504014663748;48.8397902324834
491.645870547565;435.504014663748;48.7531947367847
491.598507725856;435.504014663748;48.7338726699613
491.598507725856;435.504014663748;48.7338726699613
491.598507725856;435.504014663748;48.7338726699613
491.597678865794;435.50388232914;48.7262378624868
491.593964172711;435.503289246576;48.6920210292745
491.587839679211;435.502311418737;48.6356070085413
491.606748076974;435.532965830837;48.5771170880399
491.729933109053;435.704124124;48.4364235376358
491.998491174937;436.075062241523;48.1482784110466
492.267052561964;436.446004946278;47.8601297210904
492.391070431307;436.617301067444;47.7270667108853
492.413694664472;436.648550139904;47.7027923979625
492.413694664472;436.648550139904;47.7027923979625
492.413694664472;436.648550139904;47.7027923979625
492.413694664472;436.648550139904;47.7027923979625
492.46107068954;436.629131285473;47.736892537802
492.673395303286;436.542102017815;47.8897187618177
493.023459410262;436.398615013052;48.1416866080731
493.235784024007;436.311585745394;48.2945128320887
493.283160049076;436.292166890964;48.3286129719282
493.330517159239;436.272755789522;48.3626994972673
493.542757002261;436.185761268349;48.5154647053252
493.892681345941;436.042331550856;48.7673319532731
494.104921188962;435.955337029682;48.9200971613309
494.152278299125;435.935925928241;48.95418368667
494.152278299125;435.935925928241;48.95418368667
494.152278299125;435.935925928241;48.95418368667
494.152278299125;435.935925928241;48.95418368667
494.152278299125;435.935925928241;48.95418368667
494.152278299125;435.935925928241;48.95418368667
494.152278299125;435.935925928241;48.95418368667
494.151495156029;435.935801030945;48.9468367932588
494.147985352172;435.935241280101;48.9139103013572
494.142198663897;435.934318406978;48.8596236937893
494.13868886004;435.933758656134;48.8266972018876
494.137905716943;435.933633758838;48.8193503084765
494.137905716943;435.933633758838;48.8193503084765
494.137905716943;435.933633758838;48.8193503084765
494.137905716943;435.933633758838;48.8193503084765
494.184496570698;435.914230728874;48.8463275012893
494.393302290746;435.827272381552;48.9672308914671
494.737564722833;435.683902304657;49.166566882553
494.946370442881;435.596943957335;49.2874702727308
494.968212247909;435.596818559215;49.2800939191008
494.85729470673;435.714459387649;49.1120440700102
494.674422597294;435.996930919612;48.7950660417252
494.633504518424;436.314194461143;48.5370075825956
494.922471294861;436.473500121797;48.4395162897311
495.487052232629;436.497165759979;48.4597794683609
496.012980444658;436.463199763153;48.6137304809784
496.432858983099;436.407199301705;48.8675527901267
496.645071369965;436.373233304878;49.0215038027442
496.692422353832;436.365654466567;49.0558549168446
496.692422353832;436.365654466567;49.0558549168446
496.717135185091;436.346253886408;49.090192055711
496.828614247004;436.228201718117;49.2682902289381
497.014462752162;435.945447699723;49.6374458886556
497.13056644393;435.628665217785;50.0013061055782
497.157799447648;435.469741879729;50.1953933839322
497.133389845073;435.426383688187;50.2506874935905
496.98262028537;435.373000449513;50.2476658248166
496.605562880309;435.285915968367;50.203039328503
496.157091176649;435.233303982355;50.129462674794
495.923130577195;435.221591596569;50.0848361784804
495.875811103218;435.221591596569;50.0748786612111
495.82847255628;435.240986807371;50.0406795107125
495.616315907864;435.327910111637;49.8874095517079
495.266528728899;435.471222412302;49.6347101101379
495.054372080482;435.558145716569;49.4814401511334
495.007033533545;435.577540927371;49.4472410006347
495.007033533545;435.577665501536;49.4472410006347
495.007033533545;435.578223804209;49.4472410006347
494.960459045209;435.598547642797;49.4203749561892
494.75172666988;435.686065740963;49.2999696984345
494.40758516279;435.829562779653;49.1014549888702
494.198852787461;435.916522575146;48.9810497311155
494.129660707781;435.904690311591;48.9784465875422
494.028295695857;435.764701989845;49.087185365196
493.861173044592;435.533900266133;49.2664653008636
493.760592716936;435.394039982589;49.3752040785174
493.741491836498;435.363378193348;49.3994669793896
493.769902841205;435.395556252717;49.3825216878485
493.874763667213;435.536102094189;49.3065781599551
494.042636549708;435.767004969278;49.1813684501453
494.143980664809;435.906976983341;49.1054249222519
494.166593593442;435.938208961255;49.0884796307108
494.166593593442;435.938208961255;49.0884796307108
494.11925601928;435.95762030881;49.0545327257085
493.859747433241;436.064034958194;48.8684329207721
493.297731242134;436.294496527261;48.4653976874018
492.735660615978;436.524980418081;48.0623234173575
492.476086841775;436.631421798665;47.8761768644324
492.427911259149;436.650716007516;47.834619494925
492.424239477075;436.650156619417;47.8005719341348
492.418185731868;436.649234344359;47.7444369964445
492.414513949794;436.64867495626;47.7103894356543
492.413694664472;436.648550139904;47.7027923979625
492.413694664472;436.648550139904;47.7027923979625
492.413694664472;436.648550139904;47.7027923979625
492.413694664472;436.648550139904;47.7027923979625
492.413694664472;436.648550139904;47.7027923979625
492.391070431307;436.617301067444;47.7194202382114
492.289675652809;436.477252440942;47.7939410481182
492.14430558753;436.277475047127;47.9001772522724
492.118817420014;436.24578966043;47.9168050925213
492.15875125174;436.304899687327;47.8850896982738
492.091657798387;436.213833002949;47.9334329327702
492.009637699509;436.104515972195;47.991325902428
491.984128018893;436.041562434626;48.0322078725924
492.055458825606;435.862572436533;48.2093516437426
492.37884934028;435.457754679865;48.6953128514037
492.912030160566;435.030983031886;49.309751108945
493.23542067524;434.825831446629;49.6407513199452
493.260195366196;434.806426333597;49.6749803704061
493.047837313202;434.893358957383;49.5216382506595
492.697718074227;435.036686623337;49.2688198361392
492.485360021233;435.123619247123;49.1154777163927
492.43797653486;435.14301653739;49.0812624646561
492.43797653486;435.14301653739;49.0812624646561
492.440121113567;435.06128811891;49.1639593827211
492.44973244852;434.695006759069;49.5345812565633
492.466380813692;434.091110890038;50.1530564062914
492.479586251727;433.724829530198;50.5569457816343
492.487656504634;433.643101111717;50.6944915370464
492.491250607716;433.643101111717;50.727759038547
492.492052560513;433.643101111717;50.7351820214846
492.444682170779;433.662485311229;50.7011183118077
492.232382812851;433.749359266319;50.5484553564538
491.882360345679;433.892590203946;50.2967566947138
491.670060987751;434.010701771084;50.1198288087978
491.620544045062;434.189481903451;49.9429342055998
491.610923862144;434.507237171221;49.6108897767824
491.595062861939;434.821818201435;49.2260286983617
491.585442679021;435.080029098088;48.940235334628
491.583296126066;435.330305599925;48.7268061671163
491.583296126066;435.470340084579;48.6180272296027
491.583296126066;435.501586001566;48.5937553678545
491.583296126066;435.501586001566;48.5937553678545
491.583296126066;435.501586001566;48.5937553678545
491.583296126066;435.501586001566;48.5937553678545
491.583296126066;435.501586001566;48.5937553678545
491.583296126066;435.501586001566;48.5937553678545
491.583296126066;435.501586001566;48.5937553678545
491.583296126066;435.501586001566;48.5937553678545
491.583296126066;435.501586001566;48.5937553678545
491.583296126066;435.501586001566;48.5937553678545
491.583296126066;435.501586001566;48.5937553678545
491.583296126066;435.501586001566;48.5937553678545
491.583296126066;435.501586001566;48.5937553678545
491.583296126066;435.501586001566;48.5937553678545
491.583296126066;435.501586001566;48.5937553678545
491.583296126066;435.501586001566;48.5937553678545
491.583296126066;435.501586001566;48.5937553678545
491.583296126066;435.501586001566;48.5937553678545
491.583296126066;435.501586001566;48.5937553678545
491.583296126066;435.501586001566;48.5937553678545
491.583296126066;435.501586001566;48.5937553678545
491.583296126066;435.501586001566;48.5937553678545
491.583296126066;435.501586001566;48.5937553678545
491.583296126066;435.501586001566;48.5937553678545
491.583296126066;435.501586001566;48.5937553678545
491.583296126066;435.501586001566;48.5937553678545
491.583296126066;435.501586001566;48.5937553678545
491.583296126066;435.501586001566;48.5937553678545
491.583296126066;435.501586001566;48.5937553678545
491.583296126066;435.501586001566;48.5937553678545
491.630678793408;435.482180605173;48.6278440935541
491.843033175758;435.395211652253;48.7806191629436
492.193146362864;435.251824089684;49.0325026694787
492.405500745214;435.164855136765;49.1852777388682
492.452883412556;435.145449740372;49.2193664645678
492.452883412556;435.145449740372;49.2193664645678
492.452883412556;435.145449740372;49.2193664645678
492.500247163296;435.126052091204;49.2534415810109
492.712516767315;435.039117858936;49.4061556579446
493.062490178586;434.895787541044;49.6579386049206
493.274759782605;434.808853308777;49.8106526818543
493.322123533345;434.808853308777;49.8204661219937
493.322123533345;434.895787541044;49.7117328324749
493.321331012822;435.039117858936;49.5324619452122
493.317779182258;435.106522218906;49.4406053620044
493.311923203656;435.038393052855;49.4919798359177
493.308371373092;434.894085730846;49.6166827656145
493.307578852569;434.806558915627;49.6923189158316
493.307578852569;434.78702904333;49.7091956221426
493.307578852569;434.78702904333;49.7091956221426
493.307578852569;434.78702904333;49.7091956221426
493.354943241133;434.767639571097;49.7433970834972
493.567215703681;434.680741985314;49.8966773990399
493.917193827867;434.537472087261;50.1493939156547
494.128690215512;434.450442184593;50.2954001749107
494.172576477664;434.430459709227;50.2970015777082
494.166842016668;434.429482012347;50.243253167739
494.210728623845;434.409507862556;50.2449811333157
494.422226557781;434.322515272525;50.3915546075957
494.772207231371;434.179306892609;50.6452063036858
494.98448124021;434.092446619462;50.7990538342525
495.05446495948;434.084913115943;50.8333818583862
495.203178250333;434.138010568708;50.8434896984303
495.582483462595;434.225553468503;50.8887898946807
496.033667638587;434.278650921268;50.9634772918055
496.315781657316;434.271126355775;51.0430833580979
496.57520965025;434.184306140076;51.2069394409577
496.924880288653;434.041163803728;51.4604274392206
497.136966251645;433.95434358803;51.6141756820363
497.184289026533;433.966186995224;51.6242799081757
497.184289026533;434.1060856795;51.5158156652131
497.159582914266;434.356118650759;51.302676723842
497.048857800952;434.582868143268;51.0404383928513
496.86630295143;434.757276534008;50.7627061391342
496.755577838115;434.844127342242;50.6089320511061
496.730871725849;434.863506376992;50.5746204142177
496.730871725849;434.863506376992;50.5746204142177
496.730871725849;434.863506376992;50.5746204142177
496.730871725849;434.863506376992;50.5746204142177
496.730871725849;434.863506376992;50.5746204142177
496.730871725849;434.863506376992;50.5746204142177
496.730871725849;434.863506376992;50.5746204142177
496.730871725849;434.863506376992;50.5746204142177
496.730871725849;434.863506376992;50.5746204142177
496.730871725849;434.863506376992;50.5746204142177
496.730871725849;434.863506376992;50.5746204142177
496.730871725849;434.863506376992;50.5746204142177
496.730871725849;434.863506376992;50.5746204142177
496.730871725849;434.863506376992;50.5746204142177
496.730871725849;434.863506376992;50.5746204142177
496.730871725849;434.863506376992;50.5746204142177
496.730871725849;434.863506376992;50.5746204142177
496.730871725849;434.863506376992;50.5746204142177
496.730871725849;434.863506376992;50.5746204142177
496.730871725849;434.863506376992;50.5746204142177
496.730871725849;434.832283935048;50.5988278249668
496.732965723335;434.672982449603;50.7416237831837
496.742350368981;434.355457858832;51.0742419420337
496.757823033875;434.041172165497;51.4604204817751
496.767207679521;433.783237705889;51.7468350424072
496.769301677007;433.533222907761;51.9599594195281
496.769301677007;433.393331105797;52.0684183265955
496.769301677007;433.362117025621;52.0926187798989
496.769301677007;433.362117025621;52.0926187798989
496.769301677007;433.362117025621;52.0926187798989
496.769301677007;433.362117025621;52.0926187798989
496.769301677007;433.362117025621;52.0926187798989
496.769301677007;433.362117025621;52.0926187798989
496.769301677007;433.362117025621;52.0926187798989
496.769301677007;433.362117025621;52.0926187798989
496.769301677007;433.362117025621;52.0926187798989
496.769301677007;433.362117025621;52.0926187798989
496.791913791787;433.393331105797;52.0684183265955
496.893254259456;433.533222907761;51.9599594195281
497.082949671321;433.795081113084;51.7569392685466
497.285635592345;434.074871599324;51.5400161185166
497.47533811176;434.336739616008;51.3369883607304
497.576683565115;434.476638300284;51.2285241177678
497.599296792353;434.507853916111;51.2043224738652
497.599296792353;434.507853916111;51.2043224738652
497.621911132129;434.507853916111;51.2043224738652
497.723261571539;434.507853916111;51.2043224738652
497.890360196788;434.539071067703;51.1801196392756
497.991710636197;434.678976634798;51.0716500600241
498.014324975974;434.909641919158;50.8928139574884
498.014324975974;435.049547486253;50.7843443782369
498.014324975974;435.080764637845;50.7601415436473
497.991710636197;435.049547486253;50.7843443782369
497.890360196788;434.909641919158;50.8928139574884
497.723261571539;434.678976634798;51.0716500600241
497.621911132129;434.539071067703;51.1801196392756
497.599296792353;434.507853916111;51.2043224738652
497.599296792353;434.507853916111;51.2043224738652
497.599296792353;434.507853916111;51.2043224738652
497.599296792353;434.507853916111;51.2043224738652
497.576683565115;434.476638300284;51.2285241177678
497.45272599698;434.305525535833;51.3611888140338
497.184295124676;433.93497979736;51.648475025584
496.915867486693;433.564438523588;51.9357577756255
496.791913791787;433.393331105797;52.0684183265955
496.769301677007;433.362117025621;52.0926187798989
496.769301677007;433.362117025621;52.0926187798989
496.769301677007;433.362117025621;52.0926187798989
496.769301677007;433.362117025621;52.0926187798989
496.769301677007;433.362117025621;52.0926187798989
496.769301677007;433.362117025621;52.0926187798989
496.769301677007;433.362117025621;52.0926187798989
496.769301677007;433.362117025621;52.0926187798989
496.791913791787;433.393331105797;52.0684183265955
496.893254259456;433.533222907761;51.9599594195281
497.082949671321;433.795081113084;51.7637543331687
497.285635592345;434.074871599324;51.5773741837693
497.47533811176;434.336739616008;51.4178882561715
497.577392983593;434.476761944592;51.3162390778311
497.603185603866;434.508531695759;51.2722235397484
497.608427536793;434.509445310482;51.2614944332979
497.634216819607;434.541213171554;51.2174584159959
497.736256733985;434.681227029315;51.1157174561618
497.903322477947;434.9118669998;50.9802806597668
498.004652973847;435.051757213254;50.9022676359411
497.980686781729;435.102477530715;50.857591478362
497.771947264552;435.189900009669;50.7353798550603
497.427793982548;435.334035310259;50.5338869521961
497.219054465372;435.421457789214;50.4116753288944
497.172478383475;435.440964380943;50.3844062298151
497.172478383475;435.440964380943;50.3844062298151
497.172478383475;435.440964380943;50.3844062298151
497.172478383475;435.440964380943;50.3844062298151
497.172478383475;435.440964380943;50.3844062298151
497.125181268447;435.460358969738;50.3503548017029
496.913210304969;435.547279486361;50.1977468885031
496.563729268711;435.690587190978;49.9461389759335
496.351758305232;435.777507707601;49.7935310627337
496.304461190205;435.796902296395;49.7594796346215
496.304461190205;435.796902296395;49.7594796346215
496.304461190205;435.796902296395;49.7594796346215
496.257145195069;435.81630462714;49.7254146138275
496.045089616817;435.903259840779;49.5727457824543
495.695469074384;436.046624751103;49.3210374327962
495.483413496132;436.133579964742;49.1683686014229
495.436097500996;436.152982295487;49.1343035806289
495.436097500996;436.152982295487;49.1343035806289
495.436097500996;436.152982295487;49.1343035806289
495.436097500996;436.152982295487;49.1343035806289
495.436097500996;436.152982295487;49.1343035806289
495.411382489106;436.172392372819;49.1002249590125
495.300617490443;436.290621074235;48.923229822695
495.117996881097;436.574045678527;48.5626712206272
495.007231882434;436.891860633822;48.2306434000645
494.982516870543;437.051273165154;48.0878150232781
494.982516870543;437.082511935137;48.0635496729909
494.982516870543;437.082511935137;48.0635496729909
494.982516870543;437.082511935137;48.0635496729909
494.984055279708;437.082745827149;48.0780799837782
494.990949951249;437.083794058424;48.1432003188222
495.002317342873;437.085522299623;48.2505656003644
495.009212014414;437.086570530897;48.3156859354084
495.01075042358;437.086804422909;48.3302162461957
495.01075042358;437.086804422909;48.3302162461957
495.01075042358;437.086804422909;48.3302162461957
495.01075042358;437.086804422909;48.3302162461957
495.01075042358;437.086804422909;48.3302162461957
495.01075042358;437.086804422909;48.3302162461957
495.01075042358;437.086804422909;48.3302162461957
494.963438711714;437.106229248809;48.2963971122151
494.751402329744;437.193285278734;48.1448302690858
494.40181343663;437.336816407015;47.8949387908857
494.189777054661;437.423872436941;47.7433719477564
494.142465342795;437.44329726284;47.7095528137758
494.142465342795;437.44329726284;47.7095528137758
494.142465342795;437.44329726284;47.7095528137758
494.142465342795;437.44329726284;47.7095528137758
494.142465342795;437.44329726284;47.7095528137758
494.142465342795;437.44329726284;47.7095528137758
494.095135100182;437.46272969693;47.6757204337345
493.883015669168;437.549819824401;47.5240942258799
493.533289851326;437.69340717003;47.2741048717945
493.321170420312;437.780497297501;47.12247866394
493.273840177699;437.799929731591;47.0886462838987
493.273840177699;437.799929731591;47.0886462838987
493.273840177699;437.799929731591;47.0886462838987
493.273840177699;437.799929731591;47.0886462838987
493.273840177699;437.799929731591;47.0886462838987
493.273840177699;437.799929731591;47.0886462838987
493.273840177699;437.799929731591;47.0886462838987
493.273840177699;437.799929731591;47.0886462838987
493.273840177699;437.799929731591;47.0886462838987
493.273840177699;437.799929731591;47.0886462838987
493.273840177699;437.799929731591;47.0886462838987
493.273840177699;437.799929731591;47.0886462838987
493.273840177699;437.799929731591;47.0886462838987
493.273840177699;437.799929731591;47.0886462838987
493.273840177699;437.799929731591;47.0886462838987
493.226491393451;437.819369778342;47.054800650013
493.01428886459;437.906494023395;46.9031150425488
492.66442604156;438.050137619408;46.6530277550634
492.404856175917;438.156709528348;46.4674832520792
492.145221716121;438.263307957786;46.2818925762082
491.795221807381;438.407007837242;46.0317072977636
491.582936131833;438.494166219929;45.8799622557782
491.535568795051;438.513613883817;45.8461033602583
491.535568795051;438.513613883817;45.8461033602583
491.535568795051;438.513613883817;45.8461033602583
491.535568795051;438.513613883817;45.8461033602583
491.535568795051;438.513613883817;45.8461033602583
491.535568795051;438.513613883817;45.8461033602583
491.630284916082;438.505972609331;45.8894920984131
492.05477312049;438.471726792986;46.0839469319771
492.777254053132;438.415264987146;46.4045487522646
493.325729371981;438.412267223178;46.5746865368423
493.688945635005;438.544670003499;46.5090938223319
493.957449178408;438.775563615493;46.3294137832109
494.081440366171;438.9156076703;46.2204323305457
494.104059736971;438.946855722677;46.1961152815593
494.104059736971;438.946855722677;46.1961152815593
494.104059736971;438.946855722677;46.1961152815593
494.104059736971;438.946855722677;46.1961152815593
494.104059736971;438.946855722677;46.1961152815593
494.104059736971;438.946855722677;46.1961152815593
494.104059736971;438.946855722677;46.1961152815593
494.104059736971;438.946855722677;46.1961152815593
494.104059736971;438.946855722677;46.1961152815593
494.104059736971;438.946855722677;46.1961152815593
494.104059736971;438.946855722677;46.1961152815593
494.104059736971;438.946855722677;46.1961152815593
494.104059736971;438.946855722677;46.1961152815593
494.104059736971;438.946855722677;46.1961152815593
494.104059736971;438.946855722677;46.1961152815593
494.104059736971;438.946855722677;46.1961152815593
494.104059736971;438.946855722677;46.1961152815593
494.104059736971;438.946855722677;46.1961152815593
494.104059736971;438.946855722677;46.1961152815593
494.104059736971;438.946855722677;46.1961152815593
494.104059736971;438.946855722677;46.1961152815593
494.081440366171;438.9156076703;46.2204323305457
493.98006737928;438.775563615493;46.3294137832109
493.812931579517;438.544670003499;46.5090938223319
493.711558592626;438.404625948693;46.6180752749971
493.688939221826;438.373377896316;46.6423923239835
493.688939221826;438.373377896316;46.6423923239835
493.688939221826;438.373377896316;46.6423923239835
493.688939221826;438.373377896316;46.6423923239835
493.688939221826;438.373377896316;46.6423923239835
493.688939221826;438.373377896316;46.6423923239835
493.688939221826;438.373377896316;46.6423923239835
493.688939221826;438.373377896316;46.6423923239835
493.688939221826;438.373377896316;46.6423923239835
493.688939221826;438.373377896316;46.6423923239835
493.688939221826;438.373377896316;46.6423923239835
493.689737852336;438.373490674762;46.6498726881075
493.693317065964;438.373996112693;46.6833973542441
493.699218191604;438.374829438961;46.7386701843966
493.702797405232;438.375334876892;46.7721948505332
493.702797405232;438.375334876892;46.7721948505332
493.699218191604;438.374829438961;46.7386701843966
493.693317065964;438.373996112693;46.6833973542441
493.689737852336;438.373490674762;46.6498726881075
493.688939221826;438.404625948693;46.6180752749971
493.66502968448;438.564232305386;46.4828374485733
493.557874572281;438.88279807194;46.1854845061518
493.381205659534;439.167389072816;45.8824932348298
493.274860781155;439.286309279752;45.7405032825429
493.277196761849;439.305980156389;45.7218172624032
493.409223003655;439.318256145754;45.7649689325523
493.690601473991;439.371894795888;45.8622444514711
493.975191186525;439.459493866329;45.9643268524605
494.083765288174;439.531898382447;45.9796498393808
493.997805488507;439.630899453666;45.8383554820182
493.81537627982;439.774687205739;45.5901931607423
493.704727371524;439.861898885862;45.4396751043031
493.680038262896;439.881358442015;45.4060899862645
493.632719771412;439.881358442015;45.396858954132
493.420653005303;439.881358442015;45.3554883383155
493.04839662467;439.889038000041;45.2629127361896
492.734965737616;439.923455391312;45.1123368572611
492.473186299899;439.980200076383;44.9138184148204
492.159660076287;440.014617467654;44.7632096492112
491.787246512243;440.02229702568;44.6705798261155
491.575084409575;440.02229702568;44.6291763236184
491.528590954775;440.022404693781;44.6277544710547
491.532383849227;440.022887228733;44.6627856724578
491.538637274988;440.023682794371;44.7205423593492
491.54243016944;440.024165329323;44.7555735607522
491.543276478586;440.024272997424;44.7633900783315
491.518557156675;440.04374811992;44.7299101621048
491.407772841842;440.162294256516;44.5554669463187
491.225120385517;440.44631566192;44.198743807106
491.114336070683;440.795880044234;43.8440311337677
491.089616748773;441.095599941205;43.5918690380464
491.064886694807;441.377389060651;43.3536908498742
490.954054282241;441.604887864262;43.0941935016437
490.771322526159;441.780207398836;42.8222345660725
490.660490113593;441.867580060723;42.6720812373107
490.635760059627;441.887075536762;42.6385775010173
490.635760059627;441.887075536762;42.6385775010173
490.635760059627;441.887075536762;42.6385775010173
490.683110033677;441.867679371654;42.6720812373107
490.895317894857;441.780751790485;42.8222345660725
491.245189509394;441.6374324384;43.0697955530684
491.457397370574;441.55050485723;43.2199488818302
491.45827040396;441.550603635499;43.2279733536486
491.249975206963;441.637973910155;43.1137832125306
490.90655448509;441.782023140408;42.9255154979651
490.698259288094;441.869393415064;42.8113253568471
490.65178234743;441.88888835844;42.785846092372
490.65178234743;441.88888835844;42.785846092372
490.65178234743;441.88888835844;42.785846092372
490.65178234743;441.88888835844;42.785846092372
490.650909314044;441.88888835844;42.7778216205536
490.600521791492;441.908390647716;42.7165046265289
490.385785034032;441.995793844407;42.5435834771494
490.038467034173;442.139897353919;42.3202795918352
489.829308135992;442.227300550611;42.1986272430677
489.781940139185;442.246704668918;42.1651107542921
489.777937370408;442.246264697166;42.1285281498196
489.771337920383;442.245539306379;42.0682136316881
489.767335151606;442.245099334627;42.0316310272156
489.765545311759;442.244902601061;42.023468344821
489.738895613523;442.2131776538;42.0396636802751
489.630844904448;442.072247702539;42.1122461381705
489.459604724674;441.840652505553;42.2319143803823
489.357283091201;441.700352276261;42.3044968382776
489.334652129867;441.669069055918;42.328905869608
489.31292902399;441.637893887001;42.3901248234639
489.215572817809;441.498176473201;42.5602041076682
489.055059569843;441.267821401181;42.7773653718698
488.958606416;441.128209957835;42.9031663032172
488.940930509923;441.097509715545;42.9643212361426
488.947603214319;441.098292737177;43.0249071430819
488.951650414119;441.098767663803;43.061654353187
488.952553466458;441.098873634258;43.0698537640628
488.952553466458;441.098873634258;43.0698537640628
488.907317516491;441.036331263103;43.1187019502837
488.704584053934;440.756035801864;43.3376243325759
488.370333081934;440.293906712841;43.6985663208934
488.167599619377;440.013611251602;43.9174887031856
488.122363669409;439.951068880448;43.9663368894065
488.122363669409;439.951068880448;43.9663368894065
488.029749022078;439.92748285865;43.9663368894065
487.567277509603;439.821777642548;43.9484515746361
486.670504080685;439.647499204337;43.8682951549099
485.905181982513;439.522315534367;43.7361395607242
485.602860420323;439.425880807173;43.6570138502647
485.552727271196;439.312981470591;43.6380978262276
