465.99705644345;284.4783792347;185.201406144767
465.996543371579;284.477840879662;185.197836580154
465.994397192435;284.475588941051;185.18290509479
465.99081264857;284.471827757949;185.15796655953
465.943195354379;284.407407944139;185.183680893919
465.73904813264;284.128413303575;185.363339448795
465.40326608565;283.669268138654;185.665110869049
465.200101277264;283.39130511756;185.848144487658
465.156886854263;283.331508701456;185.888984808291
465.16056141778;283.335370212493;185.888984808291
465.16229285512;283.337189738639;185.888984808291
465.16056141778;283.335370212493;185.888984808291
465.156886854263;283.331508701456;185.888984808291
465.154658118829;283.329166576619;185.888984808291
465.154160820735;283.328643977929;185.888984808291
465.154160820735;283.328643977929;185.888984808291
465.154160820735;283.328643977929;185.888984808291
465.154160820735;283.328643977929;185.888984808291
465.154160820735;283.328643977929;185.888984808291
465.154160820735;283.328643977929;185.888984808291
465.13143734228;283.29757211046;185.909406675475
465.029597777252;283.15831766163;186.000931134428
464.861692720189;282.928725889804;186.151829456693
464.737128410407;282.758397841979;186.263776920868
464.612559691765;282.588063765522;186.375728347339
464.444645277949;282.358459199359;186.526635078633
464.342800037762;282.219196990372;186.61816463792
464.320075293008;282.188123391378;186.638587643142
464.320075293008;282.188123391378;186.638587643142
464.320075293008;282.188123391378;186.638587643142
464.320075293008;282.188123391378;186.638587643142
464.29734928185;282.157048060714;186.659011786498
464.172771088361;281.986701028441;186.770971728129
463.902990725081;281.617805935624;187.01342663039
463.634247936158;281.250003318377;187.255884841899
463.513290664685;281.084568957685;187.367848746489
463.493590702031;281.061601462534;187.388274028073
463.441673898464;281.080905245881;187.343262559759
463.218941080349;281.146472221814;187.141535154177
462.833923440793;281.252764400633;186.808942889712
462.512950704838;281.28615330254;186.60721548413
462.223374753095;281.144531305483;186.551036628942
461.795515654928;280.83996986148;186.500987873245
461.235313453013;280.57717828542;186.418471425154
460.9093196043;280.471192304795;186.368422669457
460.836580544629;280.454478647061;186.357255282583
460.836580544629;280.454478647061;186.357255282583
460.836580544629;280.454478647061;186.357255282583
460.836580544629;280.455099683297;186.357255282583
460.787150944041;280.472297649063;186.309264286821
460.565622843333;280.541488609606;186.094183565637
460.150969235199;280.665892177671;185.691932608215
459.707976154564;280.798831108518;185.263331682244
459.293412530856;280.924890272117;184.863305383122
459.07194755093;280.992606077771;184.649785178334
459.022532034492;281.007715516332;184.602142380845
459.022532034492;281.007715516332;184.602142380845
459.021869938174;281.007035591564;184.602142380845
459.018902628342;281.003988380165;184.602142380845
458.991914691708;280.968527957501;184.622736439299
458.889921460046;280.829074173394;184.71503260599
458.725993220057;280.603497830738;184.867203259217
458.626967298227;280.46709125803;184.959499425908
458.604871628431;280.436654837616;184.980093484362
458.604871628431;280.436654837616;184.980093484362
458.604871628431;280.436654837616;184.980093484362
458.604871628431;280.436654837616;184.980093484362
458.582112688756;280.405536887844;185.0006886048
458.480114197563;280.26607591246;185.092989530969
458.311947115553;280.036143635911;185.245168031249
458.20994862436;279.896682660527;185.337468957418
458.187861570565;279.866255793024;185.362526893185
458.190872754166;279.869353008875;185.382527843867
458.195837356618;279.874459454529;185.41550383669
458.198848540219;279.876865588111;185.435504787372
458.199520426098;279.874459454529;185.439967602701
458.198848540219;279.869353008875;185.435504787372
458.195837356618;279.866255793024;185.41550383669
458.190872754165;279.865564710755;185.382527843867
458.187861570565;279.865564710755;185.362526893185
458.187189684686;279.865564710755;185.358064077856
458.187189684686;279.865564710755;185.358064077856
458.187189684686;279.865564710755;185.358064077856
458.286670169408;279.836088402039;185.45761769452
458.732510770502;279.703984751428;185.903786050238
459.467577652868;279.48618265273;186.639393308624
459.912808866712;279.354079002119;187.081477307024
459.960115512099;279.338319298015;187.114817572495
459.734025660118;279.399792854991;186.869926884505
459.415402039541;279.48679360118;186.54553176867
459.414792652291;279.483945890371;186.541447411352
459.730685188693;279.391614652629;186.847537707636
459.952272244099;279.327293384844;187.062248850276
460.001714999259;279.312941370063;187.110157381919
460.024460971985;279.344042636503;187.089644509264
460.126401349345;279.483428842381;186.997712192082
460.294472617841;279.713237844854;186.846141425279
460.3964129952;279.852624050732;186.754209108097
460.419158967926;279.883725317172;186.733696235442
460.419158967926;279.883725317172;186.733696235442
460.419158967926;279.883725317172;186.733696235442
460.419158967926;279.883725317172;186.733696235442
460.369085426494;279.898093051463;186.681482218371
460.144671383142;279.962484769202;186.447475228745
459.774675176425;280.068648763894;186.061662927456
459.550261133073;280.133040481633;185.827655937831
459.50018759164;280.147408215924;185.77544192076
459.50018759164;280.147408215924;185.77544192076
459.50018759164;280.147408215924;185.77544192076
459.50018759164;280.147408215924;185.77544192076
459.50018759164;280.147408215924;185.77544192076
459.50018759164;280.147408215924;185.77544192076
459.550261133073;280.133040481633;185.827655937831
459.774675176425;280.068648763894;186.061662927456
460.144671383142;279.962484769202;186.447475228745
460.369085426494;279.898093051463;186.681482218371
460.418552933059;279.883093883522;186.729623080443
460.415836873216;279.880263994237;186.711368466203
460.411358847582;279.875598295578;186.681271695417
460.408642787739;279.872133720482;186.663017081177
460.457517963542;279.854368221923;186.707435855668
460.67927736459;279.785636946714;186.924761606061
461.044896806077;279.67720582291;187.283071193405
461.266656207125;279.612529590951;187.500396943798
461.316137417795;279.598239990503;187.548888873287
461.29339176614;279.56714010938;187.569327949236
461.191452827716;279.427760112063;187.660929532524
461.046129583281;279.2290612269;187.791515935373
461.023383931626;279.197961345777;187.811955011322
461.089513889293;279.288380114747;187.752531115813
461.125322870049;279.337341343094;187.720353428033
461.214198479372;279.458859993186;187.640490456575
461.29339176614;279.56714010938;187.569327949236
461.316137417795;279.598239990503;187.548888873287
461.316137417795;279.598239990503;187.548888873287
461.316137417795;279.598239990503;187.548888873287
461.316137417795;279.598239990503;187.548888873287
461.316137417795;279.598239990503;187.548888873287
461.29339176614;279.56714010938;187.569327949236
461.191452827716;279.427760112063;187.660929532524
461.046129583281;279.197961345777;187.811955011321
461.073435139843;279.044322605135;187.956078337552
461.34113339868;278.949319469892;188.211903534799
461.644834626351;278.843960815558;188.599989639811
461.789955292409;278.780057561438;188.83537576111
461.839993193741;278.796882809297;188.867467668601
461.941872494843;278.936191592854;188.775907498355
462.109843065613;279.165872947499;188.624950298122
462.211722366715;279.305181731056;188.533390127876
462.211722366715;279.305181731056;188.533390127876
462.109843065613;279.165872947499;188.624950298122
461.941872494843;278.936191592854;188.775907498356
461.839443354639;278.796301567352;188.863748690327
461.814246801972;278.762612630493;188.867511221493
461.810184009999;278.758317801151;188.840031482393
461.807719802103;278.755712855477;188.823364178109
461.807169963001;278.755131613531;188.819645199834
461.806617284213;278.754547369718;188.81590701462
461.804140349733;278.751928970608;188.799153630802
461.800056575168;278.747611960301;188.771531970544
461.797579640687;278.744993561191;188.754778586726
461.7970269619;278.744409317378;188.751040401511
461.7970269619;278.744409317378;188.751040401511
461.7970269619;278.744409317378;188.751040401511
461.847093842686;278.730229897469;188.803935372223
462.071478035093;278.66668214624;189.040994184337
462.441425025922;278.561909617084;189.431838090278
462.665809218329;278.498361865855;189.668896902392
462.715876099115;278.484182445946;189.721791873104
462.715876099115;278.484182445946;189.721791873104
462.715876099115;278.484182445946;189.721791873104
462.715876099115;278.484182445946;189.721791873104
462.715876099115;278.484182445946;189.721791873104
462.715876099115;278.484182445946;189.721791873104
462.765889915989;278.470018054246;189.774630782522
462.990036292439;278.406537654772;190.01143834535
463.359591191042;278.301876169888;190.401868011248
463.583737567492;278.238395770415;190.638675574076
463.633751384366;278.224231378714;190.691514483494
463.633751384366;278.224231378714;190.691514483494
463.633751384366;278.224231378714;190.691514483494
463.633751384366;278.224231378714;190.691514483494
463.633751384366;278.224231378714;190.691514483494
463.633751384366;278.224231378714;190.691514483494
463.633751384366;278.224231378714;190.691514483494
463.633751384366;278.224231378714;190.691514483494
463.633751384366;278.224231378714;190.691514483494
463.633751384366;278.224231378714;190.691514483494
463.633751384366;278.224231378714;190.691514483494
463.633751384366;278.224231378714;190.691514483494
463.633751384366;278.224231378714;190.691514483494
463.633751384366;278.224231378714;190.691514483494
463.633751384366;278.224231378714;190.691514483494
463.633751384366;278.224231378714;190.691514483494
463.611032021942;278.193163465112;190.711861667855
463.509210903678;278.053926736285;190.803051421619
463.341336260191;277.824364179804;190.953397908319
463.239515141928;277.685127450977;191.044587662082
463.216795779503;277.654059537375;191.064934846443
463.216795779503;277.654059537375;191.064934846443
463.216795779503;277.654059537375;191.064934846443
463.216795779503;277.654059537375;191.064934846443
463.166768468902;277.668207865936;191.012105196574
462.942561617766;277.731616275409;190.775339132163
462.57290701326;277.836159068848;190.38497788559
462.348700162123;277.89956747832;190.14821182118
462.298672851522;277.913715806881;190.095382171311
462.298672851522;277.913715806881;190.095382171311
462.298672851522;277.913715806881;190.095382171311
462.298672851522;277.913715806881;190.095382171311
462.321405707674;277.913715806881;190.095382171311
462.423287300624;277.913715806881;190.095382171311
462.618556104463;277.89956747832;190.14821182118
462.8427629556;277.836159068848;190.38497788559
463.067176066867;277.731616275409;190.775339132163
463.189501325054;277.668207865936;191.012105196574
463.216795779503;277.654059537375;191.064934846443
463.166768468902;277.668207865936;191.012105196574
462.942561617766;277.731616275409;190.775339132163
462.57290701326;277.836159068848;190.38497788559
462.348700162123;277.89956747832;190.14821182118
462.298672851522;277.913715806881;190.095382171311
462.325979485436;277.89956747832;190.14821182118
462.448359328196;277.80508935804;190.405326246989
462.65012957806;277.561301781255;190.886882522439
462.77250942082;277.282449799183;191.253655409343
462.77250942082;277.192393098311;191.27401303145
462.65012957806;277.265747475585;190.99847667704
462.448359328197;277.360169662451;190.646986391271
462.325979485436;277.513618707772;190.389871965463
462.298672851522;277.743313249266;190.206976325912
462.298672851522;277.88263003105;190.115739793418
462.348700162123;277.89956747832;190.14821182118
462.57290701326;277.836159068848;190.38497788559
462.942561617766;277.731616275409;190.775339132163
463.166768468902;277.668207865936;191.012105196574
463.216795779503;277.654059537375;191.064934846443
463.216795779503;277.654059537375;191.064934846443
463.216795779503;277.654059537375;191.064934846443
463.189501325054;277.668207865936;191.012105196574
463.044443210716;277.731616275409;190.775339132163
462.763614218801;277.836159068848;190.38497788559
462.552463348023;277.89956747832;190.14821182118
462.489380057063;277.913715806881;190.091807527861
462.400554444473;277.913715806881;190.075787087383
462.321405707674;277.913715806881;190.049373846401
462.298672851522;277.913715806881;190.036928049372
462.298672851522;277.913715806881;190.049373846401
462.370932217055;277.930113092231;190.104943031997
462.694776225791;278.003600626769;190.251631350786
463.228704731384;278.124761088092;190.470640904603
463.552548740121;278.19824862263;190.601308782914
463.60208253418;278.183570977233;190.647402145242
463.50023358889;278.044302799738;190.723310385093
463.332313066392;277.81468839317;190.851838757392
463.229968048761;277.674888157637;190.939504113339
463.205019235298;277.641428708197;190.966259251993
463.201849801282;277.638029359547;190.956441531054
463.201353728941;277.638029359547;190.944684414957
463.202299920968;277.671978634969;190.921026410147
463.174552791034;277.825377614904;190.783963903236
463.054414157567;278.115390665664;190.423650014699
462.85721394328;278.358985033095;189.975740491374
462.735472277817;278.456843953684;189.722375735792
462.706831397653;278.473442543002;189.660334132254
462.706310162341;278.474000234744;189.656792396264
462.706310162341;278.474000234744;189.656792396264
462.706310162341;278.474000234744;189.656792396264
462.706310162341;278.474000234744;189.656792396264
462.706310162341;278.474000234744;189.656792396264
462.706310162341;278.474000234744;189.656792396264
462.706310162341;278.474000234744;189.656792396264
462.706310162341;278.474000234744;189.656792396264
462.706310162341;278.474000234744;189.656792396264
462.706310162341;278.474000234744;189.656792396264
462.706310162341;278.474000234744;189.656792396264
462.706310162341;278.474000234744;189.656792396264
462.706310162341;278.474000234744;189.656792396264
462.706310162341;278.474000234744;189.656792396264
462.706310162341;278.474000234744;189.656792396264
462.706310162341;278.474000234744;189.656792396264
462.706310162341;278.474000234744;189.656792396264
462.706310162341;278.473442543002;189.656792396264
462.706310162341;278.470943142016;189.656792396264
462.755868076433;278.452723138114;189.706502776318
462.977971238367;278.38703555888;189.929289243288
463.344157445737;278.282298173604;190.296602030205
463.566260607671;278.219109995357;190.519388497174
463.615818521763;278.205010807025;190.569098877228
463.615818521763;278.205010807025;190.569098877228
463.615818521763;278.205010807025;190.569098877228
463.615818521763;278.205010807025;190.569098877228
463.615818521763;278.205010807025;190.569098877228
463.615818521763;278.205010807025;190.569098877228
463.615818521763;278.205010807025;190.569098877228
463.615818521763;278.205010807025;190.569098877228
463.615818521763;278.205010807025;190.569098877228
463.615818521763;278.205010807025;190.569098877228
463.615818521763;278.205010807025;190.569098877228
463.615818521763;278.205010807025;190.569098877228
463.615818521763;278.205010807025;190.569098877228
463.615818521763;278.205010807025;190.569098877228
463.615818521763;278.205010807025;190.569098877228
463.615818521763;278.205010807025;190.569098877228
463.615818521763;278.205010807025;190.569098877228
463.615818521763;278.205010807025;190.569098877228
463.615818521763;278.205010807025;190.569098877228
463.615818521763;278.205010807025;190.569098877228
463.59308670855;278.173928822216;190.589380039401
463.468476611752;278.003545179728;190.700556282046
463.198626933451;277.634570495533;190.941314246959
462.928773287307;277.265590385972;191.182075751953
462.804158438858;277.095200246389;191.293256233988
462.78142526089;277.064116395504;191.313538613785
462.83561760793;277.036028356653;191.419871073075
463.078940168714;276.910146499925;191.896420093693
463.481384134927;276.640494099928;192.719586882352
463.72712805982;276.236262130541;193.364066055534
463.781320406861;275.749252340246;193.747268529348
463.728869844849;275.484906231665;193.865140532895
463.454571624224;275.499578557788;193.625089576198
462.863317714126;275.665883904827;193.016888003779
462.271050638126;275.83223296483;192.399621173216
461.997014715901;275.909065944203;192.111243923079
461.946931804714;275.923084983523;192.05806774388
461.924194531744;275.891995533403;192.078353777209
461.79955450577;275.721570967728;192.189556722453
461.529640013891;275.352507661716;192.430372513579
461.25972155274;274.983438928381;192.671191846061
461.135076773403;274.813007863271;192.782399032222
461.112338135186;274.781916546403;192.802686283614
461.012553489858;274.810569084627;192.700174810051
460.565349735504;274.938980852022;192.2407502594
459.828035393364;275.150696064335;191.483287230458
459.38083163901;275.27910783173;191.023862679806
459.281046993682;275.307760369954;190.921351206243
459.208672468188;275.306160181783;190.892792412066
458.834713134768;275.298988635944;190.73225097459
458.077645452523;275.287164755777;190.359355445002
457.386793961306;275.279993209939;189.919167300282
457.092131182574;275.278393021768;189.626543153599
457.020428252023;275.247960802392;189.542734240589
456.921366265098;275.111573057429;189.622685540892
456.758040660138;274.886707681245;189.793359887346
456.658978673213;274.750319936282;189.917464706075
456.636874956206;274.719887716906;189.957642028534
456.636874956206;274.719887716906;189.962049348089
456.636874956206;274.719887716906;189.962049348089
456.636874956206;274.719887716906;189.962049348089
456.636874956206;274.719887716906;189.962049348089
456.636874956206;274.719887716906;189.962049348089
456.636874956206;274.719887716906;189.962049348089
456.636874956206;274.719887716906;189.962049348089
456.636874956206;274.719887716906;189.962049348089
456.636874956206;274.719887716906;189.962049348089
456.636874956206;274.719887716906;189.962049348089
456.636874956206;274.719887716906;189.962049348089
456.61410454973;274.688756299204;189.982507944499
456.5120546679;274.549234964746;190.074197012423
456.321031179768;274.288070017769;190.241354472399
456.116925720727;274.009019562197;190.400200434643
455.925208362172;273.747123178121;190.518647272855
455.819390152005;273.603641658313;190.557084078851
455.788462149881;273.563940819847;190.55292573119
455.780295479336;273.555362269035;190.548430530666
455.77652045698;273.551396856089;190.548430530666
455.775831147398;273.550672781665;190.548430530666
455.775831147398;273.550672781665;190.548430530666
455.775831147398;273.550672781665;190.548430530666
455.775831147398;273.550672781665;190.548430530666
455.775831147398;273.550672781665;190.548430530666
455.775831147398;273.550672781665;190.548430530666
455.753044507784;273.51952246114;190.568826623971
455.650921874079;273.379916410108;190.660235572415
455.459762154718;273.118592817404;190.831340726067
455.255510965485;272.839372619955;191.014163923518
455.064342804027;272.578037486541;191.185276633606
454.9622142485;272.438423340123;191.276690882613
454.916637005147;272.376117279943;191.317486617473
454.814502527284;272.236495037436;191.408906167504
454.646111241158;272.006296876351;191.559631524198
454.543976763294;271.866674633844;191.651051074229
454.521187480892;271.835520700513;191.671449533068
454.521187480892;271.835520700513;191.671449533068
454.521187480892;271.835520700513;191.671449533068
454.498396876922;271.804364960543;191.691849174829
454.396256476207;271.664734621241;191.783274026345
454.22785542495;271.4345231108;191.934008123711
454.125715024234;271.294892771498;192.025432975227
454.102924420265;271.263737031528;192.045832616988
454.102924420265;271.263737031528;192.045832616988
454.102924420265;271.263737031528;192.045832616988
454.125715024234;271.294892771498;192.025432975227
454.22785542495;271.4345231108;191.934008123711
454.396256476207;271.664734621241;191.783274026345
454.498396876922;271.804364960543;191.691849174829
454.521187480892;271.835520700513;191.671449533068
454.521187480892;271.835520700513;191.671449533068
454.521187480892;271.835520700513;191.671449533068
454.521187480892;271.835520700513;191.671449533068
454.497676227769;271.803605810254;191.68252674518
454.392306101616;271.660573195401;191.736844715958
454.218580133333;271.424752280888;191.839639360762
454.113210007181;271.281719666035;191.919142278635
454.089698754058;271.249804775776;191.930219490746
454.088974342679;271.249041662263;191.900361193322
454.08572775612;271.245621624773;191.87941669023
454.080375039802;271.239982936215;191.8747433399
454.077128453243;271.236562898724;191.8747433399
454.077128453243;271.236562898724;191.87941669023
454.080375039802;271.239982936215;191.900361193322
454.08572775612;271.245621624773;191.934892841076
454.088974342679;271.249041662263;191.955837344168
454.089698754058;271.249804775776;191.960510694498
454.066899826608;271.218639315307;191.976172849881
453.964722122637;271.078965411749;192.051071857952
453.795528118173;270.847911006613;192.187891668318
453.667264940992;270.673606117135;192.308488829423
453.536845881062;270.497025213142;192.415293884217
453.365043037351;270.263213533153;192.535495600384
453.262096183378;270.122724495142;192.605547234184
453.23928884404;270.091549202425;192.621177866453
453.23928884404;270.091549202425;192.621177866453
453.23928884404;270.091549202425;192.621177866453
453.23928884404;270.091549202425;192.621177866453
453.23928884404;270.091549202425;192.621177866453
453.23928884404;270.091549202425;192.621177866453
453.23928884404;270.091549202425;192.621177866453
453.23928884404;270.091549202425;192.621177866453
453.23928884404;270.091549202425;192.621177866453
453.23928884404;270.091549202425;192.621177866453
453.23928884404;270.091549202425;192.621177866453
453.23928884404;270.091549202425;192.621177866453
453.23928884404;270.091549202425;192.621177866453
453.23928884404;270.091549202425;192.621177866453
453.23928884404;270.091549202425;192.621177866453
453.216480131846;270.060372033156;192.641515820335
453.114258575701;269.920645654401;192.732664205961
452.94572372176;269.690275801669;192.882942488133
452.843502165614;269.550549422914;192.97409087376
452.843502165614;269.550549422914;192.97409087376
452.94572372176;269.690275801669;192.882942488133
453.114258575701;269.920645654401;192.732664205961
453.216480131846;270.060372033156;192.641515820335
453.23928884404;270.091549202425;192.621177866453
453.23928884404;270.091549202425;192.621177866453
453.216480131846;270.060372033156;192.641515820335
453.114258575701;269.920645654401;192.732664205961
452.94572372176;269.690275801669;192.882942488133
452.843502165614;269.550549422914;192.97409087376
452.820693453421;269.519372253645;192.994428827642
452.820693453421;269.519372253645;192.994428827642
452.820693453421;269.519372253645;192.994428827642
452.81994394276;269.519372253645;192.989632305924
452.816584869025;269.518581045651;192.968135786966
452.811046692707;269.515035097431;192.932694018913
452.807687618972;269.509188817176;192.911197499954
452.807687618972;269.506434076951;192.906400978237
452.811046692707;269.509188817176;192.911197499954
452.816584869025;269.515035097431;192.932694018913
452.81994394276;269.518581045651;192.968135786966
452.820693453421;269.519372253645;192.989632305924
452.797883368249;269.488193207656;193.0099386218
452.695655658839;269.348458418019;193.079448696762
452.527110659879;269.118074698089;193.194051435879
452.447693035642;269.009518954443;193.248051716683
452.527110659879;269.118074698089;193.194051435879
452.695655658839;269.348458418019;193.079448696762
452.775073283076;269.457014161666;193.025448415958
452.694898994279;269.347659106601;193.079448696762
452.522962860031;269.113693121422;193.194051435879
452.415144113739;268.968052174873;193.263561510841
452.388942893278;268.933290863635;193.279071304999
452.387425589801;268.93168804244;193.274216554839
452.384016642682;268.928086961457;193.252459074107
452.378396239057;268.922149782644;193.216587052827
452.352161435891;268.887351458218;193.215104113176
452.226275126567;268.715532412693;193.321389358808
451.955308820673;268.345189158419;193.562068941172
451.684338372374;267.974840242511;193.802752202933
451.559207741268;267.803817926728;193.913896604951
451.536380460425;267.772618735944;193.934172411574
451.536380460425;267.772618735944;193.934172411574
451.536380460425;267.772618735944;193.934172411574
451.536380460425;267.772618735944;193.934172411574
451.536380460425;267.772618735944;193.934172411574
451.536380460425;267.772618735944;193.934172411574
451.536380460425;267.772618735944;193.934172411574
451.513551754652;267.741417597637;193.954449483859
451.411240593501;267.601583797104;194.045325017095
451.242558005881;267.371036835803;194.195153441728
451.140246844729;267.231203035271;194.286028974964
451.140246844729;267.231203035271;194.286028974964
451.242558005881;267.371036835803;194.195153441728
451.411240593501;267.601583797104;194.045325017095
451.513551754652;267.741417597637;193.954449483859
451.536380460425;267.772618735944;193.934172411574
451.536380460425;267.772618735944;193.934172411574
451.536380460425;267.772618735944;193.934172411574
451.536380460425;267.772618735944;193.934172411574
451.536380460425;267.772618735944;193.934172411574
451.536380460425;267.772618735944;193.934172411574
451.536380460425;267.772618735944;193.934172411574
451.536380460425;267.772618735944;193.934172411574
451.536380460425;267.772618735944;193.934172411574
451.536380460425;267.772618735944;193.934172411574
451.536380460425;267.772618735944;193.934172411574
451.513551754652;267.741417597637;193.954449483859
451.411240593501;267.601583797104;194.045325017095
451.265386711653;267.40223797411;194.174876369443
451.242558005881;267.371036835803;194.195153441728
451.286100726577;267.430548858265;194.151497770512
451.219729300108;267.339835697496;194.188132513162
451.139460350891;267.230370509311;194.221934567552
451.113106824279;267.195438248509;194.21989349109
451.107295377187;267.189286667489;194.214913638986
451.103770556348;267.185555544994;194.214913638986
451.10298406251;267.184723019034;194.214913638986
451.10298406251;267.184723019034;194.214913638986
451.10298406251;267.184723019034;194.214913638986
451.080146596579;267.15351160056;194.235158839774
450.97779617512;267.013631727511;194.325891534872
450.809048858197;266.783008805473;194.475484459227
450.706698436739;266.643128932425;194.566217154325
450.683860970808;266.61191751395;194.586462355113
450.683860970808;266.61191751395;194.586462355113
450.683860970808;266.61191751395;194.586462355113
450.683860970808;266.61191751395;194.586462355113
450.683860970808;266.61191751395;194.586462355113
450.661022053653;266.580704112122;194.606708842397
450.558665128259;266.440815350301;194.697447303172
450.389907088159;266.210177773154;194.847049733524
450.264709794248;266.039073625963;194.958035968203
450.139507447144;265.867962572693;195.06902668249
449.970738682846;265.637310339041;195.218638619744
449.868375252898;265.4974126876;195.309382846747
449.822693064361;265.434979933128;195.349879681296
449.696652072633;265.262974869545;195.455707475281
449.421786267445;264.888452384228;195.672902932725
449.144509567147;264.511368064973;195.875063638068
449.015581431459;264.336295102109;195.962886711096
448.991910374855;264.304196580435;195.977964511301
448.991910374855;264.304196580435;195.977964511301
448.991910374855;264.304196580435;195.977964511301
448.991910374855;264.304196580435;195.977964511301
448.991910374855;264.304196580435;195.977964511301
448.991910374855;264.304196580435;195.977964511301
448.991910374855;264.304196580435;195.977964511301
448.991910374855;264.304196580435;195.977964511301
448.991910374855;264.304196580435;195.977964511301
448.991910374855;264.304196580435;195.977964511301
448.991910374855;264.304196580435;195.977964511301
448.991910374855;264.304196580435;195.977964511301
448.991910374855;264.304196580435;195.977964511301
448.991910374855;264.304196580435;195.977964511301
448.991910374855;264.304196580435;195.977964511301
448.991910374855;264.304196580435;195.977964511301
448.991910374855;264.304196580435;195.977964511301
448.991910374855;264.304196580435;195.977964511301
448.991910374855;264.304196580435;195.977964511301
448.991910374855;264.304196580435;195.977964511301
448.991910374855;264.304196580435;195.977964511301
448.941097779855;264.317788504039;195.923822160436
448.71337152821;264.378703279501;195.681172978321
448.337914413226;264.479134765505;195.28111211045
448.11018816158;264.540049540967;195.038462928335
448.059375566581;264.553641464571;194.98432057747
448.059375566581;264.553641464571;194.98432057747
448.059375566581;264.553641464571;194.98432057747
448.059375566581;264.553641464571;194.98432057747
448.11018816158;264.540049540967;195.038462928335
448.337914413226;264.479134765505;195.28111211045
448.71337152821;264.378703279501;195.681172978321
448.941097779855;264.317788504039;195.923822160436
448.991910374855;264.304196580435;195.977964511301
448.991910374855;264.304196580435;195.977964511301
448.991910374855;264.304196580435;195.977964511301
448.991910374855;264.304196580435;195.977964511301
448.941097779855;264.317788504039;195.923822160436
448.71337152821;264.378703279501;195.681172978321
448.337914413226;264.479134765505;195.28111211045
448.11018816158;264.540049540967;195.038462928335
448.059375566581;264.553641464571;194.98432057747
448.036509064642;264.535984870274;194.98432057747
447.906026230332;264.456853504592;194.950355625629
447.611566841315;264.326387938813;194.798135272192
447.302175853237;264.278520121215;194.526929067085
447.15381182789;264.40097702866;194.284011559361
447.125809545394;264.631985139294;194.100512280058
447.125809545394;264.772098641037;194.009815125772
447.125809545394;264.803362189119;193.989577855211
447.125809545394;264.803362189119;193.989577855211
447.15381182789;264.789755235334;194.043780077612
447.302175853237;264.728773099273;194.286697585336
447.611566841315;264.628230554417;194.687200847345
447.905154473112;264.566328450794;194.930118355069
448.031730362616;264.548598488439;194.978896273957
448.048155401549;264.541800796511;194.954586232188
448.044248456743;264.537677787942;194.914505749233
448.043376699523;264.536757820379;194.890195707465
448.043376699523;264.536757820379;194.884771403952
447.661237833401;264.264359702619;194.923596169866
445.94861025375;263.043556035474;195.097596698919
443.124964734391;261.030791062102;195.384475072283
441.41233715474;259.809987394957;195.578621129676
441.077116617519;259.587836345958;195.707731889766
441.338486077265;259.826530128533;195.856588328812
442.011939222231;260.294888931569;195.946874322988
443.061779088942;260.81599104528;195.967794990112
444.286338726824;261.421622148281;195.971268921125
445.607770119896;262.278100893761;195.974027595765
447.355559913479;263.497224400142;195.964195977623
449.484218060503;264.962249268396;195.938200507035
451.78890496744;266.504723966948;195.883834165023
454.189847024996;267.976375964505;195.728384257957
456.568050692168;269.549708174134;195.34801845491
458.756278349992;271.715432611928;194.615284959629
460.545382174403;273.99407852077;193.578433820603
461.973407689532;275.868530682995;192.592980899993
463.178241916642;277.236321530636;191.871472783595
464.048714197971;278.157150865178;191.346323748957
464.417741937314;278.843584711052;190.847691391006
464.484889813965;279.228584958139;190.366063286015
464.462185300951;279.273851249256;190.11587478811
464.287778462635;279.090697273603;190.051909072228
463.794408655672;278.827283655502;189.999965229328
463.155822385466;278.613415306666;189.914324310656
462.807512985851;278.521213472278;189.862380467756
462.734860715359;278.504390124165;189.850790229771
462.734860715359;278.504390124165;189.850790229771
462.734860715359;278.504390124165;189.850790229771
462.734860715359;278.504390124165;189.850790229771
462.712140396447;278.473320275952;189.871211970459
462.610314991504;278.334074876795;189.962735862496
462.442433280478;278.104498025358;190.113633250075
462.317886290881;277.934181047095;190.225580020489
462.193334894363;277.763858042404;190.337530751983
462.025443830696;277.534268401308;190.488436546011
461.873587356226;277.395015244831;190.568384889564
461.603931350999;277.347066539541;190.536906907717
461.109657135667;277.240337585374;190.451336855498
460.615558183619;276.976291706961;190.399435995274
460.295628424397;276.670921106634;190.387855348021
460.170990260317;276.514704134199;190.387855348021
460.14825284675;276.48361321199;190.387855348021
460.14825284675;276.48361321199;190.387855348021
460.14825284675;276.48361321199;190.387855348021
460.14825284675;276.48361321199;190.387855348021
460.14825284675;276.48361321199;190.387855348021
460.14825284675;276.48361321199;190.387855348021
460.14825284675;276.48361321199;190.387855348021
460.102774217117;276.449767753528;190.387855348021
459.798638408123;276.298082932258;190.323739971379
459.013014826093;276.047996940989;190.036394788642
458.067962569115;275.89631211972;189.562642673831
457.572904503107;275.862466661258;189.275297491095
457.472589771469;275.862466661258;189.211182114453
457.472589771469;275.862466661258;189.211182114453
457.427052770526;275.800209037586;189.252095882285
457.222970091107;275.521189726031;189.435458668405
456.886494636567;275.061164652133;189.737772794136
456.682411957148;274.782145340578;189.921135580257
456.61410454973;274.688756299204;189.982507944499
456.5120546679;274.549234964746;190.074197012423
456.321031179768;274.288070017769;190.245826467201
456.116925720727;274.009019562197;190.429209720197
455.925894113309;273.747843514632;190.600846469935
455.778291368662;273.546042870343;190.724366829006
455.550692017455;273.235092352604;190.887461583371
455.210303745476;272.770927559493;191.127187107956
454.997856457736;272.483094843385;191.285699111933
454.92047673335;272.380155899563;191.330783285124
454.711147637038;272.233116379679;191.25240010084
454.087957491056;271.996627456251;190.944652282791
453.219823694256;271.851245990337;190.458878497196
452.645236144414;271.808619422534;190.16700766696
452.39930629021;271.82213094832;190.081464216643
452.39930629021;271.951184797194;189.989955900556
452.545090323837;272.17924290308;189.839084193377
452.647352489018;272.319018115231;189.74757587729
452.670170262312;272.350206180703;189.727157612067
452.670170262312;272.350206180703;189.727157612067
452.670170262312;272.350206180703;189.727157612067
452.670170262312;272.350206180703;189.727157612067
452.670170262312;272.350206180703;189.727157612067
452.670170262312;272.350206180703;189.727157612067
452.670170262312;272.350206180703;189.727157612067
452.670170262312;272.350206180703;189.727157612067
452.670170262312;272.350206180703;189.727157612067
452.670170262312;272.350206180703;189.727157612067
452.670170262312;272.350206180703;189.727157612067
452.670170262312;272.350206180703;189.727157612067
452.670170262312;272.350206180703;189.727157612067
452.642490069949;272.364250832011;189.674102099288
452.518436054369;272.458397033309;189.415897384613
452.313905560167;272.702013388665;188.932322437567
452.189851544588;272.995513736155;188.543612288664
452.162171352225;273.149398026414;188.399011989121
452.212667993332;273.166539630141;188.431650421938
452.438978237873;273.103523329262;188.669470516327
452.812100751824;272.999627013602;189.061569564546
453.066051099633;272.908533856246;189.372805849579
453.313614313171;272.768641278138;189.787443564157
453.845873375832;272.561179810551;190.475773526642
454.611187460972;272.435348069751;191.057041124719
455.46454495725;272.44280379275;191.329047444183
456.558973758256;272.69534853372;191.448539602084
457.683904577677;273.407132947146;191.501276119657
458.695668260935;274.443138641079;191.513043227269
459.71709735284;275.358623277344;191.504163037313
460.941703958526;276.052779511814;191.464364787043
462.122448145891;276.68725783103;191.328645014005
463.210389483432;277.722273524483;190.899180667967
464.513145673131;279.419926379919;189.999023691444
465.918258981452;281.338481115979;188.888184788705
467.186768460373;283.152675064964;187.755952222396
468.335175791148;285.008474133509;186.467756531324
469.376317706919;286.670675601428;185.279739999343
470.356737521857;287.832656073699;184.590174712127
470.969896295097;288.661418533955;184.194166634228
471.162488174218;289.305923041383;183.791773237597
471.116779117913;289.614623398128;183.362470017095
470.818786582211;289.674482728026;182.865615881855
470.133793386617;289.665038839588;182.329537389042
469.133053766208;289.649468499843;181.673507765218
468.152539569877;289.640024611406;181.062894783999
467.665071463187;289.637917395066;180.772877885473
467.566326605478;289.637917395066;180.7180345479
467.566326605478;289.637917395066;180.7180345479
467.520946501813;289.575848669406;180.759407248729
467.317566987203;289.297675940003;180.944826829849
466.982250855442;288.839046644108;181.250532037245
466.729188843951;288.560873914705;181.384856233506
466.388698620241;288.497313000846;181.16679502573
465.696899689653;288.490625477304;180.652824487107
464.938911292697;288.479599614992;180.198905917156
464.541818923099;288.441843834257;180.032093647885
464.367556644245;288.301113377366;180.094455653863
464.19969429394;288.071548282077;180.247460757953
464.097880631869;287.932310013384;180.340263044676
464.075162933146;287.901241756192;180.360970033774
464.029724308281;287.839100828057;180.402386953735
463.826082519856;287.560604509616;180.588004711252
463.444891043077;287.039294891759;180.90503588977
462.964996004486;286.46590371182;181.139948791761
462.258441479243;285.871181536115;181.26263966496
461.495656095214;285.455294721031;181.311934809434
460.973047600349;285.231618376372;181.322934042915
460.485925856685;285.011844976808;181.333945812465
459.890370636666;284.725115885194;181.383297139702
459.373789723175;284.382181533391;181.464663722655
459.031035380722;284.032964586778;181.534749106794
458.780893774882;283.705873006605;181.654733260167
458.484893770667;283.302244384665;181.879864045846
458.164071332312;282.865405892507;182.102119435173
457.759299556282;282.39615306961;182.242941196406
457.050120105798;281.813684758668;182.33839574446
456.156231006978;281.338251762937;182.361089760249
455.393793968147;281.079488107194;182.25769644819
454.850489527661;280.988721109931;182.069511875308
454.578567268439;280.941810834236;181.976130401222
454.404305690611;280.774644069347;182.059162902703
454.138957214829;280.410778561954;182.28187188613
453.871262073686;280.043759068029;182.494492458958
453.74351032426;279.870130533955;182.608287086923
453.691908699278;279.813731470801;182.657558101395
453.56330927168;279.712036404704;182.657558101395
453.261854944919;279.496475968572;182.596927608259
452.833715648201;279.235801818526;182.452981567976
452.384321681692;279.035255363677;182.228811674461
452.007685749049;279.001828735747;181.984578130845
451.649302973211;279.089397186691;181.664151282276
451.253846978659;279.154183842094;181.339075373892
451.027836977247;279.16863969889;181.177381602378
450.977407329437;279.16863969889;181.145909471976
450.977407329437;279.16863969889;181.145909471976
451.026953648669;279.16863969889;181.192349446849
451.322242444556;279.17008721816;181.406121109383
452.038556221221;279.178153712878;181.800586555919
453.00098900574;279.195926833439;182.245900729981
453.992493966393;279.21408269188;182.863263620612
455.008784920892;279.22260753062;183.665848819885
456.052114709604;279.275807512338;184.483497292943
457.550614811551;279.58657747201;185.285008872829
459.560127099361;280.43529039421;185.703150793114
461.849381355778;281.939636675663;185.593008082828
464.330401762951;284.149694734362;184.870114037237
466.946710068518;286.898712367762;183.601411370162
469.657039527807;289.744029367094;182.238947866964
472.57706232211;292.627309694098;180.926398654863
475.797235951658;295.741843251932;179.509722798633
478.612115338786;299.0442572652;177.5982327035
480.369400316271;302.067215461806;175.306949440848
481.0483777381;304.394438712249;173.167020333635
481.14615732859;305.745165133715;171.820660301303
481.041435438317;306.401760918137;170.885021891648
480.779046134532;306.876405231999;169.848465669425
480.20205370707;307.199852461975;169.081843119581
479.347638526762;307.319411217915;168.617894302781
478.645297807832;307.337735956716;168.226441597603
478.355610383855;307.338444401779;168.010968712225
478.306891101472;307.338444401779;167.964094622652
478.306891101472;307.338444401779;167.964094622652
478.306891101472;307.338444401779;167.964094622652
478.306891101472;307.338444401779;167.964094622652
478.306891101472;307.338444401779;167.964094622652
478.306891101472;307.338444401779;167.964094622652
478.306891101472;307.338444401779;167.964094622652
478.306891101472;307.338444401779;167.964094622652
478.306891101472;307.338444401779;167.964094622652
478.306891101472;307.338444401779;167.964094622652
478.306891101472;307.338444401779;167.964094622652
478.306891101472;307.338444401779;167.964094622652
478.306891101472;307.338444401779;167.964094622652
478.306891101472;307.338444401779;167.964094622652
478.306891101472;307.338444401779;167.964094622652
478.284261081777;307.307479906534;167.964094622652
478.160209508241;307.168706666625;167.964094622652
477.842451320443;306.924458395771;167.956626221298
477.304507776154;306.700978729711;167.894672312964
476.574511421364;306.48654545518;167.7118365737
475.866928936574;306.303033075486;167.467904103004
475.40741513827;306.187278155674;167.353791325713
475.155184022012;306.032897589574;167.419454984123
474.965126588182;305.803864334722;167.574676344353
474.863591672355;305.664948643561;167.668822858375
474.840936170326;305.633952363145;167.689829785126
474.840936170326;305.633952363145;167.689829785126
474.840936170326;305.633952363145;167.689829785126
474.840936170326;305.633952363145;167.689829785126
474.818279824605;305.602954928428;167.710837494175
474.716741127618;305.464034064046;167.804987514212
474.526674928638;305.203993690914;167.981223146275
474.323593753292;304.926146788644;168.169526692562
474.133522163624;304.666099040204;168.345767323049
474.009321652022;304.496173258801;168.460930123073
473.862459325549;304.295242560023;168.57609564712
473.593487805092;303.927247330377;168.731334349646
473.252562651994;303.543692142919;168.839059787878
472.805891763102;303.304036163745;168.920878436626
472.228909520306;303.127069268681;169.0211361466
471.782164648436;302.887320533863;169.081945521572
471.41840161702;302.487956691682;169.116535222067
470.998272288742;302.034405979177;169.220381901956
470.439806367748;301.633336332239;169.422852045171
469.746804246925;301.208850029952;169.606001101718
469.119169890984;300.714389255577;169.733464227246
468.656421916453;300.205209154024;169.913264782704
468.269019078598;299.693323460713;170.168530680089
468.062515333689;299.412064680346;170.320956575873
468.016561197136;299.349426635235;170.35496739041
467.993859953834;299.318374375934;170.375941912354
467.869417905005;299.148154326006;170.490918543775
467.599933235137;298.779535403455;170.739905440506
467.307742946798;298.379858236955;171.009870901563
467.081549888458;298.07045643872;171.2188590703
466.868389899583;297.778882133329;171.415805502033
466.664890092621;297.500521662512;171.603826532862
466.102435063828;296.897426248827;171.932022994637
464.333533021165;295.222965420801;172.708238569468
461.516684294254;292.598461722167;173.895990636226
459.645711820678;290.784411521617;174.766479129622
458.937674127766;289.982226838677;175.229129188037
458.638514027239;289.671388093287;175.409610952845
458.115858284703;289.465473922044;175.366783920993
457.187754232683;289.228533460992;175.085638381915
456.39174689146;289.084821806838;174.682201099752
456.027228024796;288.990485238542;174.481876608948
455.773259944731;288.711409725634;174.576340453522
455.435973073816;288.25129199137;174.830049741866
455.227300000642;287.971405825322;175.00433902327
455.171779196935;287.904687839238;175.035302974943
455.161779287254;287.895046525155;174.999784497329
455.157157001547;287.885393367205;174.974869584945
455.156313008807;287.880931361504;174.969310316555
455.156313008807;287.880116634622;174.969310316555
455.156313008807;287.880116634622;174.969310316555
455.156313008807;287.880116634622;174.969310316555
455.206308104243;287.880116634622;175.019565383426
455.525830123073;287.880116634622;175.253101195546
456.422769167566;287.882414012;175.761978652703
457.898534330606;287.922682443893;176.551564581646
459.604448345838;288.07621628756;177.619681253246
461.204434067673;288.397280892332;178.472339950637
462.636914473756;289.013971463855;178.699581807918
464.038410971987;290.311999135306;178.130527333219
465.45583976911;292.510739778966;176.601529952196
467.227887413444;295.506512620909;174.421898159846
469.405131369034;298.719800539483;172.265943502672
472.013910113281;301.588726800003;170.771855517952
474.758117560121;303.986744066689;169.871557350249
477.196660214074;305.805739908214;169.358071981338
479.120114051895;307.006050435144;169.118720467965
480.495699848003;307.827785921341;168.961867482445
481.275206166435;308.443797510524;168.734737372722
481.632919791346;308.852523294765;168.488136407306
481.682704472413;309.01947507072;168.326012570683
481.357894143974;309.049829535015;168.142191755058
480.689145829311;309.034514033347;167.819604694228
480.051533603221;308.98182734778;167.48572331686
479.595995686352;308.924854497538;167.249615403421
479.302722088352;308.889873286241;167.089598987183
479.15273454196;308.778526138176;167.040709540893
478.989328704281;308.680421647551;166.9562535776
478.69310754137;308.710606291624;166.689459699927
478.407770081344;308.749431777266;166.533598097951
478.23476069959;308.664316121222;166.631532822849
478.009341694766;308.395741541241;166.765367119839
477.62593065708;308.029131353346;166.714155303637
477.180220641115;307.744896089651;166.744717007858
476.646524893536;307.542640993191;166.908530239034
476.154853007528;307.271800358371;167.01417015882
475.789884210211;306.910325378376;167.077369818995
475.462381985298;306.477997753295;167.266200633317
475.059804457888;305.92714977521;167.612719784648
474.60855335929;305.325211151955;167.966207263057
473.976377649753;304.581552824613;168.299494829512
473.172292249846;303.85943347092;168.532957169122
472.305652065425;303.317915822498;168.708726892414
471.434840115224;302.853192241129;168.903309514339
470.567224312925;302.311318180902;169.079914615644
469.716559567155;301.526070260792;169.352157917301
468.924907639535;300.564573946913;169.81739169743
468.29315761424;299.716749866584;170.280801156216
467.791581877532;299.062858693171;170.539439273576
467.10593024048;298.368106801809;170.699808406705
466.077231050957;297.68820035782;170.87580129763
464.892829034523;297.117604018172;170.980121104421
464.02231598155;296.653922837997;171.045513667123
463.516002512494;296.203571358591;171.234262993875
463.134839427693;295.712834569094;171.545458023722
462.885769146692;295.402671657828;171.734207350473
462.636687056698;295.168274341506;171.77632301798
462.201540182084;294.797780307997;171.761540052081
461.506963264489;294.398754489499;171.695287395389
460.522480753568;294.087563097417;171.58605523106
459.71473515132;293.788536917362;171.535673260394
459.281099054176;293.470570181703;171.613068830905
458.916579645261;293.003976196196;171.86678704429
458.418204183423;292.323008394132;172.297859979487
457.851629708126;291.549588920038;172.789543900872
457.405320180429;290.941604600643;173.146431162142
457.048547545242;290.455806405365;173.40935808214
456.660096678475;289.927211546161;173.714098471636
456.347595267574;289.50244619936;173.970969902361
456.085646168504;289.160290729533;174.096169549714
455.722868880509;288.78751759321;174.140423230395
455.110602574403;288.317950365075;174.231319014079
454.432832633487;287.921094972504;174.353624653385
453.994570925189;287.687143891402;174.418502823788
453.866046367882;287.617500911019;174.431111783406
453.949345569837;287.681046423696;174.431111783406
454.175111110388;287.815183944814;174.471528253202
454.509089155773;287.907109176483;174.65266230415
455.154028946748;287.945042031795;175.113068458404
456.870807593399;287.991594604454;176.225573243161
460.665858057619;288.24187136803;178.386237322745
465.718057318912;289.071357936237;180.636201696398
470.355700463331;290.895130853164;181.539604466909
474.466571615828;293.982846789952;180.806806401275
478.395284454481;298.167839958859;178.689769106621
482.111373397475;302.848492591739;175.77707914889
485.383420808461;307.564916055366;172.492991523922
488.053892056964;311.675060772142;169.501390519802
489.740514558524;314.850257649241;166.962340045535
490.449481732628;317.209024990567;164.76102271782
490.705393666292;318.634771245149;163.287331191789
490.851881741751;319.443102913404;162.382987426045
490.814256614721;319.912727591025;161.844623912474
490.550796651895;320.118150825699;161.466018270892
490.187306759897;320.224622814183;161.06655876547
489.681719509147;320.340908231232;160.687189383947
488.913333973454;320.414201925847;160.230823101433
488.187698982213;320.438385414453;159.754989518103
487.658808711589;320.429256426149;159.470415030184
487.12753328994;320.333212234439;159.283960670577
486.570565455025;320.070367728257;159.085492240944
485.934729418241;319.709061343106;158.980797265937
485.239438165135;319.384197728112;159.007437585921
484.623815676136;318.99471075022;159.050115272617
483.826993257823;318.440589986555;159.067610656896
482.729036368493;317.921621588593;159.171041807718
481.583258717003;317.338392392221;159.344936691303
480.606336463693;316.456593389958;159.634075496855
479.749043799691;315.38230081986;160.129191524951
478.914875980573;314.363011210672;160.654250861003
478.067726520813;313.566049780107;161.074595912214
477.231844336965;312.942454878424;161.446699536452
476.483318211321;312.281571749216;161.725504100777
475.783908981865;311.532127699992;161.957192386973
474.929959594712;310.753822425311;162.241013795744
473.922895052423;309.990234670236;162.617410508124
472.971995769362;309.12332480595;163.053388205065
472.087012305133;308.371788405932;163.462048811665
471.101341191026;308.094242415629;163.47296471167
469.963411113332;308.312225963723;162.644154191455
469.005498391649;308.773890315164;161.207706211324
468.575568554084;309.05390389881;160.336456470292
469.57364464826;307.153924761672;163.051800590228
474.404722366172;298.358795445244;176.092378395788
482.3698229601;283.858078662691;197.592656406033
487.200900678012;275.062949346264;210.633234211592
488.278859822899;273.100490733363;213.542980425775
519.131888594124;278.794914658888;226.451253015944
657.405570424946;304.315552127783;284.302117200247
NaN;NaN;NaN
NaN;NaN;NaN
NaN;NaN;NaN
NaN;NaN;NaN
NaN;NaN;NaN
NaN;NaN;NaN
NaN;NaN;NaN
NaN;NaN;NaN
NaN;NaN;NaN
NaN;NaN;NaN
NaN;NaN;NaN
NaN;NaN;NaN
NaN;NaN;NaN
NaN;NaN;NaN
NaN;NaN;NaN
NaN;NaN;NaN
NaN;NaN;NaN
NaN;NaN;NaN
NaN;NaN;NaN
NaN;NaN;NaN
NaN;NaN;NaN
NaN;NaN;NaN
NaN;NaN;NaN
NaN;NaN;NaN
NaN;NaN;NaN
NaN;NaN;NaN
NaN;NaN;NaN
NaN;NaN;NaN
NaN;NaN;NaN
NaN;NaN;NaN
NaN;NaN;NaN
NaN;NaN;NaN
NaN;NaN;NaN
NaN;NaN;NaN
NaN;NaN;NaN
NaN;NaN;NaN
NaN;NaN;NaN
NaN;NaN;NaN
NaN;NaN;NaN
NaN;NaN;NaN
NaN;NaN;NaN
NaN;NaN;NaN
NaN;NaN;NaN
NaN;NaN;NaN
NaN;NaN;NaN
NaN;NaN;NaN
NaN;NaN;NaN
NaN;NaN;NaN
NaN;NaN;NaN
NaN;NaN;NaN
NaN;NaN;NaN
NaN;NaN;NaN
NaN;NaN;NaN
NaN;NaN;NaN
NaN;NaN;NaN
NaN;NaN;NaN
NaN;NaN;NaN
NaN;NaN;NaN
NaN;NaN;NaN
NaN;NaN;NaN
NaN;NaN;NaN
NaN;NaN;NaN
NaN;NaN;NaN
NaN;NaN;NaN
NaN;NaN;NaN
NaN;NaN;NaN
NaN;NaN;NaN
NaN;NaN;NaN
NaN;NaN;NaN
NaN;NaN;NaN
NaN;NaN;NaN
NaN;NaN;NaN
NaN;NaN;NaN
NaN;NaN;NaN
NaN;NaN;NaN
NaN;NaN;NaN
NaN;NaN;NaN
NaN;NaN;NaN
NaN;NaN;NaN
NaN;NaN;NaN
NaN;NaN;NaN
NaN;NaN;NaN
NaN;NaN;NaN
NaN;NaN;NaN
NaN;NaN;NaN
NaN;NaN;NaN
NaN;NaN;NaN
NaN;NaN;NaN
NaN;NaN;NaN
NaN;NaN;NaN
NaN;NaN;NaN
NaN;NaN;NaN
NaN;NaN;NaN
NaN;NaN;NaN
NaN;NaN;NaN
NaN;NaN;NaN
NaN;NaN;NaN
NaN;NaN;NaN
NaN;NaN;NaN
NaN;NaN;NaN
NaN;NaN;NaN
NaN;NaN;NaN
NaN;NaN;NaN
NaN;NaN;NaN
NaN;NaN;NaN
NaN;NaN;NaN
NaN;NaN;NaN
NaN;NaN;NaN
NaN;NaN;NaN
NaN;NaN;NaN
NaN;NaN;NaN
NaN;NaN;NaN
NaN;NaN;NaN
NaN;NaN;NaN
NaN;NaN;NaN
NaN;NaN;NaN
NaN;NaN;NaN
NaN;NaN;NaN
NaN;NaN;NaN
NaN;NaN;NaN
NaN;NaN;NaN
NaN;NaN;NaN
NaN;NaN;NaN
NaN;NaN;NaN
NaN;NaN;NaN
NaN;NaN;NaN
NaN;NaN;NaN
NaN;NaN;NaN
NaN;NaN;NaN
NaN;NaN;NaN
NaN;NaN;NaN
NaN;NaN;NaN
NaN;NaN;NaN
NaN;NaN;NaN
NaN;NaN;NaN
NaN;NaN;NaN
NaN;NaN;NaN
NaN;NaN;NaN
NaN;NaN;NaN
NaN;NaN;NaN
NaN;NaN;NaN
NaN;NaN;NaN
NaN;NaN;NaN
NaN;NaN;NaN
NaN;NaN;NaN
NaN;NaN;NaN
NaN;NaN;NaN
NaN;NaN;NaN
NaN;NaN;NaN
NaN;NaN;NaN
NaN;NaN;NaN
NaN;NaN;NaN
NaN;NaN;NaN
NaN;NaN;NaN
NaN;NaN;NaN
NaN;NaN;NaN
NaN;NaN;NaN
NaN;NaN;NaN
NaN;NaN;NaN
NaN;NaN;NaN
NaN;NaN;NaN
NaN;NaN;NaN
NaN;NaN;NaN
NaN;NaN;NaN
NaN;NaN;NaN
NaN;NaN;NaN
NaN;NaN;NaN
NaN;NaN;NaN
NaN;NaN;NaN
NaN;NaN;NaN
NaN;NaN;NaN
NaN;NaN;NaN
NaN;NaN;NaN
NaN;NaN;NaN
NaN;NaN;NaN
NaN;NaN;NaN
NaN;NaN;NaN
NaN;NaN;NaN
NaN;NaN;NaN
NaN;NaN;NaN
NaN;NaN;NaN
NaN;NaN;NaN
NaN;NaN;NaN
NaN;NaN;NaN
NaN;NaN;NaN
NaN;NaN;NaN
NaN;NaN;NaN
NaN;NaN;NaN
NaN;NaN;NaN
NaN;NaN;NaN
NaN;NaN;NaN
NaN;NaN;NaN
NaN;NaN;NaN
NaN;NaN;NaN
NaN;NaN;NaN
NaN;NaN;NaN
NaN;NaN;NaN
NaN;NaN;NaN
NaN;NaN;NaN
NaN;NaN;NaN
NaN;NaN;NaN
NaN;NaN;NaN
NaN;NaN;NaN
NaN;NaN;NaN
NaN;NaN;NaN
NaN;NaN;NaN
NaN;NaN;NaN
NaN;NaN;NaN
NaN;NaN;NaN
NaN;NaN;NaN
NaN;NaN;NaN
NaN;NaN;NaN
NaN;NaN;NaN
NaN;NaN;NaN
NaN;NaN;NaN
NaN;NaN;NaN
NaN;NaN;NaN
NaN;NaN;NaN
NaN;NaN;NaN
NaN;NaN;NaN
NaN;NaN;NaN
NaN;NaN;NaN
NaN;NaN;NaN
NaN;NaN;NaN
NaN;NaN;NaN
NaN;NaN;NaN
NaN;NaN;NaN
NaN;NaN;NaN
NaN;NaN;NaN
NaN;NaN;NaN
NaN;NaN;NaN
NaN;NaN;NaN
NaN;NaN;NaN
NaN;NaN;NaN
NaN;NaN;NaN
NaN;NaN;NaN
NaN;NaN;NaN
NaN;NaN;NaN
NaN;NaN;NaN
NaN;NaN;NaN
NaN;NaN;NaN
NaN;NaN;NaN
NaN;NaN;NaN
NaN;NaN;NaN
NaN;NaN;NaN
NaN;NaN;NaN
NaN;NaN;NaN
NaN;NaN;NaN
NaN;NaN;NaN
NaN;NaN;NaN
NaN;NaN;NaN
NaN;NaN;NaN
NaN;NaN;NaN
NaN;NaN;NaN
NaN;NaN;NaN
NaN;NaN;NaN
NaN;NaN;NaN
NaN;NaN;NaN
NaN;NaN;NaN
NaN;NaN;NaN
NaN;NaN;NaN
NaN;NaN;NaN
NaN;NaN;NaN
NaN;NaN;NaN
NaN;NaN;NaN
NaN;NaN;NaN
NaN;NaN;NaN
NaN;NaN;NaN
NaN;NaN;NaN
NaN;NaN;NaN
NaN;NaN;NaN
NaN;NaN;NaN
NaN;NaN;NaN
NaN;NaN;NaN
NaN;NaN;NaN
NaN;NaN;NaN
NaN;NaN;NaN
NaN;NaN;NaN
NaN;NaN;NaN
NaN;NaN;NaN
NaN;NaN;NaN
NaN;NaN;NaN
NaN;NaN;NaN
NaN;NaN;NaN
NaN;NaN;NaN
NaN;NaN;NaN
NaN;NaN;NaN
NaN;NaN;NaN
NaN;NaN;NaN
NaN;NaN;NaN
NaN;NaN;NaN
NaN;NaN;NaN
NaN;NaN;NaN
NaN;NaN;NaN
NaN;NaN;NaN
NaN;NaN;NaN
NaN;NaN;NaN
NaN;NaN;NaN
NaN;NaN;NaN
NaN;NaN;NaN
NaN;NaN;NaN
NaN;NaN;NaN
NaN;NaN;NaN
NaN;NaN;NaN
NaN;NaN;NaN
NaN;NaN;NaN
NaN;NaN;NaN
NaN;NaN;NaN
NaN;NaN;NaN
NaN;NaN;NaN
NaN;NaN;NaN
NaN;NaN;NaN
NaN;NaN;NaN
NaN;NaN;NaN
NaN;NaN;NaN
NaN;NaN;NaN
NaN;NaN;NaN
NaN;NaN;NaN
NaN;NaN;NaN
NaN;NaN;NaN
NaN;NaN;NaN
NaN;NaN;NaN
NaN;NaN;NaN
NaN;NaN;NaN
NaN;NaN;NaN
NaN;NaN;NaN
NaN;NaN;NaN
NaN;NaN;NaN
NaN;NaN;NaN
NaN;NaN;NaN
NaN;NaN;NaN
NaN;NaN;NaN
NaN;NaN;NaN
NaN;NaN;NaN
NaN;NaN;NaN
NaN;NaN;NaN
NaN;NaN;NaN
NaN;NaN;NaN
NaN;NaN;NaN
NaN;NaN;NaN
NaN;NaN;NaN
NaN;NaN;NaN
NaN;NaN;NaN
NaN;NaN;NaN
NaN;NaN;NaN
NaN;NaN;NaN
NaN;NaN;NaN
NaN;NaN;NaN
NaN;NaN;NaN
NaN;NaN;NaN
NaN;NaN;NaN
NaN;NaN;NaN
NaN;NaN;NaN
NaN;NaN;NaN
NaN;NaN;NaN
NaN;NaN;NaN
NaN;NaN;NaN
NaN;NaN;NaN
NaN;NaN;NaN
NaN;NaN;NaN
NaN;NaN;NaN
NaN;NaN;NaN
NaN;NaN;NaN
NaN;NaN;NaN
NaN;NaN;NaN
NaN;NaN;NaN
NaN;NaN;NaN
NaN;NaN;NaN
NaN;NaN;NaN
NaN;NaN;NaN
NaN;NaN;NaN
NaN;NaN;NaN
NaN;NaN;NaN
NaN;NaN;NaN
NaN;NaN;NaN
NaN;NaN;NaN
NaN;NaN;NaN
NaN;NaN;NaN
NaN;NaN;NaN
NaN;NaN;NaN
NaN;NaN;NaN
NaN;NaN;NaN
NaN;NaN;NaN
NaN;NaN;NaN
NaN;NaN;NaN
NaN;NaN;NaN
NaN;NaN;NaN
NaN;NaN;NaN
NaN;NaN;NaN
NaN;NaN;NaN
NaN;NaN;NaN
NaN;NaN;NaN
NaN;NaN;NaN
NaN;NaN;NaN
NaN;NaN;NaN
NaN;NaN;NaN
NaN;NaN;NaN
NaN;NaN;NaN
NaN;NaN;NaN
NaN;NaN;NaN
NaN;NaN;NaN
NaN;NaN;NaN
NaN;NaN;NaN
NaN;NaN;NaN
NaN;NaN;NaN
NaN;NaN;NaN
NaN;NaN;NaN
NaN;NaN;NaN
NaN;NaN;NaN
NaN;NaN;NaN
NaN;NaN;NaN
NaN;NaN;NaN
NaN;NaN;NaN
NaN;NaN;NaN
NaN;NaN;NaN
NaN;NaN;NaN
NaN;NaN;NaN
NaN;NaN;NaN
NaN;NaN;NaN
NaN;NaN;NaN
NaN;NaN;NaN
NaN;NaN;NaN
NaN;NaN;NaN
NaN;NaN;NaN
NaN;NaN;NaN
NaN;NaN;NaN
NaN;NaN;NaN
NaN;NaN;NaN
NaN;NaN;NaN
NaN;NaN;NaN
NaN;NaN;NaN
NaN;NaN;NaN
NaN;NaN;NaN
NaN;NaN;NaN
NaN;NaN;NaN
NaN;NaN;NaN
NaN;NaN;NaN
NaN;NaN;NaN
NaN;NaN;NaN
NaN;NaN;NaN
NaN;NaN;NaN
NaN;NaN;NaN
NaN;NaN;NaN
