468.211230506463;427.141494497599;50.2368308761481
468.458508921883;427.637426655469;50.215790260101
468.61806621408;428.221429284712;50.1277773832956
468.660729008683;428.538407267358;49.9807784626835
468.683332467013;428.631771955742;49.8671401672245
468.807238851312;428.803244015677;49.7130587136272
469.075564364314;429.174575393864;49.4224693318616
469.343893522624;429.545911816732;49.131876002326
469.467804272324;429.717389917876;48.9976839616716
469.48789523671;429.748236271858;48.9532189512129
469.476629400839;429.746282502033;48.8636536973188
469.458055177608;429.743061280165;48.715985558108
469.446789341738;429.74110751034;48.626420304214
469.444275593976;429.740671565366;48.6064355947689
469.444275593976;429.740671565366;48.6064355947689
469.444275593976;429.740671565366;48.6064355947689
469.491885795846;429.721275821797;48.6397853566382
469.705259917207;429.634350129834;48.7892486199062
470.057054369711;429.491033892524;49.0356718812446
470.318020739485;429.384719770984;49.2184723304321
470.578924600905;429.278431114491;49.4012289940726
470.930586394309;429.13516892068;49.6475593310121
471.143880053858;429.048276007755;49.7969662327833
471.191472302272;429.028887578179;49.8303034187027
471.191472302272;429.028887578179;49.8303034187027
471.191472302272;429.028887578179;49.8303034187027
471.168861802325;428.997608272134;49.8547377957998
471.067528571839;428.857424148106;49.9642450765761
470.877849045994;428.595021991884;50.1692251112055
470.675188082413;428.314661348904;50.3882337319197
470.485516393601;428.052270034411;50.5932052973425
470.38295965335;427.912093515459;50.6928962987779
470.354842352097;427.880815906336;50.6733624634519
470.298139403249;427.899962550389;50.5674084357025
470.079205516644;427.985771855772;50.3734623341141
469.726096756591;428.127247482781;50.1163780740978
469.49005400745;428.201145627177;49.9663988593523
469.318454713634;428.147534035076;49.9573536412203
469.049980808971;427.941398472041;50.082169418829
468.756483186716;427.604632818639;50.3315110777193
468.47510932975;427.262792124874;50.5635988147828
468.064831344749;427.049778529269;50.6974539701336
467.5957979089;426.89912102095;50.7950319129981
467.266676945439;426.705469550547;50.9044805265728
467.054327786812;426.462354678543;51.0271485457368
466.952968654003;426.322128363353;51.0960650336146
466.930352374467;426.290839643187;51.1114423805917
466.930352374467;426.290839643187;51.1114423805917
466.930352374467;426.290839643187;51.1114423805917
466.930352374467;426.290839643187;51.1114423805917
466.930352374467;426.290839643187;51.1114423805917
466.930352374467;426.290839643187;51.1114423805917
466.930352374467;426.290839643187;51.1114423805917
466.930352374467;426.290839643187;51.1114423805917
466.930352374467;426.290839643187;51.1114423805917
466.930352374467;426.290839643187;51.1114423805917
466.930352374467;426.290839643187;51.1114423805917
466.93165247858;426.291088970702;51.1216003819174
466.937479140975;426.292206379098;51.1671253854357
466.947085683201;426.294048674089;51.242183427085
466.952912345595;426.295166082486;51.2877084306033
466.954212449708;426.29541541;51.297866431929
466.954212449708;426.29541541;51.297866431929
466.954212449708;426.29541541;51.297866431929
466.954212449708;426.29541541;51.297866431929
466.954212449708;426.29541541;51.297866431929
466.954212449708;426.29541541;51.297866431929
466.954212449708;426.29541541;51.297866431929
466.954212449708;426.29541541;51.297866431929
466.954212449708;426.29541541;51.297866431929
466.954212449708;426.29541541;51.297866431929
466.954212449708;426.29541541;51.297866431929
466.954212449708;426.29541541;51.297866431929
466.954212449708;426.29541541;51.297866431929
466.954212449708;426.29541541;51.297866431929
466.954212449708;426.29541541;51.297866431929
466.954212449708;426.29541541;51.297866431929
466.954212449708;426.29541541;51.297866431929
466.999434296023;426.357984443533;51.248987562345
467.202104550392;426.638399397259;51.0299276667599
467.536251309708;427.100725496089;50.6687589573514
467.738921564077;427.381140449815;50.4496990617663
467.784143410391;427.443709483347;50.4008201921823
467.784143410391;427.443709483347;50.4008201921823
467.806756174178;427.474996546812;50.3763787679121
467.930713541496;427.646504198632;50.242397153164
468.199149397995;428.017912565947;49.952253289285
468.467588822471;428.389325869922;49.662105568892
468.591550462586;428.56083943359;49.528119335813
468.614164453592;428.592128195038;49.5036765850801
468.614164453592;428.592128195038;49.5036765850801
468.614164453592;428.592128195038;49.5036765850801
468.61543562516;428.592356502988;49.5137239836161
468.621132620887;428.593379708231;49.5587532998204
468.630525378921;428.59506668848;49.6329940912516
468.636222374647;428.596089893723;49.6780234074559
468.637493546216;428.596318201673;49.6880708059919
468.637493546216;428.596318201673;49.6880708059919
468.685086050128;428.576935021119;49.7212712308101
468.898380854738;428.490065632683;49.8700652118486
469.297619275682;428.32746627856;50.1485730458507
469.724129271025;428.153759926336;50.4461054694637
470.123254195133;427.991206796501;50.7245341283253
470.336469385865;427.904369832713;50.8732725708998
470.336469385865;427.904369832713;50.8732725708998
470.123254195133;427.991206796501;50.7245341283253
469.724129271025;428.153759926336;50.4461054694637
469.297619275682;428.32746627856;50.1485730458507
468.898380854738;428.490065632683;49.8700652118486
468.63987111941;428.514369167413;49.7701903009543
468.389639354685;428.253351645238;49.9562299381323
468.055543695102;427.79104904233;50.317695691735
467.852904434289;427.510648339601;50.5369357537313
467.807689503571;427.448082485895;50.5858548238754
467.807689503571;427.448082485895;50.5858548238754
467.830296348708;427.47936455452;50.5613959598357
467.931613199473;427.619561059574;50.4517789361962
468.098656446409;427.850706019533;50.2710510176908
468.199973297173;427.990902524587;50.1614339940512
468.199973297173;428.010280197526;50.1369751300115
468.098656446409;427.956928397494;50.1369751300115
467.883997091417;427.86896614995;50.128232126939
467.521645756184;427.834999260724;50.0558344370923
466.933720517873;427.90997200793;49.8423758726455
466.368350416103;428.053208201353;49.5577703578464
466.107254008509;428.140085344244;49.4001713305032
466.037008680928;428.128177155589;49.382676965958
465.913061070474;427.976019230312;49.4531286878537
465.644652059578;427.691406956892;49.5780325160838
465.37624665679;427.443763302665;49.712159771274
465.204645847662;427.291611357239;49.8689617795974
464.968449470127;427.22335634954;49.9400967264894
464.616305384777;427.2796993738;49.8130666381329
464.402719200375;427.347172413779;49.6886712787948
464.355061680844;427.366551812289;49.6554555661857
464.355061680844;427.366551812289;49.6554555661857
464.355061680844;427.366551812289;49.6554555661857
464.355061680844;427.366551812289;49.6554555661857
464.355061680844;427.366551812289;49.6554555661857
464.355061680844;427.366551812289;49.6554555661857
464.355061680844;427.366551812289;49.6554555661857
464.355061680844;427.366551812289;49.6554555661857
464.355061680844;427.366551812289;49.6554555661857
464.353694036154;427.36630240082;49.6449228874814
464.347564677894;427.365184616167;49.597718696451
464.337459074555;427.363341700834;49.5198921426331
464.331329716295;427.362223916181;49.4726879516028
464.329962071605;427.361974504712;49.4621552728985
464.355029013309;427.342595394738;49.4955096820534
464.467371251971;427.25574424937;49.6449937730105
464.65259229045;427.081256094029;49.9158998489094
464.764934529112;426.854151275338;50.1749544053318
464.767387672074;426.572239825038;50.4134071199166
464.666039657414;426.291740091742;50.6325421030633
464.498945029901;426.029218604944;50.8376319293855
464.397597015241;425.888972544972;50.9471964470669
464.374983216499;425.85767941915;50.9716435954438
464.374983216499;425.85767941915;50.9716435954438
464.374983216499;425.85767941915;50.9716435954438
464.374983216499;425.85767941915;50.9716435954438
464.374983216499;425.85767941915;50.9716435954438
464.374983216499;425.85767941915;50.9716435954438
464.374983216499;425.85767941915;50.9716435954438
464.374983216499;425.85767941915;50.9716435954438
464.374983216499;425.85767941915;50.9716435954438
464.374983216499;425.85767941915;50.9716435954438
464.374983216499;425.85767941915;50.9716435954438
464.374983216499;425.85767941915;50.9716435954438
464.374983216499;425.85767941915;50.9716435954438
464.376338574153;425.857938880577;50.9820721989734
464.382412865735;425.859101706015;51.0288099574312
464.392427679472;425.86101888105;51.1058674939454
464.398501971055;425.862181706488;51.1526052524032
464.399857328708;425.862441167914;51.1630338559328
464.399857328708;425.862441167914;51.1630338559328
464.399857328708;425.862441167914;51.1630338559328
464.352193979974;425.881807814886;51.129829105414
464.138581670895;425.96860310495;50.9810157379302
463.786394513234;426.111704345874;50.7356639735951
463.572782204156;426.198499635937;50.5868506061113
463.525118855421;426.217866282909;50.5536458555924
463.525118855421;426.217866282909;50.5536458555924
463.525118855421;426.217866282909;50.5536458555924
463.525118855421;426.217866282909;50.5536458555924
463.525118855421;426.217866282909;50.5536458555924
463.525118855421;426.217866282909;50.5536458555924
463.525118855421;426.217866282909;50.5536458555924
463.525118855421;426.217866282909;50.5536458555924
463.525118855421;426.217866282909;50.5536458555924
463.523738933325;426.217866282909;50.5430786301221
463.517554551547;426.217866282909;50.4957196112276
463.507358229763;426.217606423038;50.4176377894169
463.501173847985;426.216441811895;50.3702787705225
463.499793925888;426.214521692731;50.3597115450521
463.522410696997;426.244656637798;50.3352588786027
463.623772032879;426.384671656903;50.2256696306355
463.790888623376;426.615945833615;50.044987506472
463.892249959259;426.756220712591;49.9353982585048
463.916240507154;426.787774895239;49.9214955519412
463.923765591031;426.789169652611;49.9792846584185
463.940048546559;426.792187661797;50.1043301019151
463.956315414685;426.795202689218;50.2292520017301
463.96382123325;426.796593875808;50.2868931596746
463.965189476714;426.777220853403;50.3007958662382
463.965189476714;426.689260430478;50.3160122762338
463.96382123325;426.544238210221;50.3410998950573
463.957689191472;426.475396183264;50.3424135984893
463.947579163759;426.541706892697;50.2835012304342
463.941447121981;426.684114949545;50.1807733517087
463.940078878516;426.771679104828;50.1289732102189
463.918842615917;426.760903147589;50.1866488234978
463.823668289929;426.622066269279;50.3740327494629
463.666752354248;426.392743146827;50.6020606640843
463.57157802826;426.253651642079;50.7223117967117
463.5026852601;426.241990337232;50.7137199635944
463.289103619999;426.328819499499;50.5654703729554
462.936967026933;426.471976586246;50.3210481194963
462.723385386832;426.558805748513;50.1727985288573
462.698336244619;426.609475387229;50.1152270063518
462.799655417843;426.749731790993;50.0054589338152
462.966702493867;426.980975507231;49.8244819777804
463.068021667091;427.121231910995;49.7147139052438
463.090629030439;427.152527344828;49.6902213376395
463.113237648539;427.152527344828;49.6902213376395
463.214562445174;427.183824515619;49.6657274106502
463.381618792635;427.324088703886;49.5559532457725
463.48294358927;427.555345254598;49.3749662451654
463.50555220737;427.695609442865;49.2651920802877
463.50555220737;427.726906613656;49.2406981532984
463.50555220737;427.726906613656;49.2406981532984
463.50555220737;427.726906613656;49.2406981532984
463.50555220737;427.726906613656;49.2406981532984
463.50555220737;427.726906613656;49.2406981532984
463.50555220737;427.726906613656;49.2406981532984
463.50555220737;427.726906613656;49.2406981532984
463.50555220737;427.726906613656;49.2406981532984
463.553202997972;427.707519761591;49.2737880003938
463.766759025408;427.620633918585;49.4220864064608
464.118853390327;427.477383381098;49.6665891429542
464.332409417762;427.390497538092;49.8148875490212
464.380060208364;427.371110686027;49.8479773961166
464.380060208364;427.371110686027;49.8479773961166
464.380060208364;427.371110686027;49.8479773961166
464.380060208364;427.371110686027;49.8479773961166
464.332409417762;427.390497538092;49.8148875490212
464.118853390327;427.477383381098;49.6665891429542
463.766759025408;427.620633918585;49.4220864064608
463.553202997972;427.707519761591;49.2737880003938
463.50555220737;427.726906613656;49.2406981532984
463.50555220737;427.726906613656;49.2406981532984
463.50555220737;427.726906613656;49.2406981532984
463.50555220737;427.726906613656;49.2406981532984
463.50555220737;427.726906613656;49.2406981532984
463.50555220737;427.726906613656;49.2406981532984
463.50555220737;427.726906613656;49.2406981532984
463.50555220737;427.726906613656;49.2406981532984
463.50555220737;427.726906613656;49.2406981532984
463.50555220737;427.726906613656;49.2406981532984
463.50555220737;427.726906613656;49.2406981532984
463.50555220737;427.726906613656;49.2406981532984
463.50555220737;427.726906613656;49.2406981532984
463.50555220737;427.726906613656;49.2406981532984
463.50555220737;427.726906613656;49.2406981532984
463.50555220737;427.726906613656;49.2406981532984
463.50555220737;427.726906613656;49.2406981532984
463.50555220737;427.726906613656;49.2406981532984
463.50555220737;427.726906613656;49.2406981532984
463.50555220737;427.726906613656;49.2406981532984
463.50555220737;427.726906613656;49.2406981532984
463.50555220737;427.726906613656;49.2406981532984
463.50555220737;427.726906613656;49.2406981532984
463.50555220737;427.726906613656;49.2406981532984
463.50555220737;427.726906613656;49.2406981532984
463.50555220737;427.726906613656;49.2406981532984
463.50555220737;427.726906613656;49.2406981532984
463.50555220737;427.726906613656;49.2406981532984
463.50555220737;427.726906613656;49.2406981532984
463.50555220737;427.726906613656;49.2406981532984
463.50555220737;427.726906613656;49.2406981532984
463.50555220737;427.726906613656;49.2406981532984
463.48294358927;427.695609442865;49.2651920802877
463.381618792635;427.555345254599;49.3749662451654
463.214562445174;427.324088703886;49.5559532457725
463.113237648539;427.183824515619;49.6657274106502
463.090629030439;427.152527344828;49.6902213376395
463.113237648539;427.183824515619;49.6657274106502
463.214562445174;427.324088703886;49.5559532457725
463.381618792635;427.555345254598;49.3749662451654
463.48294358927;427.695609442865;49.2651920802877
463.50555220737;427.726906613656;49.2406981532984
463.50555220737;427.726906613656;49.2406981532984
463.50555220737;427.726906613656;49.2406981532984
463.48294358927;427.695609442865;49.2651920802877
463.381618792635;427.555345254599;49.3749662451654
463.214562445174;427.324088703886;49.5559532457725
463.113237648539;427.183824515619;49.6657274106502
463.090629030439;427.171915041533;49.6678653903819
463.090629030439;427.258804669956;49.5676729859002
463.090629030439;427.402061448538;49.4024836374687
463.090629030439;427.469563380255;49.3246471802446
463.090629030439;427.402061448538;49.4024836374687
463.090629030439;427.258804669956;49.5676729859002
463.090629030439;427.171915041533;49.6678653903819
463.090629030439;427.152527344828;49.6902213376395
463.090629030439;427.15278019173;49.6902213376395
463.04295775579;427.173048222731;49.6571246994927
462.829309925228;427.260672969899;49.5087958580451
462.47706420254;427.403194629735;49.2642429420923
462.263416371977;427.489203923862;49.1159141006447
462.238356573671;427.520248247751;49.0828174624979
462.339694180058;427.573622807596;49.0828174624979
462.554440063638;427.661622579726;49.0914201736554
462.869412690836;427.71499713957;49.1299748502253
463.244248770154;427.726906613656;49.193540765571
463.410215374557;427.746300636827;49.1989933552659
463.244248770154;427.833218618499;49.0592428054706
462.892024167178;427.976522143689;48.8146496285598
462.726057562775;428.044046102192;48.6993984544819
462.892024167178;427.976522143689;48.8146496285598
463.244248770154;427.833218618499;49.0592428054705
463.457883790963;427.746300636826;49.2075960664234
463.50555220737;427.726906613656;49.2406981532984
463.50555220737;427.726906613656;49.2406981532984
463.48294358927;427.695609442865;49.2651920802877
463.381618792635;427.555345254599;49.3749662451654
463.214562445174;427.324088703886;49.5559532457725
463.135846266639;427.21512168641;49.6412334836609
463.214562445174;427.324088703886;49.5559532457725
463.381618792635;427.555345254598;49.3749662451654
463.48294358927;427.695609442865;49.2651920802877
463.50555220737;427.726906613656;49.2406981532984
463.50555220737;427.726906613656;49.2406981532984
463.50555220737;427.726906613656;49.2406981532984
463.50555220737;427.726906613656;49.2406981532984
463.50555220737;427.726906613656;49.2406981532984
463.50555220737;427.726906613656;49.2406981532984
463.50555220737;427.726906613656;49.2406981532984
463.50555220737;427.726906613656;49.2406981532984
463.50555220737;427.726906613656;49.2406981532984
463.50555220737;427.726906613656;49.2406981532984
463.50555220737;427.726906613656;49.2406981532984
463.50555220737;427.726906613656;49.2406981532984
463.50555220737;427.726906613656;49.2406981532984
463.530906497395;427.726906613656;49.2406981532984
463.644536541885;427.726906613656;49.2406981532984
463.856885196689;427.719909416776;49.2946422914171
464.082577113249;427.688550155998;49.5364031456325
464.292690195389;427.636847475718;49.9349994084001
464.404752067459;427.60548821494;50.1767602626155
464.382154420277;427.605982459974;50.1978893216768
464.168816919818;427.639556773321;50.050822340523
463.817082844973;427.694911457886;49.8083498804772
463.603745344514;427.728485771233;49.6612828993235
463.508524035939;427.755371509759;49.5956408515665
463.295109238499;427.842290716911;49.448520584733
462.943247722476;427.985596262575;49.2059602714535
462.729832925035;428.072515469727;49.0588400046199
462.682213647104;428.091909766339;49.0260130359203
462.682213647104;428.091909766339;49.0260130359203
462.682213647104;428.091415247863;49.0260130359203
462.682213647104;428.089198969816;49.0260130359203
462.679407865785;428.085544945056;49.0046088586837
462.666833226315;428.083328667008;48.9086819915026
462.64610115075;428.082834148533;48.7505253251497
462.540613044517;428.039617432568;48.6704924176314
462.12139799472;427.845933548974;48.7203200256995
461.434855176463;427.5266028103;48.8377613852813
461.018445907985;427.332918926706;48.9089931705861
460.925532441222;427.289702210742;48.9248871302488
460.995834431643;427.30161542945;48.9334925463035
461.381185986482;427.366916245613;48.9806620565393
462.215623964764;427.508318246811;49.0828026350923
463.049997697003;427.649709361017;49.1849353495162
463.435272314621;427.71499713957;49.2320954421409
463.50555220737;427.726906613656;49.2406981532984
463.50555220737;427.726906613656;49.2406981532984
463.50555220737;427.726906613656;49.2406981532984
463.50555220737;427.726906613656;49.2406981532984
463.553202997972;427.707519761591;49.2737880003938
463.766759025408;427.620633918585;49.4220864064608
464.118853390327;427.477383381098;49.6665891429542
464.332409417762;427.390497538092;49.8148875490212
464.380060208364;427.371110686027;49.8479773961166
464.380060208364;427.371110686027;49.8479773961166
464.380060208364;427.371110686027;49.8479773961166
464.380060208364;427.371110686027;49.8479773961166
464.380060208364;427.371110686027;49.8479773961166
464.427693382936;427.351731001092;49.88105501022
464.641170460802;427.26487727893;50.02929859182
464.993134659886;427.121679699762;50.2737109380487
465.206611737751;427.0348259776;50.4219545196486
465.206611737751;427.015446292665;50.446443000264
464.993134659885;427.015446292665;50.4079491745874
464.61992744388;427.00378771218;50.3444835854037
464.309883025753;426.951537579446;50.305989759727
464.099176614769;426.86539167421;50.297400626239
463.971614242476;426.832522335072;50.2854793948713
463.821777844777;426.907974277033;50.2214918454099
463.553073407279;427.071696758174;50.0721094896669
463.256384537959;427.24730758881;49.8697589836121
462.994065244307;427.411076617002;49.6701322228244
462.689307995583;427.498219790502;49.5356912962877
462.414987514109;427.517607869532;49.4845544104893
462.290064081459;427.548900824424;49.4517274417897
462.242427546865;427.708547443215;49.3089374558034
462.130217593549;428.026723548053;48.980485122096
461.945214656732;428.310326319867;48.627885786646
461.833004703415;428.428569980404;48.4561787938899
461.807967278561;428.447971305279;48.423339929085
461.807967278561;428.447971305279;48.423339929085
461.807967278561;428.447971305279;48.423339929085
461.807967278561;428.447971305279;48.423339929085
461.807967278561;428.447971305279;48.423339929085
461.807967278561;428.447971305279;48.423339929085
461.807967278561;428.447971305279;48.423339929085
461.807967278561;428.447971305279;48.423339929085
461.807967278561;428.447971305279;48.423339929085
461.807967278561;428.447971305279;48.423339929085
461.807967278561;428.447971305279;48.423339929085
461.807967278561;428.447971305279;48.423339929085
461.807967278561;428.447971305279;48.423339929085
461.807967278561;428.447971305279;48.423339929085
461.807967278561;428.447971305279;48.423339929085
461.807967278561;428.447971305279;48.423339929085
461.807967278561;428.447971305279;48.423339929085
461.807967278561;428.447971305279;48.423339929085
461.807967278561;428.447971305279;48.423339929085
461.807967278561;428.447971305279;48.423339929085
461.807967278561;428.447971305279;48.423339929085
461.807967278561;428.447971305279;48.423339929085
461.807967278561;428.447971305279;48.423339929085
461.807967278561;428.447971305279;48.423339929085
461.807967278561;428.447971305279;48.423339929085
461.807967278561;428.447971305279;48.423339929085
461.807967278561;428.447971305279;48.423339929085
461.807967278561;428.447971305279;48.423339929085
461.807967278561;428.447971305279;48.423339929085
461.807967278561;428.447971305279;48.423339929085
461.807967278561;428.447971305279;48.423339929085
461.807967278561;428.447971305279;48.423339929085
461.807967278561;428.447971305279;48.423339929085
461.807967278561;428.447971305279;48.423339929085
461.807967278561;428.447971305279;48.423339929085
461.807967278561;428.447971305279;48.423339929085
461.807967278561;428.447971305279;48.423339929085
461.807967278561;428.447971305279;48.423339929085
461.807967278561;428.447971305279;48.423339929085
461.807967278561;428.447971305279;48.423339929085
461.807967278561;428.447971305279;48.423339929085
461.807967278561;428.447971305279;48.423339929085
461.760313477922;428.447971305279;48.4150333278321
461.546743960436;428.447971305279;48.3778057237855
461.194627354183;428.447971305279;48.3164277811366
460.981057836697;428.447971305279;48.27920017709
460.981057836697;428.447971305279;48.27920017709
461.194627354183;428.447971305279;48.3164277811366
461.546743960436;428.447971305279;48.3778057237855
461.758888705624;428.447724481147;48.4042153497752
461.800157119831;428.446618292129;48.3640391370073
461.788198870978;428.444546673804;48.2732428224461
461.775402309927;428.442329828285;48.1760813904632
461.763407297665;428.440251841155;48.0850059395437
461.756996123046;428.439141184655;48.0363273215815
461.756996123046;428.438893363692;48.0363273215815
461.763407297665;428.439141184655;48.0850059395437
461.821638778371;428.440251841155;48.1737219071908
462.043052880852;428.42292850341;48.2848266752887
462.402929650019;428.338194643283;48.478750362612
462.648084161416;428.19690878371;48.7456890203669
462.823473719113;428.111064267082;48.9512453623585
463.099943610319;428.072515469727;49.0853464615487
463.390150098727;427.985596262575;49.2672712668701
463.529730518303;427.842290716911;49.4857075832307
463.55614331387;427.755371509759;49.6039383924967
463.531124427049;427.755371509759;49.5956408515665
463.41899755543;427.873585446113;49.4239857824111
463.211531206066;428.157144237599;49.0714681137228
462.973083009573;428.494709500006;48.7102145745144
462.668876654063;428.741335627363;48.4202325716135
462.382615538304;428.916033799622;48.153009825269
462.247823236272;429.003012384545;48.0058121464767
462.200186701678;428.991118980219;47.9975080839936
462.09888647616;428.850837855119;48.1074895367164
461.931870639622;428.619553380289;48.2888182972029
461.830570414104;428.479272255189;48.3987997499256
461.807967278561;428.447971305279;48.423339929085
461.807967278561;428.447971305279;48.423339929085
461.807967278561;428.447971305279;48.423339929085
461.807967278561;428.447971305279;48.423339929085
461.807967278561;428.447971305279;48.423339929085
461.807967278561;428.447971305279;48.423339929085
461.783934424797;428.435822082054;48.423339929085
461.651156032243;428.381373041113;48.4040608332674
461.361217228535;428.291601749145;48.3176579202556
461.068261273461;428.249055107296;48.1752035997225
460.931869720673;428.290248735995;48.0888006867107
460.954477802141;428.378196230601;48.0779827086538
461.168158892777;428.431539082524;48.1159028076448
461.520459452056;428.443441481617;48.1784224814384
461.734140542693;428.443441481617;48.2163425804294
461.781819238667;428.443441481617;48.2248036981902
461.82807476424;428.424040219455;48.2470563638153
462.035377647643;428.337089794875;48.3467858921335
462.377162320986;428.193485023317;48.5112120867887
462.584465204388;428.105424228642;48.6109416151069
462.632126445131;428.084440032743;48.6439179163997
462.637020708271;428.084440032743;48.6812542814983
462.641107638206;428.08602296648;48.7124318262653
462.590765182698;428.106534598737;48.6590016158732
462.378568036155;428.193732780374;48.5219357224564
462.035377647643;428.337089794875;48.3467858921335
461.82807476424;428.424040219455;48.2470563638153
461.781819238667;428.443441481617;48.2248036981902
461.781819238667;428.443441481617;48.2356216762471
461.781819238667;428.443441481617;48.2841044902679
461.783244010965;428.443688305749;48.3640391370073
461.767027543612;428.413495319842;48.4370607385864
461.69886263875;428.306345121957;48.5333151450842
461.616934286915;428.185153946851;48.629197194511
461.582776462613;428.136125790011;48.6678291486417
461.494462724346;428.013828425887;48.7637111980685
461.438371950836;427.936153605565;48.8246088389512
461.494462724346;428.013828425887;48.7637111980685
461.560174608828;428.104826615086;48.6923679362
461.494462724346;428.013828425887;48.7637111980685
461.415770097051;427.90485443064;48.8491476265095
461.393168243265;427.873555255715;48.8736864140678
461.393168243265;427.873555255715;48.8736864140678
461.393168243265;427.873555255715;48.8736864140678
461.393168243265;427.873555255715;48.8736864140678
461.393168243265;427.873555255715;48.8736864140678
461.393168243265;427.873555255715;48.8736864140678
461.393168243265;427.873555255715;48.8736864140678
461.393168243265;427.873555255715;48.8736864140678
461.393168243265;427.873555255715;48.8736864140678
461.393168243265;427.873555255715;48.8736864140678
461.393168243265;427.873555255715;48.8736864140678
461.415770097051;427.90485443064;48.8491476265095
461.517064578132;428.045127600812;48.7391724105103
461.684070943695;428.276398960183;48.5578539326425
461.785365424776;428.416672130354;48.4478787166433
461.737708879586;428.436074264827;48.423339929085
461.400229264498;428.370854750419;48.423339929085
460.779784977432;428.229611711486;48.4150333278321
460.250214940685;428.088358096153;48.3694965825983
459.864983962255;428.023125916078;48.2708796527071
459.490095826684;428.011225237833;48.1722553382948
459.276424282845;428.011225237833;48.1267097497996
459.228747717049;428.011225237833;48.1184006086125
459.228747717049;428.011225237833;48.1184006086125
459.228747717049;428.011225237833;48.1184006086125
459.228747717049;428.011225237833;48.1184006086125
459.228747717049;428.011225237833;48.1184006086125
459.228747717049;428.011225237833;48.1184006086125
459.228747717049;428.011225237833;48.1184006086125
459.228747717049;428.011225237833;48.1184006086125
459.228747717049;428.011225237833;48.1184006086125
459.228747717049;428.011225237833;48.1184006086125
459.228747717049;428.011225237833;48.1184006086125
459.228747717049;428.011225237833;48.1184006086125
459.228747717049;428.011225237833;48.1184006086125
459.228747717049;428.011225237833;48.1184006086125
459.228747717049;428.011225237833;48.1184006086125
459.251353778016;428.042535084005;48.0938524542308
459.352667114376;428.182856079388;47.9838352590412
459.519704567038;428.414206289202;47.8024475691894
459.621017903397;428.554527284585;47.6924303739998
459.643623964364;428.585837130757;47.6678822196181
459.643623964364;428.585837130757;47.6678822196181
459.668694469193;428.566427962831;47.700739515187
459.781052676673;428.448138485166;47.8725384717038
459.966300043282;428.164429954373;48.2253159542939
460.078658250761;427.846139880261;48.5539200712632
460.10372875559;427.686437612184;48.6967704492045
460.149950804255;427.63573807762;48.7433013856289
460.357103654563;427.548811627842;48.8418454924619
460.698640965153;427.405236669026;49.0043172574997
460.905793815462;427.317156309442;49.1028613643327
460.952015864126;427.29585792114;49.1248495266721
460.952015864126;427.294704011335;49.1248495266721
460.952015864126;427.294446539255;49.1248495266721
460.95057281725;427.294188027035;49.1139538387316
460.944105529836;427.293029455645;49.0651227531748
460.933442775513;427.291119294351;48.984613903746
460.926975488098;427.289960722961;48.9357828181893
460.925532441222;427.289702210742;48.9248871302488
460.925532441222;427.289702210742;48.9248871302488
460.925532441222;427.289702210742;48.9248871302488
460.925532441222;427.289702210742;48.9248871302488
460.925532441222;427.289702210742;48.9248871302488
460.925532441222;427.289702210742;48.9248871302488
460.925532441222;427.289702210742;48.9248871302488
460.925532441222;427.289702210742;48.9248871302488
460.925532441222;427.289702210742;48.9248871302488
460.925532441222;427.289702210742;48.9248871302488
460.925532441222;427.289702210742;48.9248871302488
460.925532441222;427.289702210742;48.9248871302488
460.973224210444;427.270313669823;48.9579905620821
461.186963891309;427.183420257899;49.10634985072
461.539361049543;427.040157241376;49.3509529656034
461.753100730408;426.953263829451;49.4993122542414
461.803255669274;426.851908260247;49.6144879335534
461.81429482975;426.48455752545;49.9823102280565
461.832495328437;425.878898555183;50.5887466688415
461.843534488913;425.530916541728;50.9320791141709
461.848803465705;425.535754100192;50.9043954722736
461.86137822093;425.679407575849;50.7234386028748
461.834480237574;425.768618413231;50.626632400963
461.633591022999;425.791954371173;50.6601790245621
461.284454242608;425.794360621805;50.755864991699
461.070990272808;425.814273977679;50.7810841014482
460.99831052376;425.932407047302;50.6307140663568
460.886046456617;426.215830023825;50.3154308711402
460.700954301182;426.533901262255;50.0483368705535
460.56609222487;426.662233169609;49.9589681540892
460.439765474887;426.55327771104;50.0155195075299
460.272787517416;426.322045691357;50.1355362909365
460.171510266714;426.181796381911;50.2083301497526
460.148912257546;426.150502531034;50.2245726551281
460.148912257546;426.150502531034;50.2245726551281
460.148912257546;426.150502531034;50.2245726551281
460.148912257546;426.150502531034;50.2245726551281
460.148912257546;426.150502531034;50.2136869981443
460.148912257546;426.150502531034;50.1649008682165
460.170066772294;426.181533558523;50.059948421151
460.264874729827;426.320604975261;49.9012815071904
460.421186626043;426.549894978183;49.7092330643305
460.515994583576;426.68896639492;49.5993522802977
460.537149098324;426.719997422409;49.5748345633593
460.537149098324;426.719997422409;49.5748345633593
460.514544822399;426.688698202004;49.5993522802978
460.413239486046;426.548424828003;49.7092330643305
460.246215223165;426.317153132576;49.8903958502066
460.144909886812;426.176879758575;50.0002766342394
460.122305610888;426.14558053817;50.0247943511779
460.122305610888;426.14558053817;50.0247943511779
460.122305610888;426.14558053817;50.0247943511779
460.122305610888;426.14558053817;50.0247943511779
460.122305610888;426.14558053817;50.0247943511779
460.122305610888;426.14558053817;50.0247943511779
460.122305610888;426.14558053817;50.0247943511779
460.120849991215;426.145311261483;50.0138647051733
460.114326356439;426.144104447102;49.9648814301316
460.103570701021;426.142114746563;49.884121662662
460.097047066245;426.140907932181;49.8351383876204
460.095591446573;426.140638655495;49.8242087416157
460.118202015436;426.171943267284;49.7997079959538
460.242147378975;426.343547153587;49.6654011659769
460.510557306064;426.715164011981;49.374552961475
460.778970882843;427.086785923416;49.0837008021791
460.902920617033;427.258395860941;48.9493892361772
460.902920617033;427.258395860941;48.9493892361772
460.801581451707;427.118090535205;49.0592000565172
460.634501414278;426.886766160271;49.2402474917647
460.533162248951;426.746460834535;49.3500583121046
460.510550424762;426.715154484734;49.3745604180331
460.510550424762;426.715154484734;49.3745604180331
460.510550424762;426.715154484734;49.3745604180331
460.510550424762;426.715154484734;49.3745604180331
460.510550424762;426.715154484734;49.3745604180331
460.510550424762;426.715154484734;49.3745604180331
460.487939855899;426.683849872946;49.399061163695
460.386606316549;426.543552336444;49.5088658877434
460.219535554787;426.312240803786;49.6899032719054
460.118202015436;426.171943267283;49.7997079959538
460.095591446573;426.140638655495;49.8242087416157
460.095591446573;426.140638655495;49.8242087416157
460.097047066245;426.140907932182;49.8351383876204
460.103570701021;426.142114746563;49.884121662662
460.114326356439;426.144104447102;49.9648814301317
460.120849991215;426.145311261483;50.0138647051733
460.122305610888;426.14558053817;50.0247943511779
460.122305610888;426.14558053817;50.0247943511779
460.167515431144;426.208180735293;49.9757575415233
460.370131788459;426.488735354539;49.7559898076501
460.704189686555;426.951291722885;49.3936540701998
460.90680604387;427.231846342132;49.1738863363266
460.952015864126;427.294446539255;49.1248495266721
460.952015864126;427.294446539255;49.1248495266721
460.974622676972;427.325749272433;49.1003290580625
461.075939383021;427.466038389587;48.9904359418955
461.24298239136;427.697336041087;48.8092528237675
461.344299097408;427.837625158242;48.6993597076005
461.366905910254;427.868927891419;48.674839238991
461.389513991721;427.900232381205;48.6503173943721
461.490836383335;428.04052937093;48.5404181113594
461.657888765587;428.271840002106;48.3592248258217
461.7592111572;428.412136991831;48.249325542809
461.781819238667;428.443441481617;48.2248036981902
461.781819238667;428.443441481617;48.2248036981902
461.781819238667;428.443441481617;48.2248036981902
461.781819238667;428.443441481617;48.2248036981902
461.829480479409;428.443441481617;48.2332621929747
462.043083341122;428.443441481617;48.2711705366021
462.417861471222;428.455340190924;48.3336708290776
462.732779854322;428.508666506376;48.371579172705
462.947482150229;428.596586736951;48.3800376674896
463.048797671617;428.649913052403;48.3800376674896
463.117670245812;428.642411328499;48.4024386387176
463.326395155703;428.555464619017;48.5028328266353
463.674419595187;428.412113729676;48.66835485971
463.914534269884;428.356462474642;48.7548039494276
464.068271126367;428.477318537583;48.7147073264672
464.236675821708;428.708562406142;48.6116662135611
464.337984472262;428.848818902294;48.5491686193727
464.360589487684;428.880114356742;48.5352235211725
464.430813727294;428.892005691624;48.5436767736625
464.745536934424;428.945298957194;48.5815616229556
465.264427780402;429.033164697725;48.6440231798225
465.579150987532;429.086457963296;48.6819080291157
465.648036729983;429.098117298046;48.6799646649323
465.571783403675;429.085180990944;48.633370261619
465.247033908097;429.030150070006;48.5565490777807
464.699308884635;428.909905362711;48.5258431368509
464.281775077632;428.716076944408;48.5866536683862
464.044445586761;428.472898166888;48.7040544082636
463.990757474438;428.313225231008;48.8083568504952
464.181689564996;428.195010397975;48.972568130381
464.558788971192;428.032327120671;49.2501941732049
464.884491655979;427.827244615867;49.5712693681824
465.117059286333;427.52439185095;49.9585486841006
465.229218752643;427.206333855906;50.2877332346875
465.254244912323;427.046732553896;50.4305477387664
465.254244912323;427.015446292665;50.455032133752
465.254244912323;427.015446292665;50.455032133752
465.254244912323;427.015446292665;50.455032133752
465.254244912323;427.015446292665;50.455032133752
465.254244912323;427.015446292665;50.455032133752
465.347064335354;427.039257392273;50.455032133752
465.810644387759;427.145971337142;50.4722023069277
466.70978601722;427.321912887928;50.549153684385
467.477435680287;427.428626832797;50.6760250572086
467.783548808933;427.452437932405;50.7529764346659
467.853742018635;427.483715026382;50.7556546751431
467.956299309057;427.624120653724;50.680722043658
468.151573003493;427.887539887845;50.514383239646
468.363494109235;428.169583914591;50.3106284157236
468.558738394561;428.432982694679;50.1441703830578
468.661275055569;428.573373974265;50.0691541170348
468.683871403533;428.604647866825;50.0546435229485
468.683871403533;428.604647866825;50.0546435229485
468.683871403533;428.635923512694;50.030147260502
468.683871403533;428.776091232953;49.9203626288314
468.682778344404;429.026806682892;49.7164619948963
468.655283774097;429.25489594666;49.5040629228983
468.545939663118;429.431129711465;49.3020901309694
468.326525288373;429.519051254974;49.1623049243582
467.988445948865;429.526790326577;49.0781243148341
467.513198082266;429.47355289569;49.0307527950192
467.131800714747;429.385553285311;48.9767422703759
466.977132263891;429.331303325779;48.9013683302833
466.944905447355;429.317755071784;48.8556517246738
466.93906483988;429.316742543139;48.8454509711427
466.937761624199;429.316516617461;48.8454509711427
466.937761624199;429.316516617461;48.8454509711427
466.937761624199;429.316516617461;48.8454509711427
466.937761624199;429.316516617461;48.8454509711427
466.937761624199;429.316516617461;48.8454509711427
466.937761624199;429.316516617461;48.8454509711427
466.985341939295;429.297118673607;48.8784006535213
467.198582117427;429.210183120648;49.0260708849089
467.55015573488;429.066850625307;49.2695379364469
467.763395913012;428.979915072348;49.4172081678345
467.810976228108;428.960517128494;49.4501578502132
467.833576643449;428.960517128494;49.4501578502132
467.959827172384;428.991799039658;49.4341015810831
468.28389354454;429.143875125111;49.3621423752128
468.77218749568;429.428262669909;49.2435017018716
469.241865830034;429.656458367105;49.1814351413928
469.474961678426;429.741951163602;49.2097146329909
469.599460907084;429.767297611582;49.2828119447561
469.94183407661;429.852739522092;49.3109242532605
470.562366830289;430.08081716077;49.2481084301376
471.043510541425;430.365076776323;49.1282324315377
471.167361955765;430.536499034632;49.022713457265
470.977024452626;430.654753450006;48.8594435199923
470.625961581833;430.798166748984;48.6170048523103
470.411798428756;430.884945219494;48.4699583672613
470.266003522622;430.879684256874;48.4272897818713
469.793603461486;430.771738342686;48.3831089341308
468.889463036103;430.575942214606;48.3178659351853
468.120981630706;430.370441845714;48.307741014607
467.839980718456;430.130626289803;48.3869867560401
467.904327360935;429.868892960601;48.5687371478923
468.08885447957;429.652863654538;48.8198430578732
468.225738329089;429.534623444423;49.0004805565645
468.362585497803;429.428287402401;49.1810760815508
468.547034770166;429.253685398683;49.4489902703013
468.658908909015;429.026585848044;49.7064153373989
468.683871403533;428.776091232953;49.9203626288314
468.683871403533;428.635923512694;50.030147260502
468.683871403533;428.604647866825;50.0546435229485
468.754011732467;428.616533493971;50.0546435229485
469.090954959343;428.681683126003;50.0546435229485
469.710494395241;428.822757882679;50.0630782455591
470.239327781843;428.963821939121;50.1093121604915
470.623717918707;429.028958757193;50.2094268978403
470.997460630298;429.040840703952;50.3095340416894
471.23303637531;429.072107331076;50.3312706587945
471.381820641395;429.212234632123;50.2299542520021
471.571368835834;429.474533873498;50.0245199598217
471.773897986113;429.754796329343;49.8050167735395
471.963454271411;430.017106766954;49.5995737124018
472.064721684271;430.157241921751;49.4898190437094
472.08731749832;430.188510301283;49.465329466907
472.08731749832;430.188510301283;49.465329466907
472.088504206895;430.188716183945;49.465329466907
472.093822665742;430.189638886019;49.465329466907
472.124001693915;430.222224413983;49.4408385174927
472.249048545201;430.393835774852;49.3161354714353
472.514984304753;430.764608506903;49.0682040624881
472.786604599528;431.136350229808;48.8480342979016
472.914561583059;431.30844584694;48.7565769386785
472.938335345565;431.339914198602;48.7416347129333
472.798146021478;431.316192331428;48.7250436249362
472.169861059938;431.209878298589;48.6506875271946
471.133994279786;431.034596091273;48.5280950472418
470.505709318246;430.928282058434;48.4537389495002
470.364287235703;430.904354098931;48.4272897818713
470.358762395607;430.903430457185;48.3831089341308
470.349653474222;430.901907629393;48.3102670307036
470.344128634126;430.900983987648;48.2660861829632
470.34289587567;430.900777895317;48.2562281033314
470.34289587567;430.900777895317;48.2562281033314
470.390430187429;430.88136908415;48.2891752993635
470.603464192905;430.794384827272;48.4368343877193
471.001023357334;430.631570319663;48.7035949686588
471.422865166946;430.457633617334;48.9557307496305
471.818040713385;430.294864459813;49.1609308910711
472.055872116788;430.231449880706;49.265407583687
472.273616800941;430.31753756596;49.2887194848422
472.794775780019;430.498990475685;49.2814353983955
473.621736556731;430.65009788369;49.2487903877798
474.330980216367;430.794339084067;49.1949678643954
474.737862157013;431.000238898548;49.1378561636033
475.053640365393;431.288773239711;49.0209199792054
475.321923091552;431.584858701016;48.8401342329365
475.468414452054;431.748713030301;48.7304821349853
475.639783636891;431.844976092765;48.7060154448089
476.042151191251;431.993275057744;48.690146212019
476.595515475045;432.179730131918;48.6190252448699
476.997872771802;432.35367921208;48.5017665935385
477.146633960989;432.486987001789;48.4306456263894
477.121764258124;432.547666099604;48.4147763935995
476.863812442986;432.516396925487;48.4306456263894
476.310456470153;432.323136929027;48.5017665935385
475.741084275607;431.973237621437;48.6434919350464
475.389727998686;431.639846677949;48.8242650001466
475.177524057561;431.36568767094;49.0209199792054
475.076234297798;431.225556723911;49.1305720771566
475.053633497481;431.194289283259;49.155038767333
475.053633497481;431.163023575928;49.1795041011907
475.031033950046;431.022900397103;49.2891501205428
474.929749805313;430.791876331657;49.4699258448964
474.810242064188;430.651753152833;49.5881584430794
474.944352299617;430.63235414209;49.6425195746043
475.373868168958;430.685536986493;49.6674839107857
475.776232011803;430.804481802239;49.6266448974677
476.048861080228;431.029030168286;49.5011411209346
476.339717800884;431.411997526101;49.2656218420403
476.63058192109;431.814367819873;48.9892568959151
476.855750609238;432.125857566817;48.7541085013445
477.067947481675;432.419402600283;48.5244149347797
477.270529456213;432.699646751916;48.3051290625662
477.460135137786;432.961939996408;48.0998894436158
477.58403188592;433.13333401678;47.9657767885245
477.707932996295;433.304734071709;47.8316594115034
477.874947487878;433.535775528437;47.6508737392214
477.976246897639;433.675909255607;47.5412216861457
477.906175046352;433.66406087573;47.5326187931205
477.468232080146;433.439555486241;47.6281847577044
476.659549703922;432.949550026433;47.8795354740839
475.975897569876;432.385114337342;48.2410960051713
475.614913934027;431.970801729389;48.5474198179929
475.491015252371;431.799392105786;48.6815473982009
475.468413199067;431.768310732836;48.7060154448089
475.423207671641;431.788564963978;48.6917409070704
475.219468894726;431.8769537164;48.6183881007523
474.880326157139;432.021235912462;48.4708800250703
474.669293258552;432.108424792692;48.3376057531178
474.618971171673;432.128024483099;48.2812984998335
474.617829512943;432.128863122313;48.2719197332823
474.571505338489;432.149665467982;48.2484902834012
474.363894792144;432.237537000219;48.1434867739449
474.021602868364;432.381217107897;47.9703652544063
473.81399232202;432.46825000092;47.8653617449501
473.718998251777;432.506909309295;47.7994602770918
473.500874911766;432.593135416084;47.6091138983281
473.141250321454;432.735298232436;47.2952857748598
472.901715847142;432.809861964782;47.1062825709796
472.709584946376;432.776834473727;47.0698302451968
472.338483384437;432.690660534727;47.0797550397609
471.891523313416;432.638393398655;47.0857747319553
471.682124916509;432.607303508584;47.119944517036
471.746243922715;432.488960256708;47.2915796499877
471.930277430027;432.20524367788;47.6440125225277
472.041899394626;431.887081626882;47.9722847756366
472.136888116465;431.73934321936;48.1149865940882
472.450976068339;431.761197060054;48.1395030669023
472.991414822108;431.880062714198;48.1232888269847
473.406767733545;432.073337403921;48.050621645162
473.666404467965;432.347525754071;47.9062998333959
473.868940123492;432.627825056189;47.7237690482082
474.08110036735;432.92144431121;47.5019050764459
474.283647496162;433.201759491787;47.2821716460496
474.541022727463;433.47560957317;47.0661308682865
474.946166981627;433.667266799098;46.909731367686
475.469758148789;433.814723762388;46.7840240777094
475.773625970104;434.00640976503;46.6277936118893
475.818825464118;434.268649063191;46.4223704268988
475.717527721112;434.496744467461;46.2491417732907
475.550515977544;434.673124772032;46.1199244816458
475.449218234538;434.761785710931;46.0563966202887
475.426615652918;434.782646203996;46.0422216384102
475.426615652918;434.783402075411;46.0422216384102
475.426615652918;434.783570733121;46.0422216384102
475.426615652918;434.783570733121;46.0422216384102
475.426615652918;434.783570733121;46.0422216384102
475.404015265766;434.752292918211;46.0667396882405
475.302727357681;434.612115476982;46.1766219641913
475.113132722295;434.369165023133;46.3577872098242
474.910562643987;434.1759381653;46.4676694857749
474.673498661623;434.057196648834;46.4838733661727
474.359436978357;434.004147232229;46.4466118438977
473.986023762371;433.992310307406;46.3851779795443
473.773244249328;433.992310307406;46.3479164572693
473.678272002257;434.011756465283;46.3067595681989
473.465415433619;434.098908098503;46.1595687105577
473.114474281296;434.242596849969;45.9168920127121
472.902811289965;434.329925191558;45.7697011550709
472.861854644179;434.350339307246;45.7368584354331
472.898595321902;434.383712915539;45.7316881475442
473.013985022259;434.525988570706;45.7085165248219
473.187449679324;434.758077083343;45.670312977563
473.289894622404;434.898436275341;45.6471413548408
473.312487914666;434.929715372117;45.6419710669519
473.287621499073;434.968639583594;45.5848148872587
473.176177956093;435.143085796741;45.3286586614259
472.922360894637;435.430698978948;44.8982980909591
472.49685079241;435.605145192095;44.6061523229304
471.954176160171;435.644069403571;44.4896594194964
471.640109600924;435.644069403571;44.4536698773006
471.570031879262;435.644069403571;44.4456395249868
471.570031879262;435.644069403571;44.4456395249868
471.592631747541;435.675362534174;44.4210655290934
471.693917330202;435.815608615575;44.3109325202836
471.860909024749;436.046835313113;44.1293538860526
471.962194607409;436.187081394514;44.0192208772427
471.984794475689;436.218374525117;43.9946468813494
471.889788217586;436.257338598901;43.9294034699399
471.46399970903;436.431963462518;43.6370027861145
470.761993138155;436.719871189556;43.1549155591243
470.3362046296;436.894496053172;42.8625148752989
470.241198371497;436.933460126957;42.7972714638894
470.241198371497;436.933460126957;42.7972714638894
470.241198371497;436.933460126957;42.7972714638894
470.241198371497;436.933460126957;42.7972714638894
470.241198371497;436.933460126957;42.7972714638894
470.218593232444;436.902154762563;42.8218560695973
470.117284027816;436.761853853116;42.932036628297
469.927649556748;436.499233207232;43.138276841591
469.725037012106;436.218639510112;43.3586315808309
469.535410901577;435.956030442556;43.5648627014775
469.434107561562;435.815737654882;43.6750368820177
469.411503731081;435.784434102701;43.6996200645659
469.40893652384;435.784084896946;43.67913660271
469.397431099206;435.782519865331;43.5873360955881
469.378461860884;435.779939564417;43.4359826468351
469.366956436251;435.778374532801;43.3441821397132
469.411952816449;435.758550972303;43.3565890193318
469.672664383024;435.671272969498;43.5123335803714
470.23720238561;435.52737586981;43.7927406875136
470.824300387009;435.451931476899;44.0017717470426
471.186283377584;435.485491682275;44.0720406173918
471.423508372814;435.584760883864;44.0803808945257
471.626176950431;435.710286489842;44.0725222341268
471.863387417877;435.896803132687;44.0373021617095
472.270432786625;436.093706287277;43.9792340791595
473.059750323903;436.208802438747;43.9602103959757
474.052815076418;436.30761436962;44.0254132178601
474.964031855989;436.460100154871;44.1472149191459
475.882257394346;436.611960637057;44.2233067414472
476.576129759178;436.76816546404;44.2416288033198
476.939418530739;436.950443169738;44.2421031049962
477.063333623822;437.056359095231;44.2421031049962
477.085939133222;437.079992132649;44.2421031049962
477.085939133222;437.079992132649;44.2421031049962
477.085939133222;437.079992132649;44.2421031049962
477.085939133222;437.079992132649;44.2421031049962
477.085939133222;437.079992132649;44.2421031049962
477.085939133222;437.079992132649;44.2421031049962
477.108545923456;437.111278809108;44.2175781087766
477.209862528164;437.251495965039;44.1076647012693
477.37690536942;437.48267497254;43.9264481283769
477.457841333526;437.59190462956;43.8596987777459
477.389108429525;437.48431497083;44.0286216634602
477.238514732781;437.255346603008;44.3475633011763
477.147175038546;437.11647026782;44.5410111831101
477.079377570514;437.10495816497;44.5515843783515
476.819436447049;437.211723138644;44.3729198483238
476.256487995284;437.442941561614;43.9859902266335
475.646040171134;437.681865039427;43.5664130079382
475.103309807965;437.823095714589;43.2415424768406
474.391219187781;437.899362699841;42.9679534696626
473.66079193911;437.93380435002;42.8137418421215
473.29929870528;437.94148932094;42.7450687449958
473.206622501611;437.972789696563;42.6610376391715
473.105319332403;438.113068247888;42.5148200229317
472.936023379195;438.344348479281;42.3171013273025
472.824523187118;438.484627030607;42.1708555999234
472.762499608919;438.504123962094;42.086778146666
472.650981736764;438.451224595517;42.0506909262102
472.481656634037;438.364008284636;42.0426387789306
472.380335784751;438.311108918059;42.0426387789306
472.357728047424;438.299305473923;42.0426387789306
472.287615333849;438.287498523724;42.0345842398628
471.973391951726;438.234583444062;41.9984863001561
471.45532517787;438.147341226682;41.9389708591332
471.141101795748;438.094426147021;41.9028729194265
471.070989082173;438.082619196821;41.8948183803587
471.070989082173;438.082619196821;41.8948183803587
471.070989082173;438.082619196821;41.8948183803587
471.070989082173;438.082619196821;41.8948183803587
471.070989082173;438.082619196821;41.8948183803587
471.070989082173;438.082619196821;41.8948183803587
471.070989082173;438.082619196821;41.8948183803587
471.070989082173;438.082619196821;41.8948183803587
471.070989082173;438.082619196821;41.8948183803587
471.070989082173;438.082619196821;41.8948183803587
471.070989082173;438.082619196821;41.8948183803587
471.070989082173;438.082619196821;41.8948183803587
471.070989082173;438.082619196821;41.8948183803587
471.070989082173;438.082619196821;41.8948183803587
471.070989082173;438.082619196821;41.8948183803587
471.025774877896;438.070808738996;41.8948183803587
470.798219534283;438.006063972233;41.8948183803587
470.329839431311;437.865849309967;41.8867614484369
469.79420085366;437.706125114322;41.8671886832579
469.257162892972;437.553978191576;41.8817643171256
468.756991390278;437.386264298014;41.9678403354618
468.419966233357;437.245908518;42.0338921593629
468.136521528771;437.127432972056;42.0529593591376
467.726714897315;437.022254086232;42.0643038641465
467.19551717539;436.924351053372;42.0830077908603
466.839483007749;436.891638099897;42.0618256020719
466.557502406072;436.967381137127;41.9185823752053
466.206076158162;437.111468399121;41.6782408100236
465.991554639255;437.198691095447;41.5217406124032
465.937851105562;437.217426404673;41.4411448026817
465.927722742226;437.216165493664;41.3618922287937
465.92157957933;437.215400712478;41.3138231128695
465.944187884516;437.24672366999;41.2892018094034
466.074264069843;437.419192997983;41.202303154429
466.352775791998;437.792288970326;40.9892760519583
466.627306160143;438.164894141929;40.7450613026155
466.752614513749;438.336775716277;40.6208141848649
466.775224141929;438.367940018996;40.5961914406078
466.775224141929;438.367220762789;40.5961914406078
466.775224141929;438.366195397533;40.5961914406078
466.775224141929;438.366195397533;40.5961914406078
466.775224141929;438.367220762789;40.5961914406078
466.775224141929;438.367940018996;40.5961914406078
466.775224141929;438.368100506749;40.5961914406078
466.775224141929;438.368100506749;40.5961914406078
466.775224141929;438.368100506749;40.5961914406078
466.775224141929;438.368100506749;40.5961914406078
466.775224141929;438.368100506749;40.5961914406078
466.775224141929;438.368100506749;40.5961914406078
466.775224141929;438.368100506749;40.5961914406078
466.775224141929;438.368100506749;40.5961914406078
466.775224141929;438.368100506749;40.5961914406078
466.773865545464;438.367940018996;40.5854995402524
466.767776738535;438.367220762789;40.5375817672888
466.757737993037;438.366034909781;40.4585787157591
466.751649186108;438.365315653573;40.4106609427954
466.750290589643;438.365155165821;40.3999690424401
466.750290589643;438.365155165821;40.3999690424401
466.750290589643;438.365155165821;40.3999690424401
466.750290589643;438.365155165821;40.3999690424401
466.750290589643;438.365155165821;40.3999690424401
466.750290589643;438.365155165821;40.3999690424401
466.750290589643;438.365155165821;40.3999690424401
466.750290589643;438.365155165821;40.3999690424401
466.750290589643;438.365155165821;40.3999690424401
466.750290589643;438.365155165821;40.3999690424401
466.750290589643;438.365155165821;40.3999690424401
466.750290589643;438.365155165821;40.3999690424401
466.750290589643;438.365155165821;40.3999690424401
466.750290589643;438.365155165821;40.3999690424401
466.751649186108;438.365315653573;40.4106609427954
466.757737993037;438.366034909781;40.4585787157591
466.767776738535;438.367220762789;40.5375817672888
466.773865545464;438.367940018996;40.5854995402524
466.775224141929;438.368100506749;40.5961914406078
466.773865545464;438.367940018996;40.5854995402524
466.767776738535;438.367220762789;40.5375817672888
466.758167177974;438.366085608371;40.4619563210281
466.752227816428;438.36538400579;40.4152146553077
