377.450512826722;254.61877161531;181.773275204216
377.851706100556;254.980540866865;181.938240449699
378.750690909649;255.457774097984;182.038763873884
380.002472208714;255.917465987692;181.985413150609
380.904279325095;256.380927613046;181.872133172038
381.425320276612;256.903547440124;181.814079799943
381.65321137261;257.202481180143;181.803264697721
381.704060749357;257.269182313427;181.803264697721
381.704060749357;257.331400668252;181.757250842626
381.655211543311;257.645175606223;181.498937584563
381.436284590482;258.261463167307;180.925471908044
381.072537090362;258.798418167022;180.321430020794
380.838259699697;259.014958429929;179.981157511304
380.756139056122;259.039892569348;179.820405065441
380.697341802904;258.990029584183;179.740601303574
380.542193926769;258.797022798958;179.724250600077
380.185529850521;258.331493342003;179.785056109621
379.60814324195;257.572788166118;179.991275861444
378.856867801401;256.558220930576;180.457676735412
378.122384551738;255.349060859816;181.389312060899
377.531350696714;253.749003927193;183.005617637181
376.950328557018;251.648429172705;185.092776509257
376.259944815669;249.594087300895;186.937384789715
375.655967198024;247.905172541212;188.496753518304
375.231639936765;246.367926778283;190.113632714127
375.094351558387;245.082267591439;191.505600074232
375.108338905738;244.368492009799;192.37475138598
375.114192004628;244.153799351764;192.805306813351
375.262224806655;244.210956834161;192.921957002661
375.496075914088;244.568481923629;192.787204007906
375.737926698144;245.246785107875;192.482697184912
375.950068394892;245.926155984615;192.195522123126
376.141501147514;246.371832193529;191.980986440885
376.146046944752;246.587160495368;191.767343193519
375.735415000131;246.780981394974;191.416052886167
375.021164641839;247.031608085333;190.93402223047
374.58047574052;247.255687685723;190.552083723284
374.445706846174;247.645225424311;190.0149584971
374.369824839356;248.342117439311;189.079669075314
374.302273610874;249.081688677585;188.154865847609
374.274144433532;249.784737560491;187.452820892051
374.310157299413;250.529331294558;186.767657910168
374.536238106871;251.403384245376;185.922228915284
375.033710331405;252.011832790905;185.315709744231
375.546875577596;252.21795730181;185.132599186631
375.854853574399;252.242793902321;185.235873996799
376.194712269166;252.242793902321;185.484594171161
376.840189602861;252.276921196008;185.693936496706
377.695619652214;252.487508733544;185.722523922857
378.522615859398;253.029084777126;185.471800592046
379.197679986778;253.778332370367;184.972507302636
379.734375943477;254.469279208387;184.53900738308
380.344823159327;255.060788007963;184.263912287607
381.294289837763;255.625038970672;183.97241640634
382.50016945528;256.221806791603;183.591878769134
383.581620435776;256.975510179389;183.068540490048
384.536185675321;258.054249585093;182.318554046206
385.479905573834;259.304744541568;181.429996553795
386.300533536881;260.247404202508;180.809315323875
387.008431551505;260.699583113437;180.56881313645
387.790540969887;260.973335431727;180.518278353202
388.678284009168;261.306814419517;180.531720222667
389.631530683894;261.709188441927;180.517629519753
390.614169321215;262.150942210564;180.433998120505
391.598013299748;262.711809960977;180.295853111636
392.596284138293;263.373948353124;180.079316401924
393.357514893204;264.040818339905;179.722124959781
393.968627793701;264.795796822445;179.19059489223
394.674603846983;265.765631098979;178.473394042756
395.481936408883;266.874703832329;177.6852058056
396.410867234261;267.981878259758;177.031311953781
397.659560297899;268.937715298353;176.676286662622
399.183762919745;269.608479197795;176.571807070741
400.56111565619;269.994291145881;176.575976131611
401.773629246914;270.196622283859;176.605872583071
402.798468335689;270.499419668642;176.578205985325
403.842340286747;271.135340053703;176.354091550911
404.724380736979;271.956093238458;175.890141613905
405.357885518713;272.656060734018;175.408780145937
405.998687884835;273.168173416552;175.049209994615
406.748885584182;273.591813090788;174.766957380794
407.363252974395;274.069751480857;174.444294596098
407.877947721126;274.60345150808;174.092513982568
408.613563530028;275.126599293072;173.739168401229
409.686273354008;275.61769364366;173.396388576533
410.719880935551;276.131854918011;173.185912054613
411.592985366184;276.704787626484;173.100313704615
412.601129575009;277.196455185693;173.086236540583
413.899453201252;277.609226740829;173.226314951242
415.132248028067;278.085412193099;173.533729186712
416.276293650877;278.545836316948;173.804921228901
417.267376668372;278.899517761987;173.959812486399
417.729530193832;279.032861883438;174.063889512718
417.70933588262;278.902621046344;174.155834239992
417.37869286079;278.52784154706;174.254358851364
416.709789595333;278.074128315812;174.346432047733
415.661974949289;277.647513256793;174.419564084164
414.364244492425;277.048802659951;174.429322329099
412.614782960946;276.047347525702;174.422238571392
410.09923975267;274.768819285638;174.586534271849
407.11773554956;273.130484785117;175.203827767798
403.76379414888;270.516427803853;176.616656753119
399.864009482688;266.770765795267;178.977787630314
395.253228411872;262.039043859351;182.240099294101
389.943527207152;256.553484297802;186.061877936694
384.33457165082;250.621146862332;190.102711266211
378.916487010311;244.564771613606;194.16716865405
373.537296324349;238.903049486183;197.73727909952
368.004579415372;233.858085503503;200.61901625462
362.749162634063;229.669015607188;202.704168224903
358.400268298192;226.919164103832;203.771581869228
355.239779260275;225.880339845719;203.972634398756
353.200792304173;225.946993619158;203.440805574482
352.303115774963;226.646829958772;202.232705001649
352.123547368636;227.692672707358;200.970303679014
352.263793749116;228.625562283523;200.178771495764
352.679011098193;229.181298066608;199.792584460116
353.276006740137;229.528398849524;199.559136758824
353.81525452645;229.897542131073;199.337784671423
354.258264602376;230.381798319499;199.076792550477
354.665132738522;230.936803019633;198.728954742266
355.028258673757;231.552048546182;198.259720408755
355.308981496939;232.305414835967;197.571838894905
355.571453228097;233.116688366904;196.735313739579
355.972676217049;233.681364220549;196.122814454331
356.524524024971;234.028932354914;195.779927182048
357.026198751729;234.374281532791;195.521534954532
357.511278699111;234.848469264545;195.155694779644
358.247596379276;235.479194407146;194.698839264769
359.361617002563;236.304702034486;194.240585896465
360.690908975119;237.285433375372;193.767103805098
362.34370065831;238.376711950575;193.335877464965
364.289597040082;239.576913610114;192.905436461804
366.144927055721;240.655821004249;192.542934230902
367.629805974345;241.438636310101;192.353880916627
369.027100670594;242.064311179918;192.262080154836
370.6352236987;242.588377882652;192.17549074064
372.096477439924;243.132748675613;192.122658571348
373.209491895609;243.639984873236;192.128867590381
374.3415768015;244.015860592875;192.122020328654
375.591736537061;244.350567688576;192.072285650105
376.776835413092;244.816950980148;191.998331151528
377.866154264914;245.406879799229;191.860700243655
379.024001980381;245.920764322252;191.667554940976
380.201170635534;246.450928854191;191.553979011037
381.331357438177;247.075436611608;191.590881957306
382.537776029268;247.560603445795;191.6665816852
383.759843133744;247.861188586126;191.716255953068
384.7553141681;248.061322273211;191.764624047761
385.493486985503;248.236737147674;191.821530288175
386.254242922548;248.499348457413;191.855154400194
387.046218229787;248.842769696657;191.820163648806
387.777791806305;249.139191635613;191.775955823291
388.275425423879;249.414495895651;191.760559035062
388.694717602212;249.766830153032;191.736553423224
389.244319902765;250.146019207242;191.627567258333
389.940533993711;250.571116436202;191.429784439335
390.542501048811;251.029034921033;191.256993103096
390.918663529295;251.421385276421;191.080119191221
391.252425678099;251.864815527558;190.768623455195
391.634225688139;252.394424750432;190.322621602876
392.052250336469;252.978431388146;189.787743353312
392.570425822345;253.700599310107;189.144421802793
393.234558961911;254.622440760167;188.361908013286
393.907804515763;255.552098583405;187.62288450809
394.444617465293;256.29027590084;187.068258109072
394.88237954683;256.891269991892;186.626937204368
395.274905930324;257.430160971744;186.231219745067
395.660950803254;257.859687362811;185.937703616533
396.259866824182;258.179688299825;185.806743208748
397.251281938367;258.549327622415;185.751323045297
398.268488334216;259.039124998571;185.657910725301
399.043820602796;259.650824173821;185.485155142066
399.636645754342;260.256123660956;185.278206713707
400.34579924088;260.751930888193;185.12665331908
401.371396025988;261.160421679034;184.972599423265
402.475483990812;261.676809097927;184.745534715422
403.3286880546;262.386675680897;184.45158765888
403.966245535579;263.093629538972;184.105287672231
404.726440785255;263.760246743357;183.773775001269
405.673477235392;264.438809084029;183.480414359191
406.411009818641;265.074308891861;183.138052531889
406.897680256053;265.658279279078;182.736979873041
407.312304558038;266.227457550316;182.319038539928
407.726934274568;266.796643254407;181.901091748952
408.141569405749;267.365836391496;181.500049159369
408.605571761674;267.918736253266;181.163740189002
409.241435247334;268.414879722018;180.913925165379
410.020786752831;268.863594436404;180.69090084658
410.679169055868;269.390643699037;180.418394367535
411.22172096291;270.051361547622;180.002919606644
411.724525613368;270.741577764413;179.522453667844
412.153832849711;271.329969263261;179.12438259685
412.56516768547;271.889519484067;178.765831970044
412.889938213045;272.324313726316;178.516487662623
413.123020944975;272.633271094808;178.408711646684
413.232159725231;272.779157709664;178.372079814282
413.174901633963;272.805678748963;178.305521857671
412.782253396181;272.779058363143;178.138271265579
411.963478773264;272.653620313132;177.878498066538
410.938841085506;272.325650813586;177.536376106408
409.653244055346;271.862478720145;177.108775971007
407.928215811562;271.343994937456;176.780964289031
405.934546050165;270.483950348673;176.704450538973
403.71733952937;269.091475828981;176.972970149216
401.214021947356;267.20934811056;177.753295892707
398.2916791967;264.7344871809;179.186761317586
394.790747023337;261.369582272078;181.427087934816
390.912174334517;257.191919304581;184.362588986784
386.918958524651;252.623894798999;187.538361125467
382.854061151336;248.129103914407;190.505849800169
378.957852166658;243.7840066576;193.36557673183
375.505980226315;239.677799483923;196.172230579029
372.334248171806;236.255878286917;198.406979713876
369.383499820511;234.02466475909;199.632882910008
367.156667750515;233.146401012263;199.931540723213
365.719158963032;233.069222199731;199.534934773773
365.137539756831;233.404810116962;198.749225546792
365.273576177152;234.018032556165;198.213182673201
365.985934835204;234.527104278347;198.057495174561
366.887824848873;234.726728423974;198.044759355109
367.427330243928;234.75737254323;198.097366904851
367.816982986507;234.75737254323;198.349458295767
368.45834212168;234.759434668134;198.811322780648
369.169418715214;234.768676470781;199.167688104729
369.637512229048;234.799175011901;199.293440003081
369.890629682447;234.876813594737;199.309760713301
370.130700111456;234.991642945987;199.326071553114
370.506916398941;235.04421610316;199.438347110899
371.124447268352;234.988560929354;199.734440986162
371.719245876886;234.871639291201;200.097010661428
371.993879600928;234.800722732878;200.2888936661
372.09403766888;234.769085282005;200.367220306194
372.36843938884;234.682408580742;200.581810755071
372.962591939774;234.494730518195;201.04645602998
373.55665441816;234.307080907334;201.511030865431
373.830948272618;234.220438278109;201.725536960222
373.880980821007;234.204634236317;201.764663927132
373.926212735585;234.266747327753;201.731235798852
374.131709363025;234.547531272487;201.569129637013
374.478395216116;235.04834641014;201.256452289577
374.719526701417;235.514730801071;200.945484317154
374.862031392461;235.972071269365;200.637198475343
375.03594260955;236.445208502844;200.210728354575
375.231144419438;236.902899668007;199.696289364381
375.402322952012;237.373738962728;199.282137308156
375.489938114893;237.76066649437;199.05014016646
375.520238815427;237.941599830539;198.924677868497
375.563333693816;238.02132283226;198.812507143224
375.677069595367;238.171153363131;198.709846521381
375.869476683385;238.433996283506;198.596374072792
376.094700131094;238.743336150085;198.423344261022
376.408253879931;239.173995905175;198.117921274896
376.800517159693;239.712761614784;197.720421039138
377.210722103867;240.282583877628;197.300007342087
377.58673737455;240.852415330607;196.879586864573
377.882067487796;241.438256284915;196.420219947318
378.104651098556;242.079824131752;195.825263166322
378.314957775344;242.767962944124;195.117055018402
378.537571914151;243.409663064129;194.521998048139
378.833030032663;243.995707269368;194.062477374444
379.209222461451;244.565769954561;193.641882277008
379.64222374274;245.166905807586;193.202424801741
380.155976735035;245.857913098726;192.716166823915
380.753483201231;246.560542095225;192.256816693886
381.375021438498;247.053569361124;191.986024464648
382.013899542851;247.381515165264;191.87979717391
382.592370972902;247.652989990372;191.859923607759
383.136625518314;247.866596501911;191.846832463126
383.643704155407;248.042110322812;191.767209867423
383.986777508403;248.240865381198;191.687550755509
384.266070639179;248.42469117913;191.703613921544
384.68299706214;248.565301926523;191.684983005604
385.260644529642;248.719881184997;191.590781197889
385.709061076281;248.941159885554;191.561050310594
386.099587740171;249.252644148763;191.615849532886
386.59090558927;249.50239058264;191.658942590552
387.082399040465;249.60051976758;191.66855795141
387.348105898463;249.644445280599;191.634221445524
387.510821744859;249.805274891168;191.457481193057
387.761140628606;250.158401827064;191.10133912385
388.018582772288;250.517611823034;190.778578851407
388.140085261215;250.685726142952;190.641814644551
388.207922584956;250.778877594513;190.573249515039
388.410607926869;251.057196855471;190.368389624465
388.790006095412;251.578170976647;189.984921009724
389.195382700771;252.134817629773;189.575195243514
389.620017166404;252.701783931843;189.18532405433
390.075106855568;253.202306488562;188.945411793845
390.772143235732;253.70625674056;188.823814872319
391.76727776463;254.165156490347;188.747940656547
392.756596331939;254.532900400448;188.679060547828
393.34517742703;254.844126572818;188.520979272195
393.693817378879;255.229971472189;188.270883094285
394.104346783914;255.626295219378;188.10735258093
394.882257881736;255.935668162489;188.020444725263
395.995943486878;256.218979930098;187.932439700267
396.765713337008;256.521408853859;187.854228209948
397.215054891523;256.974229094579;187.6906808821
397.678316011054;257.614146697984;187.315334746463
398.177065591768;258.30112342064;186.819305812163
398.617857422753;258.911261732009;186.317459341805
399.105223912683;259.588550695967;185.731778551726
399.609741503671;260.287250197448;185.170376618828
400.18661512746;261.000997765649;184.65152791127
400.99791679527;261.745328967005;184.13306995674
402.044667383156;262.480521325539;183.675884286123
403.192769181604;263.302774874176;183.301623941794
404.312314625799;264.134274216874;182.957152457298
405.143012446246;264.901853192258;182.485699120737
405.703826454004;265.595063018225;181.956125391703
406.195049296743;266.189762074218;181.617766061703
406.967719187289;266.790038018159;181.398374593171
408.048765806034;267.275018806305;181.197242705977
409.073498209745;267.682853323672;181.045801211687
409.759467828337;268.163266676172;180.87944990958
410.223748367481;268.71639575476;180.581477188223
410.638577214187;269.284221966962;180.209848323217
411.102787485654;269.817220076815;179.917343384489
411.765657375169;270.226802097735;179.787317232259
412.665176847648;270.482120489504;179.740179186463
413.498827063794;270.724424869248;179.694487687936
414.082718880479;271.070826055062;179.622966648155
414.520626676042;271.547694585684;179.443585734897
414.898921018716;272.057681524085;179.099065028819
415.215452278023;272.485836846024;178.709513384087
415.58085175171;272.851978810336;178.452912869938
416.150217257841;273.213901984119;178.34244124985
416.711449667695;273.41386071648;178.310686331695
416.998682873005;273.489161075864;178.283000008359
417.171917861351;273.659170884466;178.167552957514
417.440207750728;274.027332414992;177.929119748621
417.77876629319;274.408808497916;177.685636744291
418.241796148156;274.670893450094;177.530832567934
418.892152158454;274.9455186222;177.455128900258
419.407010696073;275.274259205032;177.377880566248
419.702473659793;275.596570278622;177.209593881627
419.983054947088;275.986835344109;176.95053941875
420.315986763768;276.363452224595;176.774072986665
420.832185640739;276.612673880381;176.738959401932
421.707716141277;276.818223984748;176.814095131359
422.560510167158;276.992732981067;176.945871977633
422.95426530017;277.07330790417;177.025798675139
423.026087883353;277.088005107157;177.043632731953
423.024564357594;277.086682443761;177.043632731953
423.016205932937;277.079425997802;177.043632731953
422.951329700993;277.000327223262;177.03516177504
422.723630280879;276.700573498547;176.988688090746
422.225760589725;276.195418777919;176.891954809549
421.369409634455;275.777303482502;176.809022259643
420.16410787834;275.44914190035;176.791940936178
418.999716788237;275.06485409305;176.805527061674
417.61574179631;274.415043462152;176.864673380902
415.857259587166;273.456608235401;177.095496355775
413.829322806519;272.123012690467;177.683967682071
411.472792253266;270.13009156703;178.832074269286
408.399538690452;267.123339437654;180.677049935416
404.497203240204;263.260594018961;183.044140344729
400.118013122945;258.923133126309;185.72138994455
395.024909468081;254.440105897054;188.176531899801
389.109364105175;250.018008195119;190.08127312681
382.819624110048;245.758590551504;191.533648354818
377.067000652779;241.752668717439;192.942094850974
372.02840066749;238.139986479417;194.27823281548
367.406398241181;234.93312979072;195.354710526682
363.532912058707;232.580909103485;195.931554023066
361.025330342489;231.335770303553;196.099657874896
360.097124070242;230.995085312325;196.140624789341
360.271385910865;231.225853407278;196.247796625561
361.264710686457;231.710121342741;196.457330693108
362.783343657224;232.02029855524;196.7192629041
364.233126915403;232.156834391182;197.09862032863
365.463547216236;232.288457049915;197.578618324586
366.635180538025;232.429113757621;197.975181206804
367.652750592374;232.591958398124;198.214816766206
368.535714716207;232.804879535842;198.36286149996
369.548029796027;233.063224462493;198.558016826188
370.365266773459;233.222645981848;198.827497528503
370.752526934683;233.325364556539;198.942636064632
371.006700751686;233.595703022696;198.774975108543
371.371522313916;234.070796531088;198.439488951402
371.778646481716;234.520751494483;198.236006311187
372.279722957459;234.96941286946;198.219184727213
372.97406402654;235.353584245292;198.34727825839
373.907377909517;235.571633628722;198.558468787881
374.685172645217;235.802375675977;198.663816300379
375.213584862699;236.232073636057;198.56771100099
375.622804088743;236.754542585638;198.297697789918
375.917532426406;237.157607207437;198.027683917327
376.041839267575;237.328217650798;197.902996295618
376.109870294081;237.42158985369;197.834756874378
376.313133916006;237.762817728449;197.587495980808
376.686720010678;238.53763608137;197.054833304036
377.069248158911;239.497710310313;196.407844613678
377.457894627085;240.436731740377;195.599827374606
377.820671927186;241.449337011089;194.474061549484
378.202326577041;242.567706965569;193.435137418445
378.680731710107;243.726004021878;192.646540983453
379.348408380103;244.845112708155;191.988870670314
380.1910017139;245.806720245283;191.467445414139
381.251651441936;246.531186430351;191.056985676902
382.488938190924;247.16321462744;190.646670751489
383.538367209682;247.854133524787;190.237119889212
384.233822791167;248.554308865336;189.975955181231
384.688054177001;249.144668753183;189.726093286138
385.113612021581;249.728847416798;189.37805314562
385.519880758323;250.286547223582;189.12341185778
386.045329438382;250.838732897085;188.960455678647
386.899243151219;251.253002450234;188.756169388087
388.062819210006;251.600670282152;188.479941733648
388.93926837609;252.045865338329;188.25300283647
389.543365828485;252.70599524495;188.010973904086
390.060569535919;253.415957204311;187.644793634758
390.577781290047;254.125930209312;187.15902436225
391.081990533155;254.818054757183;186.651984924945
391.510708061116;255.406552348729;186.220860947922
391.936064153768;255.990435721227;185.793117274398
392.342140280648;256.547853617784;185.384761787681
392.767506198428;257.131750477167;184.957008233879
393.218898236983;257.751373212902;184.537587587805
393.802017236926;258.55181663933;184.10583666661
394.484674112242;259.319982651204;183.785455346211
395.382153966559;259.794934334433;183.535706020863
396.542966880188;260.140269288443;183.258662201411
397.395026279538;260.552863888846;183.054597601638
397.917524842306;261.102338288781;182.88212854057
398.356617025147;261.711482404704;182.534091475496
398.915561878377;262.491445195554;181.890894687853
399.480076242474;263.276116811963;181.242373814932
399.948482221459;263.920765312614;180.855581956552
400.54369882092;264.569073152683;180.650702390875
401.453726712257;265.063185397384;180.425915712207
402.545773877919;265.323820013775;180.109534058589
403.318559872474;265.635886484145;179.876526355818
403.797960044807;266.122618616532;179.773152579282
404.125090325763;266.567203034586;179.638524846201
404.484511787413;267.059213525661;179.323471407346
404.956342655194;267.706745996004;178.850251615793
405.460465088885;268.366122022836;178.390073972076
405.98828906218;268.808851072701;178.163766824973
406.812772482294;269.122865211137;178.108288495664
407.793894507488;269.43110949863;178.063245429535
408.486565563291;269.833627410688;177.98898196831
408.963588237177;270.258761772641;177.89853850957
409.362678381063;270.696926636278;177.674996231072
409.778336404161;271.239858242528;177.239233053061
410.195265286391;271.818149619619;176.708915901498
410.727310987667;272.475433604833;176.170750995569
411.428707902425;273.068313636311;175.79306637007
412.229404753587;273.546399212847;175.540421055447
412.889794618649;274.058616233854;175.314936722085
413.483299611461;274.647797591734;175.08852234213
414.163929199961;275.173246608922;174.907959413034
414.798806381891;275.527170386041;174.677717902658
415.262671182915;275.89359788726;174.351734432581
415.641562175293;276.300939244107;174.125957245824
415.891393898655;276.58468701561;174.021921673895
416.129964495245;276.895736914647;173.928755720043
416.561861377812;277.330095803894;173.805715702209
417.316715386593;277.629122133091;173.664018577894
418.358657657413;277.826007875761;173.583881163607
419.071054608783;278.046073347465;173.566000089523
419.339434056885;278.24077398304;173.52082503708
419.565013918084;278.548759179918;173.318364498294
419.899604042034;279.007767229191;172.984563501519
420.147825678542;279.318359752988;172.782102962733
420.445450105293;279.524745617119;172.73692791029
421.053958203631;279.762599841741;172.791384186314
421.85728061933;279.906865721516;173.035440283382
422.511998485476;279.939055790375;173.437820761862
422.74745823319;279.939055790375;173.645695781998
422.57903821433;279.939055790375;173.533472416171
422.120196784045;279.923170101564;173.245838436511
421.473722923795;279.838478370306;173.045644161715
420.667026919783;279.659208229376;172.938694406283
419.903517528629;279.448102383954;172.745884364066
418.936064765246;279.145729358308;172.4132280183
417.643669477036;278.58970058671;172.14155901472
416.180125757701;277.871147446484;172.100543904045
414.531706690771;277.054038709541;172.243745181524
412.779420223519;275.875438105107;172.471370742916
410.786521969763;274.399436079062;172.856803510323
408.448728376571;272.575344936577;173.605710183256
405.777919886488;270.082830514386;175.013802319373
402.820867715581;266.859285321754;177.160664810561
399.511000098668;263.096311003371;179.791389398362
395.991295148638;259.10096905699;182.503553167009
392.354087340122;255.368491111278;184.79311827145
388.658204984644;252.063743597817;186.542142786442
385.07838607459;249.04152164266;187.967594342899
381.931736167496;246.487523637657;189.133789557261
379.251629772998;244.939119898606;189.720538871139
377.341166196128;244.284879673773;189.791051880632
376.43073694679;244.045876038558;189.545667101686
376.232684180619;244.07721628665;189.108494880413
376.412011627723;244.394501316383;188.75422459845
376.908550169389;244.814500285887;188.722007719397
377.842021421837;245.051582343897;188.965494976509
379.26044385285;245.129297034871;189.323777859956
380.521870021139;245.206297867142;189.751773733303
381.324995781417;245.331384471838;190.164393936519
381.926187664547;245.47421190967;190.578791153775
382.778501086078;245.627586346018;191.00411056591
383.740367091036;245.723098331516;191.419799771998
384.329213796476;245.766232982208;191.705584381779
384.838794039035;245.850754631916;191.884867820104
385.695470549231;246.023785923457;192.05982043642
386.542017273783;246.190417397455;192.188137834028
386.925380086375;246.343030950774;192.148489610497
386.969405995218;246.721650182673;191.727320353676
386.912413269193;247.368731155046;190.906256923921
386.85541098156;247.897090885372;190.208182002421
386.833888023882;248.32501515249;189.863373287876
386.891239592225;248.832041204896;189.594877541387
387.209189357497;249.280764223292;189.276534013631
388.026172504928;249.742539823525;189.065325899198
389.158213459135;250.251299763495;188.929405985155
390.029572926256;250.712771277753;188.718121334994
390.536907541461;251.16113035426;188.399820751305
390.917793467927;251.65207155174;188.172654943707
391.16667794557;251.993500178365;188.052939591065
391.415564337161;252.334931430614;187.841786267637
391.751052094315;252.795165533037;187.507496548225
391.977237576454;253.105454865905;187.282118781834
392.147085645215;253.338458520458;187.112877246077
392.416574392187;253.708152820564;186.844350852227
392.731467968831;254.140135089707;186.542083694614
393.061779754212;254.592032566263;186.266869048096
393.430635238109;255.09250215044;185.994938654446
393.651695177879;255.386626892191;185.843724826617
393.75078415104;255.518257172692;185.764700153207
393.94835502742;255.792364785917;185.561749965924
394.27685783499;256.246634274324;185.215681222085
394.532512268802;256.593801388465;184.927544372159
394.789523944203;256.942123599264;184.645987353423
395.127250534363;257.40423781996;184.344694223053
395.376048624903;257.745577244138;184.136357441965
395.624848880032;258.086919638032;183.899577219773
395.96022062637;258.547034096836;183.56495976222
396.209022124925;258.888378196652;183.316717846224
396.457825788112;259.229725266243;183.068473770464
396.815896487516;259.720981634345;182.729554285964
397.193662258168;260.139599091381;182.507335953653
397.732293328489;260.447063662029;182.430295734856
398.42066126298;260.654417340462;182.411035929911
399.037962275187;260.843595248723;182.402443851419
399.682700683259;261.118626999019;182.383196632097
400.241561338367;261.475403272732;182.351463332198
400.540123651929;261.744852819826;182.286958858586
400.788775287185;262.06999108364;182.079835281552
401.123946699968;262.529822146881;181.74542689072
401.277355186956;262.824759425483;181.50160518459
401.099154483684;262.974903893169;181.268365997305
400.730564342735;263.195457105949;180.946353267709
400.602247511537;263.521015179117;180.731121310208
400.979220002785;263.831747313547;180.6710136509
401.682986144753;263.982917627832;180.666748541299
402.150927999416;264.071690577628;180.599852328482
402.430307569973;264.334419368114;180.300044302654
402.733895158585;264.767585913414;179.805744433343
402.918030338986;265.0303147039;179.505936407514
402.959116451278;265.088937420997;179.439040194697
403.004514168637;265.151209374905;179.393865816123
403.207972622344;265.430292910123;179.191408297408
403.543418902675;265.89042387094;178.857612279889
403.819453924881;266.184592873899;178.655154761174
404.212808859283;266.329548540217;178.624924197155
404.900614129287;266.524629344952;178.691897727513
405.639583905213;266.790628352208;178.783559124207
406.306447543341;267.090506447654;178.762646430928
406.821768186125;267.428280791964;178.621888450092
407.140883336494;267.741762137904;178.509641200152
407.337695743118;267.911321704653;178.473793544219
407.705855173587;268.039295536449;178.455948754381
408.334125913353;268.282373226593;178.393062323357
408.811935923367;268.567286559838;178.289380126889
409.027005643484;268.714244704676;178.245431303647
409.29348306217;268.758735235807;178.316271914036
409.762926577226;268.826214222727;178.456202960316
410.174342877559;268.966935204226;178.508481778395
410.418798398837;269.16647585605;178.381344773427
410.594877354264;269.39926532918;178.140508452278
410.687919732306;269.531326994085;177.994433839529
410.70868029302;269.560793934525;177.961840187792
410.70868029302;269.560793934525;177.961840187792
410.731366946842;269.59190729017;177.939326277233
410.833041475318;269.731347676108;177.838425930351
411.023361169493;269.976303965662;177.672069382225
411.27646188067;270.183229443052;177.590298214121
411.689751888967;270.325606904428;177.653515335018
412.208758967119;270.393091995879;177.794861910138
412.699903731013;270.423197637852;177.880592941595
413.239479360486;270.520167446344;177.896339686253
413.725099566373;270.765264878562;177.871499364509
414.057710585973;271.085886573774;177.790435571296
414.295320678789;271.370217292661;177.646903158831
414.616465068313;271.628572224415;177.506422609723
415.143845820012;271.838189583333;177.459388728833
415.877396305636;272.045144835658;177.534032777893
416.591744631281;272.224089776364;177.678009429946
417.054382472411;272.337800718873;177.74289675084
417.307298322425;272.492201073315;177.661817551684
417.497499894597;272.721917170963;177.496015017994
417.599111387232;272.861247027216;177.395450697853
417.599111387232;272.861247027216;177.395450697853
417.497499894597;272.721917170963;177.496015017994
417.310756165002;272.464113151755;177.684256439307
417.119572517282;272.198901964441;177.885384876858
416.939424454629;271.960270043196;178.07362600916
416.7319472112;271.866530203305;178.109632265151
416.267832634262;271.982490451426;177.842742890847
415.55640909459;272.219985732785;177.365721231193
415.025723461791;272.364033902466;177.0528050391
414.428700687969;272.362908837647;176.84774840165
413.42103244732;272.162553935173;176.489369123774
412.351665404822;271.674352858405;176.025888586018
411.349714400703;271.054317832649;175.72724972844
410.20745974729;270.474673281609;175.632162062011
408.838639439515;269.786332094281;175.491864238838
407.246059087869;268.956567477647;175.374628746618
405.28594623739;268.088973282756;175.47125583978
403.148526021493;266.927045205201;175.82547779832
400.920925629128;265.140358021498;176.473179713699
398.426865745093;262.661790540394;177.660866996317
395.25429270999;259.412412485068;179.480770810923
391.602970899923;255.415130577399;181.981489325337
387.949616893582;251.028276570155;185.045830233625
384.058692584059;246.678183618691;188.135864961665
379.46939070055;242.541748592678;190.650847785498
374.387119336381;238.511558196885;192.629990285975
369.274812468995;234.455884002656;194.498410007047
364.552376366886;230.346803250267;196.592421230285
360.349528597693;226.456658430885;198.692516176941
356.381551697207;223.347564684614;200.028448531999
352.930678214533;221.304073748111;200.526590415094
350.569344025904;220.330097917462;200.547047514287
349.297525330538;220.115265057875;200.180568487042
348.722663817929;220.386135089107;199.54066774283
348.590853780521;220.965295335402;199.091001240804
348.832188256341;221.489362054734;198.889193099794
349.419141621005;221.846417887729;198.837266099074
350.192727744968;222.155461518612;198.888417582088
351.053476626729;222.461905423139;198.941006940779
351.85412654785;222.788887338129;198.866466419686
352.638169550713;223.234067212841;198.73660432309
353.331570743576;223.809867202262;198.575730640779
353.756831742784;224.269617427301;198.389942334639
353.931699786499;224.492180413588;198.278068577367
354.074045047798;224.678356720542;198.223806399689
354.271033454523;224.933612719695;198.171657780917
354.413366900728;225.107614073392;198.14002804477
354.597384944921;225.240283460431;198.132970496678
355.031587076056;225.452555778205;198.129391743334
355.625679259501;225.700261959223;198.128641562046
356.039817925325;225.895574925162;198.155428377512
356.197088805904;225.993592804984;198.183839317425
356.266395910323;226.063995586386;198.128435496033
356.408148772195;226.249655414834;198.019487381736
356.682910975709;226.624556663834;197.84812929639
356.953973615567;226.996339384905;197.647609848417
357.079145384595;227.168021845148;197.538661445004
357.101979925388;227.199341128819;197.515997415119
357.12114986523;227.227580172822;197.493333302195
357.207063575098;227.354138787684;197.391759795012
357.348711336003;227.565879022419;197.209063565436
357.434625045872;227.706242828022;197.039234705702
357.429162596631;227.800843178321;196.855016935785
357.318767887702;228.010051781351;196.567070953478
357.133053209227;228.335297897982;196.174250140758
357.006055752874;228.530701310271;195.885620508252
356.954050060961;228.574301704949;195.722939702635
356.956590924715;228.602546532501;195.615911027357
357.057831344969;228.738987729745;195.41842566825
357.288822575602;229.010263878324;195.07466555598
357.548209401463;229.295239200879;194.758042016033
357.778260447866;229.527377379269;194.534989145752
358.07845194252;229.689917640324;194.389377698248
358.467673662635;229.821149209967;194.320046426649
358.818938466474;229.96510941133;194.253678314653
359.102412272414;230.165523524819;194.121532845058
359.413230398098;230.396266415292;194.023397631801
359.790770996022;230.628816803438;194.105929220246
360.394317837388;230.870941641456;194.312062760298
361.334348817173;231.029474885139;194.618382745767
362.338352274698;231.142852738037;194.938781846752
363.394062817816;231.308413229834;195.125466900371
364.281932224493;231.479998228396;195.130248573471
364.69751201277;231.57404109479;195.090499452905
364.802858999452;231.628628447511;195.055109249146
364.916249042872;231.790293284982;194.931593359772
365.181767379641;232.154003587831;194.664116401209
365.524973901381;232.585307684316;194.396639471684
365.841773597041;232.910936590328;194.269769913992
366.248486982367;233.096347900375;194.232207216851
366.947859045466;233.156133255021;194.207426516572
367.674816330401;233.148374904916;194.192396262083
368.027816144699;233.135638566579;194.189042558992
368.137598533635;233.192672876546;194.14413462931
368.327777847146;233.461019258497;193.928420255215
368.641330526577;233.903447646336;193.531828170585
368.831509840087;234.171794028287;193.223785569377
368.90014384604;234.265854367632;193.114112766773
369.040438673843;234.419925818206;193.099661770306
369.387710964611;234.676407518696;193.112104384343
369.951342298354;234.836028744465;193.196682372793
370.672793602892;234.874105876856;193.417757208708
371.278983461412;234.87222697798;193.686429850079
371.544884860791;234.859913373197;193.8280081269
371.592801713679;234.842359207679;193.856822188018
371.592801713679;234.902296502102;193.811989680292
371.584155521773;235.200935798547;193.553744496969
371.539970087985;235.758583066313;192.899901575793
371.451720922056;236.362234495189;191.973047644781
371.372805281984;236.962917190345;191.150059005306
371.339797121188;237.416035099742;190.724736427319
371.334361231168;237.60324959596;190.558613161212
371.337630704279;237.634627114757;190.45862935944
371.352283466184;237.634627114757;190.45862935944
371.47557235663;237.634627114757;190.577957806962
371.980262998734;237.666875024104;190.765094380245
372.921120499726;237.811400126963;190.981663320064
373.70355664454;238.049681738198;191.104288331512
374.007793898189;238.194206841058;191.131649669955
374.053559385311;238.226454750405;191.131649669955
374.053559385311;238.226454750405;191.131649669955
374.102449818029;238.291825936512;191.100812744541
374.321561535985;238.584799266806;190.96261123295
374.68281568604;239.067830628208;190.734755461148
374.901927403996;239.360803958502;190.596553949558
374.953928063582;239.428825848799;190.565717024144
374.987628251395;239.46939630086;190.563981170586
375.122044337198;239.633595828806;190.556201614669
375.384501284736;239.929314976532;190.522695532481
375.645171708309;240.194306934452;190.399820177895
375.767434694274;240.363460188636;190.144820954128
375.790305952477;240.492627077891;189.886511067614
375.790305952477;240.561248075251;189.765371862492
375.793394256543;240.579186250135;189.756797946595
375.807235075125;240.590958575094;189.818831763682
375.830054727124;240.610367857659;189.921108237417
375.843895545705;240.622140182618;189.983142054504
375.846983849772;240.624766943371;189.996983670045
375.846983849772;240.624766943371;189.996983670045
375.846983849772;240.624766943371;189.996983670045
375.846983849772;240.624766943371;189.996983670045
375.872906593479;240.658698494248;189.988300420341
376.011933584479;240.842086571297;189.926926858597
376.305881712142;241.233163626795;189.762116351075
376.590894251192;241.616640433747;189.557257773473
376.719220515074;241.79092690717;189.447925035431
376.74206982893;241.822244323515;189.425467098979
376.74206982893;241.822244323515;189.425467098979
376.74206982893;241.822244323515;189.425467098979
376.74206982893;241.822244323515;189.425467098979
376.74206982893;241.822244323515;189.425467098979
376.761878286372;241.850983142905;189.389298166258
376.873513670469;241.998263739874;189.227200255801
377.125361039989;242.306294645545;188.951199184799
377.396629949926;242.63180139679;188.749900844922
377.541278742216;242.849801470682;188.649101330399
377.577718246907;242.944825344009;188.60990090098
377.580748235736;242.969175597491;188.601154102885
377.62644652613;243.003515164204;188.601154102885
377.831252054721;243.176772646127;188.596904941425
378.265496040732;243.549855694717;188.53719514105
378.908305569848;243.952016476746;188.364210158211
379.736481412188;244.264292499684;188.226934645636
380.412216743124;244.529587963123;188.340917576278
380.869414473109;244.674231857546;188.482505266716
381.082124490291;244.716950529078;188.523171646619
381.186330664538;244.797638035481;188.491434112378
381.412155922215;245.089029103005;188.349196352053
381.762316609289;245.553782383284;188.114685931109
381.969754742413;245.834181960525;187.972448170785
381.992576534678;245.865464781722;187.963173323196
381.867474695641;245.693982261133;188.086306815696
381.596563230001;245.32263215675;188.352955772893
381.325651679904;244.9512819366;188.619604813218
381.200549739728;244.779799277373;188.742738405267
381.177727947463;244.748516456176;188.76520112051
381.177727947463;244.748516456176;188.76520112051
381.177727947463;244.748516456176;188.76520112051
381.177727947463;244.748516456176;188.76520112051
381.177727947463;244.748516456176;188.752013252856
381.177727947463;244.777358185552;188.670467931131
381.197682327743;244.922077044329;188.450005310709
381.309943897304;245.220308508969;188.104163383841
381.582547133477;245.566058715951;187.731313619224
381.965844112296;245.937252107762;187.44858020542
382.35916043431;246.341259758036;187.31736300438
382.703798993231;246.683567115013;187.278211666533
383.079323705354;246.915924000077;187.280941267245
383.653140259172;247.087724454141;187.362647313705
384.378919841084;247.290720822516;187.510760071187
385.078107461727;247.480531635784;187.601867313151
385.465530613526;247.608796246007;187.61245919329
385.684202189845;247.813158738151;187.546375063417
385.967118836757;248.194680659116;187.373830820556
386.240555315097;248.568090709162;187.164335373145
386.411175910078;248.80196857316;187.02167116471
386.638391335707;249.113423696263;186.854333891582
386.97807629765;249.577661870893;186.615449229375
387.19444962898;249.868050957074;186.470558357611
387.262439994589;249.949641769863;186.450732211319
387.286309043259;249.969981251512;186.506768459935
387.30860809968;249.988982899008;186.59915661496
387.297729262176;249.967890331002;186.677681972808
387.178150232989;249.801191675306;186.813463645579
386.919615982445;249.440567844171;187.080426091652
386.668826998199;249.086557719711;187.359874910272
386.555866639531;248.925515483083;187.539113327747
386.53574577107;248.89655225206;187.653865121094
386.512970947335;248.865325168583;187.73233554262
386.410901268721;248.725375089867;187.845705969618
386.242616818496;248.494636418251;188.01203561467
386.140547139883;248.354686339535;188.112919644013
386.117772316147;248.323459256058;188.135429913636
386.117772316147;248.323459256058;188.135429913636
386.067244986983;248.336759350357;188.093354330908
385.840797208115;248.398678718427;187.904784651668
385.467447938393;248.507317681319;187.581205989249
385.261073799468;248.59735132972;187.348489114963
385.303219455691;248.696396589006;187.254138452869
385.511541711921;248.869478907274;187.221939688742
385.858781359351;249.068163897946;187.152220161241
386.420014550892;249.243823989598;187.112854575699
387.156828177909;249.46957873232;187.156696650998
388.023712963802;249.802713089501;187.203446524209
388.894289449295;250.218005306355;187.141740244697
389.735632398541;250.644398558933;187.076611033518
390.407327801039;251.061712478538;187.111379341042
391.072642423528;251.433572798247;187.214193036491
391.999624177116;251.789684472819;187.27820757162
392.979513098707;252.136597633607;187.270033862224
393.586732708624;252.449160242491;187.169387303028
393.963415189955;252.789572066208;187.003449180059
394.301430969308;253.059259708161;186.933946874475
394.662126881898;253.16923367854;187.051068452621
395.058661138861;253.186811895859;187.281195089721
395.261186099799;253.155639345578;187.443244817137
395.209556180446;253.015933667692;187.575096507083
395.01882902877;252.754425432175;187.763605838827
394.815044624635;252.475014244607;187.965020590245
394.624317647848;252.213506248881;188.153529749135
394.522425507119;252.0738007392;188.254237064218
394.44941203119;252.058284679131;188.23470874588
394.22408047486;252.128452031991;188.046481579939
393.852571544978;252.24413843916;187.736147447729
393.627239988647;252.31430579202;187.547920281788
393.576961722397;252.329962244701;187.494291605307
393.59730511423;252.35907263773;187.419714435137
393.68847787106;252.489536368004;187.233136709126
393.861549052236;252.735828573068;186.992621407375
394.054692415218;253.006093565018;186.779698731587
394.338951488039;253.312410784404;186.588590486317
394.892988287278;253.692750353429;186.473075212899
395.79848930657;254.224362537694;186.398685344507
396.768429339144;254.795929177917;186.264005930695
397.71147439463;255.378262154459;186.029305760268
398.455062657034;256.012543457433;185.761865032643
398.962126464976;256.609774542419;185.494978332155
399.415391096735;257.217864068296;185.217759316723
399.834939273446;257.786963841097;184.902961123562
400.218349677287;258.311576351166;184.547886554178
400.421983380138;258.590803819665;184.346346471653
400.467420200867;258.653107889428;184.301376800763
400.467420200867;258.653107889428;184.301376800763
400.421983380138;258.590803819665;184.346346471653
400.218349677287;258.311576351166;184.547886554178
399.882614459966;257.85120808449;184.880169975135
399.631110356962;257.587761161257;185.050968604503
399.371133287074;257.598117464742;184.958164640778
399.017416214864;257.723401275018;184.731014318846
398.802875965704;257.810364273613;184.593240684231
398.707172995835;257.85930721242;184.532014530608
398.492802290928;257.946487953274;184.395391581711
398.139364749935;258.072185592545;184.1701384198
397.924994045029;258.145112533634;184.033515470903
397.89987713938;258.192108336574;183.980487406057
398.001681682756;258.331729787744;183.87945505631
398.169528998876;258.561926644135;183.712880872253
398.271333542253;258.701548095305;183.611848522506
398.29404920632;258.732701852065;183.589305158127
398.221225768135;258.717401036434;183.570249930557
397.894853761153;258.648827538253;183.484850325424
397.356757291082;258.535768953196;183.344050179931
397.0303852841;258.467195455015;183.258650574798
396.907419599644;258.467758486704;183.197968137105
396.682697642575;258.538855317854;183.01140792447
396.312193771961;258.656074175649;182.703822133633
396.087471814892;258.727171006799;182.517261920998
395.987152814616;258.75890961889;182.433978853037
395.762276204598;258.830055378656;182.247290250248
395.39151735438;258.947354906102;181.939492779831
395.212118505331;259.080872786636;181.726782712801
395.438651503649;259.391559200386;181.565054493098
396.124102413695;259.952082498366;181.357308523027
397.041236809932;260.499491196708;181.215179542347
397.98056902234;260.944327874771;181.170236265348
399.042435852617;261.311559166532;181.151322628453
400.056127458025;261.696426924953;181.125831110979
400.757383251667;262.173387926458;181.110369724068
401.267804428784;262.640284669977;181.114313847727
401.793887567754;262.931602849533;181.147451570536
402.289751162448;263.032663090286;181.202086438993
402.46589634628;263.034519496196;181.227296903162
402.199981242305;262.974798728169;181.199163420155
401.676997249423;262.87633582762;181.132973925735
401.305753672405;262.816615059593;181.063320436275
400.992232703988;262.803289555059;180.991825369733
400.496377715661;262.790013048093;180.924967027221
399.88581155655;262.717284242073;180.863385951029
399.284319299376;262.559901263136;180.830653589572
398.880123536736;262.402660387884;180.823350012518
398.730705445424;262.330101756749;180.823350012518
398.658045761396;262.317799999833;180.782317890378
398.363760134226;262.323905059668;180.591576482383
397.676890987925;262.340495558834;180.246144202606
396.874901809231;262.363508741498;179.930515250088
396.228677589993;262.395562167076;179.623600644047
395.571491151087;262.485624547654;179.243566047035
394.985916353199;262.670154634367;178.863901069815
394.714046051975;262.856594185261;178.585075849312
394.666435960112;262.945747180799;178.476947951128
394.677283631567;262.970764978088;178.507269769697
394.695168418234;262.98549820172;178.594679936685
394.708425317754;262.996419040137;178.659471752344
394.721643171507;263.007307713227;178.72407273559
394.74184318405;263.02394818581;178.822798345375
394.765775125765;263.043662966635;178.939763398446
394.796601917008;263.071014976152;179.090426362478
394.824987325286;263.103170705891;179.24077000795
394.795404119062;263.12842201049;179.356820091544
394.58863432923;263.132112588561;179.460381019796
394.190752283566;263.102482674459;179.539708351595
393.854278172053;263.050404074841;179.603319086892
393.662987194664;263.037085543967;179.662046755015
393.434435055825;263.113871182011;179.708344197013
393.066666138511;263.273995005388;179.660056680486
392.605016855164;263.460012063507;179.418197681865
391.981967405607;263.681261061324;178.986267822395
391.305932243609;263.910211675999;178.506749626857
390.607607544676;264.150809986598;178.035967708682
389.743018214955;264.433397785998;177.48116663712
388.841839421747;264.636779903579;177.01062617427
387.827110006957;264.731455589042;176.708170497539
386.633680786995;264.722449113345;176.507258048115
385.062797176161;264.50534254581;176.44028596381
383.393652700403;263.981475853145;176.525186877304
381.996910803676;263.301053912557;176.779329019969
380.835233214366;262.608902493214;177.148739096369
379.391945530395;261.874349404444;177.354395046572
377.526122570664;261.183919850267;177.326947945565
375.560665048033;260.732829366463;177.120239226468
373.957693353813;260.598475705115;176.700132535837
372.572146218281;260.7528892875;175.917348273371
370.990474343385;261.179423352499;174.745941434412
369.256126075375;261.738262308984;173.417033750098
367.694456928496;262.256359512966;172.220437790726
366.551499452522;262.635545510048;171.344670794741
365.806663546115;262.882651243875;170.77395603241
365.307360178563;263.048299440988;170.39137538573
364.88682350675;263.187816107674;170.06914805399
364.662144595806;263.262355273531;169.896992589736
364.63470999904;263.310208259532;169.850501744179
364.759134126044;263.464702751423;169.799125175206
365.078699767019;263.777351854428;169.648177805627
365.614730899776;264.142842909321;169.372441083368
366.320255034885;264.58757995044;168.997346191429
366.99865842242;265.160744285271;168.602444824298
367.536450907794;265.715242745134;168.266440300944
368.100495299615;266.122052855495;167.972670035657
368.897357249565;266.43328054673;167.674985852849
369.901294908998;266.788354900806;167.508520708527
371.121202753539;267.180473643328;167.456836460495
372.585572647915;267.647076842733;167.377144177654
373.718379327279;268.308989759305;167.204605815081
374.482928015448;268.988740053051;167.023488616743
375.450280938515;269.552607292546;166.913820205001
376.672920014244;269.968446576418;166.874217119349
377.572331884371;270.26096923265;166.899295507351
378.435405981334;270.507490832022;166.961068137192
379.491910579462;270.695365661943;167.111943878462
380.33379066851;270.954955199586;167.366374975876
381.050154662397;271.318924959785;167.597813236681
381.656756833048;271.536116792987;167.776600178909
381.941622920399;271.584115645053;167.865788505835
381.994399675534;271.584115645053;167.885689111505
381.944560160319;271.584115645053;167.883844087412
381.72119494971;271.584115645053;167.860233457998
381.333188181338;271.571815244728;167.77784327123
380.948854268218;271.502227032836;167.656212988368
380.428229000743;271.34652610102;167.585610764035
379.731505258346;271.184541645838;167.554918587188
379.061729422536;271.107428661733;167.486122993907
378.403312898898;271.095207266288;167.334139507504
377.804629328688;271.10749015448;167.053954584085
377.13958704983;271.148571849946;166.580783117974
376.474350066455;271.240064889186;166.107507571969
375.847774062056;271.361579966823;165.788451043465
375.135463920411;271.467690189073;165.439858270049
374.593754598025;271.628288181039;164.966810820014
374.375008396628;271.851851472365;164.541102288697
374.333300505509;271.98357821544;164.290159887816
374.307376003769;271.997960866096;164.201279690935
374.205602082554;271.932945667138;164.186629194212
373.987736817403;271.825753725697;164.17103196456
373.661571731818;271.760738526739;164.101130030901
373.268904414824;271.746231674984;163.985881226014
373.094581686895;271.731849024328;163.95477970223
373.268904414824;271.667390456083;164.113073845441
373.642088930177;271.561116243538;164.414440793016
373.880938156587;271.496657675293;164.654072011776
373.958055198763;271.484601203267;164.815860631806
373.986905269989;271.495026412608;164.947039985665
374.01385971136;271.512214677;165.069600036729
374.028251720546;271.522639886341;165.135039544691
374.03146301186;271.527281640482;165.149641072583
374.020184611656;271.556763444841;165.155036016285
373.940615954128;271.661806289276;165.184801092624
373.727209963269;271.859474002985;165.249702110662
373.46356616991;272.14847967796;165.320733066271
373.328270779053;272.548470078704;165.432977198225
373.309226908083;272.886301899815;165.762505341455
373.315279176473;273.037345770684;166.412018587205
373.312519560372;273.105755119835;167.287556840447
373.266059297372;273.201957379965;168.302465972965
373.070038216349;273.343278310193;169.116366513994
372.557154498024;273.564000495905;169.514188118306
371.542937847934;273.857294184186;169.700976203275
369.964034288771;274.143810619194;169.9344918113
368.050771928261;274.422304818216;170.27468308182
365.795818973986;274.734544426056;170.589143279337
362.801968753744;275.109537948248;170.783628745028
358.883695986127;275.601383779796;170.963229855013
354.355892629388;276.24418639455;171.188819117986
349.545939489019;276.869737698779;171.388869701969
344.622928260997;277.475579736909;171.510775767726
339.437388101046;278.171440818031;171.502080875995
333.749288160799;279.095470183073;171.264062582246
327.478570155764;280.048010527041;170.726348940928
320.802585888261;280.917640444221;169.83203521058
314.006585826102;282.006493054666;168.432996850795
307.186420559316;283.386346417194;166.799255084348
299.673134823587;285.167718485306;164.859366533032
291.157656735028;287.403496408696;162.224806715887
282.311583076677;290.029777227576;158.787880117343
273.95239838322;293.028944095815;154.707416810764
266.384139859909;296.417314792763;150.071026716758
259.851906865997;300.337897661288;144.827036187928
254.878887986746;304.565605508847;139.518188068503
250.9145903682;308.851460027612;134.420585423309
247.251307342745;313.06579696099;129.453156703555
244.020181264392;316.90549494433;124.932277279478
241.939710068855;319.853216612146;121.865223824921
241.247401381975;321.561651861757;120.576156232098
241.519741849067;322.039728020439;120.41712904777
242.314303922062;321.375068970571;121.142863823124
243.163132628865;319.403947186297;123.137127391246
243.860585057538;316.355761343113;126.363217382303
244.316342512775;312.676375974293;130.294471169745
244.631598051469;308.691914918042;134.346014688671
244.894633337363;304.805268045446;138.343808657826
245.045684674756;301.504535054964;142.020929456216
245.054255760039;298.931758437636;144.98951542171
244.902471913171;297.088033201315;147.129927953285
244.628076542145;296.041065658251;148.378798387443
244.366702209423;295.751721645058;148.82780270208
244.029372681473;296.146294191864;148.82692427191
243.46330604251;297.313017338215;148.477673094493
242.623873352981;299.174060701598;147.595269923691
241.576837782615;301.610267648673;146.072366990617
240.466954237694;304.500025554593;143.929967304732
239.190804355149;307.660318328941;141.377683236391
237.72555598548;311.127387036035;138.675582146801
236.207524141197;314.836639273308;135.934022797804
234.736120255469;318.756631121163;133.072017259175
233.200680880271;322.956142582714;129.962960045103
231.351314779593;327.326143256093;126.677355947788
229.218503915037;331.661887437034;123.409587724777
226.939928690965;335.862163401241;120.271479251355
224.478775933295;339.873266903479;117.309329061193
221.851307654065;343.906795112293;114.38799794289
219.141651339785;347.980380302299;111.638817505182
216.521702513706;351.940574192124;109.190246345426
213.802536579998;355.860618602509;106.693459299311
210.724474032084;359.780468695926;104.195602760986
207.41880659371;363.685388804604;101.829545184399
204.038536922252;367.596367340435;99.3476828211472
200.746900513015;371.634456444944;96.7219715151064
197.670177428031;375.901372929031;94.0663408599679
194.679260573837;380.349815613495;91.2851596353739
191.577567241115;384.985137685127;88.1729490003697
188.351851370979;389.801801594101;84.7881602117941
185.127206601376;394.401987387368;81.4115288791039
181.967992897646;397.89844010077;78.1983450735217
179.288609257844;399.415529056756;75.6091519926823
177.483747009641;399.720952073182;73.906348443441
