387.788609679615;215.376336138683;209.60676168573
388.097074598515;215.376336138683;209.917660180048
388.296112703454;215.376336138683;210.11826855833
388.349331968285;215.376336138683;210.171907686447
388.242835222587;215.376336138683;210.085266352343
387.76554992137;215.401309554085;209.676271234796
386.97863949306;215.513232636941;208.943322323714
386.501354191843;215.697762604328;208.402101873057
386.394857446146;215.809685687184;208.222709306056
386.394857446146;215.834659102586;208.202013708606
386.371565356853;215.802883061167;208.222709306056
386.243883940613;215.628694738254;208.336157402499
385.96738309802;215.251480735826;208.581835240205
385.690878112597;214.874261081578;208.827516758918
385.563191735152;214.700065990381;208.940969263514
385.539898220918;214.668288004996;208.96166612706
385.539898220918;214.668288004996;208.96166612706
385.539898220918;214.680761196398;208.940969263514
385.486533668453;214.736662161974;208.815172007538
385.24737033693;214.828827272972;208.514165151493
384.805731185281;214.89721509003;208.151239059131
384.35446976821;214.971626672674;207.865797425197
383.951414590628;215.09067621334;207.640403733153
383.73931650508;215.190796916343;207.523735532995
383.691991025285;215.230067262389;207.49770333881
383.691991025285;215.236043467821;207.49770333881
383.691991025285;215.236043467821;207.49770333881
383.691991025285;215.236043467821;207.49770333881
383.668693067777;215.204258806589;207.49770333881
383.564278866255;215.061809837743;207.49770333881
383.261994095896;214.820289627794;207.432457837454
382.5743559355;214.647985595791;207.140047787137
381.589484231415;214.566978256896;206.657945117412
381.006260272541;214.53712319374;206.365535067095
380.876125417195;214.530461628717;206.300289565739
380.879295560118;214.533542682855;206.314576976125
380.896655924058;214.550415178026;206.392817815759
380.93421001855;214.586913910438;206.562069099607
380.971713600819;214.623363550143;206.73109273161
380.935630811949;214.640177254821;206.776902035236
380.676222103174;214.639920546549;206.62611724251
380.127091351405;214.625037409351;206.277382919236
379.490648191017;214.597349756319;205.900240531931
378.958685258453;214.56835150282;205.644600654109
378.679021309619;214.516242737279;205.580383732164
378.529455075562;214.387772859373;205.72178201384
378.390782150451;214.196084223347;205.983906062696
378.258889188894;214.094481428832;206.090229384164
377.952683751843;214.138881219555;205.851908403124
377.333607330474;214.290316932338;205.293475740017
376.724162979689;214.445008219213;204.778323039249
376.446276367893;214.529385877994;204.556356923213
376.396187130655;214.565917596128;204.518580280842
376.396187130655;214.580332575237;204.518580280842
376.396187130655;214.583548991834;204.518580280842
376.396187130655;214.583548991834;204.518580280842
376.396187130655;214.583548991834;204.518580280842
376.399538154379;214.586747876155;204.533440764275
376.41455640078;214.60108428105;204.600040830453
376.43931730307;214.624721016747;204.709845776191
376.454335549471;214.639057421643;204.77644584237
376.457686573195;214.642256305963;204.791306325802
376.457686573195;214.642256305963;204.791306325802
376.457686573195;214.642256305963;204.791306325802
376.457686573195;214.642256305963;204.791306325802
376.457686573195;214.642256305963;204.791306325802
376.457686573195;214.642256305963;204.791306325802
376.457686573195;214.642256305963;204.791306325802
376.457686573195;214.642256305963;204.791306325802
376.457686573195;214.642256305963;204.791306325802
376.434378278073;214.623302563751;204.791306325802
376.276512058063;214.538357784435;204.760010610039
375.864938067338;214.398307519941;204.619752942757
375.365859907426;214.313362740625;204.388507143329
375.079880843865;214.262588609342;204.254130134169
374.918509325337;214.116707610878;204.24918969964
374.730761056846;213.866921294147;204.292642212406
374.600822965729;213.70013588839;204.31899749364
374.585423596295;213.672681571751;204.324878151762
374.740038364173;213.757908900691;204.33543272597
375.152095681576;213.919241320899;204.382735045841
375.648371241782;214.056585554829;204.460723386764
375.896170539478;214.136696791228;204.508025706634
375.924642783534;214.155459884881;204.524595288473
375.909482624423;214.104579729112;204.551552682431
375.906099935693;214.010277230379;204.595997911252
375.906099935693;213.95307987361;204.622955305209
375.906099935693;213.940317418234;204.62897031284
375.906099935693;213.940317418234;204.62897031284
375.929434752422;213.972149843943;204.608013375222
376.034014145515;214.114812878327;204.514090896949
376.206436415385;214.350024457657;204.359238909224
376.311015808478;214.49268749204;204.265316430952
376.334350625208;214.524519917749;204.244359493333
376.334350625208;214.524519917749;204.244359493333
376.334350625208;214.524519917749;204.244359493333
376.334350625208;214.524519917749;204.244359493333
376.334350625208;214.524519917749;204.244359493333
376.334350625208;214.524519917749;204.244359493333
376.334350625208;214.524519917749;204.244359493333
376.334350625208;214.524519917749;204.244359493333
376.334350625208;214.524519917749;204.244359493333
376.334350625208;214.524519917749;204.244359493333
376.334350625208;214.524519917749;204.244359493333
376.334350625208;214.524519917749;204.244359493333
376.334350625208;214.524519917749;204.244359493333
376.334350625208;214.524519917749;204.244359493333
376.334350625208;214.524519917749;204.244359493333
376.334350625208;214.524519917749;204.244359493333
376.334350625208;214.524519917749;204.244359493333
376.334350625208;214.524519917749;204.244359493333
376.334350625208;214.524519917749;204.244359493333
376.334350625208;214.524519917749;204.244359493333
376.387809252285;214.511754482288;204.297078065691
376.620723265205;214.454543769707;204.50367442584
376.985835017662;214.360219250961;204.760234732071
377.176128073295;214.296609704616;204.777255726345
377.199689658385;214.255166685815;204.696994116325
377.193018726619;214.207885344169;204.667322226935
377.193018726619;214.179207760829;204.667322226935
377.193018726619;214.172808927065;204.667322226935
377.193018726619;214.172808927065;204.667322226935
377.193018726619;214.172808927065;204.667322226935
377.193018726619;214.172808927065;204.667322226935
377.193018726619;214.172808927065;204.667322226935
377.193018726619;214.172808927065;204.667322226935
377.193018726619;214.172808927065;204.667322226935
377.193018726619;214.172808927065;204.667322226935
377.193018726619;214.172808927065;204.667322226935
377.193018726619;214.172808927065;204.667322226935
377.193018726619;214.172808927065;204.667322226935
377.193018726619;214.172808927065;204.667322226935
377.193018726619;214.172808927065;204.667322226935
377.193018726619;214.172808927065;204.667322226935
377.193018726619;214.172808927065;204.667322226935
377.193018726619;214.172808927065;204.667322226935
377.193018726619;214.172808927065;204.667322226935
377.193018726619;214.172808927065;204.667322226935
377.193018726619;214.172808927065;204.667322226935
377.193018726619;214.172808927065;204.667322226935
377.193018726619;214.172808927065;204.667322226935
377.193018726619;214.172808927065;204.667322226935
377.193018726619;214.172808927065;204.667322226935
377.193018726619;214.172808927065;204.667322226935
377.193018726619;214.172808927065;204.667322226935
377.193018726619;214.172808927065;204.667322226935
377.193018726619;214.172808927065;204.667322226935
377.193018726619;214.172808927065;204.667322226935
377.193018726619;214.172808927065;204.667322226935
377.193018726619;214.172808927065;204.667322226935
377.193018726619;214.172808927065;204.667322226935
377.193018726619;214.172808927065;204.667322226935
377.193018726619;214.172808927065;204.667322226935
377.193018726619;214.172808927065;204.667322226935
377.193018726619;214.172808927065;204.667322226935
377.193018726619;214.172808927065;204.667322226935
377.193018726619;214.172808927065;204.667322226935
377.193018726619;214.172808927065;204.667322226935
377.193018726619;214.172808927065;204.667322226935
377.193018726619;214.172808927065;204.667322226935
377.193018726619;214.172808927065;204.667322226935
377.193018726619;214.172808927065;204.667322226935
377.196363346305;214.176017124379;204.682198887175
377.214679203876;214.193585903665;204.763666681927
377.254300282861;214.231590894096;204.939898775782
377.293868134916;214.269544828651;205.11589411957
377.312120251098;214.287052466469;205.197078396586
377.315446563178;214.290243102919;205.211873625736
377.315446563178;214.290243102919;205.211873625736
377.315446563178;214.290243102919;205.211873625736
377.312120251098;214.287052466469;205.197078396586
377.297212754602;214.272753025965;205.13077077981
377.199167316312;214.233300880447;205.004481596034
376.855002978532;214.147848558646;204.862135824767
376.308823908703;214.02734665333;204.721974872921
375.979567067419;213.956193772033;204.645936718429
375.906099935693;213.940317418234;204.62897031284
375.906099935693;213.940317418234;204.62897031284
375.882763841662;213.908483250081;204.6499283976
375.778178724101;213.765812406607;204.743856017002
375.605747016178;213.530587952263;204.898716481018
375.504557912584;213.391163600006;205.007643432039
375.496441697231;213.373879196059;205.095823857374
375.521535034944;213.397867701789;205.206654760148
375.483274115888;213.425206829721;205.221350102507
375.24698582318;213.485771272568;205.000939760319
374.851813208511;213.580272598612;204.612814823786
374.612128901836;213.637590550241;204.377405149979
374.562087150615;213.65365182252;204.34002236859
374.577499887787;213.668315499319;204.407894039627
374.6029111954;213.692491815165;204.519795507344
374.618323932572;213.707155491964;204.587667178381
374.621762979085;213.710427400517;204.602811395209
374.621762979085;213.710427400517;204.602811395209
374.621762979085;213.710427400517;204.602811395209
374.621762979085;213.710427400517;204.602811395209
374.621762979085;213.710427400517;204.602811395209
374.621762979085;213.710427400517;204.602811395209
374.568287995297;213.723273274179;204.550456504566
374.328629744917;213.780844485771;204.315818163394
373.933500089817;213.875763366903;203.928964939381
373.693841839437;213.933334578495;203.694326598208
373.640366855649;213.946180452157;203.641971707565
373.640366855649;213.946180452157;203.641971707565
373.640366855649;213.946180452157;203.641971707565
373.640366855649;213.946180452157;203.641971707565
373.640366855649;213.946180452157;203.641971707565
373.640366855649;213.946180452157;203.641971707565
373.640366855649;213.946180452157;203.641971707565
373.640366855649;213.946180452157;203.641971707565
373.640366855649;213.946180452157;203.641971707565
373.640366855649;213.946180452157;203.641971707565
373.640366855649;213.946180452157;203.641971707565
373.640366855649;213.946180452157;203.641971707565
373.640366855649;213.946180452157;203.641971707565
373.640366855649;213.946180452157;203.641971707565
373.640366855649;213.946180452157;203.641971707565
373.640366855649;213.946180452157;203.641971707565
373.640366855649;213.946180452157;203.641971707565
373.640366855649;213.946180452157;203.641971707565
373.640366855649;213.946180452157;203.641971707565
373.640366855649;213.946180452157;203.641971707565
373.640366855649;213.946180452157;203.641971707565
373.640366855649;213.946180452157;203.641971707565
373.640366855649;213.946180452157;203.641971707565
373.640366855649;213.946180452157;203.641971707565
373.640366855649;213.946180452157;203.641971707565
373.640366855649;213.946180452157;203.641971707565
373.640366855649;213.946180452157;203.641971707565
373.640366855649;213.946180452157;203.641971707565
373.640366855649;213.946180452157;203.641971707565
373.640366855649;213.946180452157;203.641971707565
373.640366855649;213.946180452157;203.641971707565
373.640366855649;213.946180452157;203.641971707565
373.640366855649;213.946180452157;203.641971707565
373.640366855649;213.946180452157;203.641971707565
373.640366855649;213.946180452157;203.641971707565
373.640366855649;213.946180452157;203.641971707565
373.640366855649;213.946180452157;203.641971707565
373.640366855649;213.946180452157;203.641971707565
373.640366855649;213.946180452157;203.641971707565
373.640366855649;213.946180452157;203.641971707565
373.640366855649;213.946180452157;203.641971707565
373.640366855649;213.946180452157;203.641971707565
373.640366855649;213.946180452157;203.641971707565
373.640366855649;213.946180452157;203.641971707565
373.640366855649;213.946180452157;203.641971707565
373.640366855649;213.946180452157;203.641971707565
373.640366855649;213.946180452157;203.641971707565
373.66370350724;213.978017103519;203.620937241253
373.768291123617;214.12069907596;203.526667303482
373.94072695139;214.355941878869;203.371242451892
374.045314567767;214.49862385131;203.276972514121
374.068651219358;214.530460502671;203.255938047809
374.045314567767;214.49862385131;203.261601017759
373.937225917144;214.352626893743;203.286980688289
373.749099542456;214.102527358231;203.328824690935
373.61864258763;213.935350774734;203.354204361465
373.60645307496;213.923809027255;203.354204361465
373.723230204007;214.078032747175;203.328824690935
373.921535370228;214.33777016114;203.286980688289
374.041813533521;214.495308866185;203.261601017759
374.068651219358;214.530460502671;203.255938047809
374.068651219358;214.530460502671;203.255938047809
374.068651219358;214.530460502671;203.255938047809
374.068651219358;214.530460502671;203.255938047809
374.068651219358;214.530460502671;203.255938047809
374.068651219358;214.530460502671;203.255938047809
374.068651219358;214.530460502671;203.255938047809
374.068651219358;214.530460502671;203.255938047809
374.068651219358;214.530460502671;203.255938047809
374.068651219358;214.530460502671;203.255938047809
374.091986643462;214.56229547945;203.234904687893
374.196568758616;214.704969946938;203.140639708643
374.368995516407;214.94020037627;202.985223032271
374.466610368654;215.076287533793;202.881221037739
374.458720686729;215.0786002355;202.816549402857
374.383876767137;214.998060850268;202.744602050705
374.247948544827;214.825727839348;202.700963775739
374.068355026996;214.583685431507;202.691226760457
373.963651910714;214.440874695659;202.691226760457
373.940289487609;214.409009313299;202.691226760457
373.940289487609;214.409009313299;202.691226760457
373.940289487609;214.409009313299;202.691226760457
373.940289487609;214.409009313299;202.691226760457
373.963651910713;214.440874695659;202.670250557798
374.068355026996;214.583685431507;202.576241739602
374.240981281918;214.819140529383;202.421247401409
374.3456843982;214.96195126523;202.327238583212
374.369046821304;214.993816647591;202.306262380553
374.369046821304;214.993816647591;202.306262380553
374.369046821304;214.993816647591;202.306262380553
374.369046821304;214.993816647591;202.306262380553
374.369046821304;214.993816647591;202.306262380553
374.3456843982;214.96195126523;202.327238583213
374.240981281918;214.819140529383;202.421247401409
374.068355026996;214.583685431507;202.576241739602
373.963651910714;214.440874695659;202.670250557798
373.940289487609;214.409009313299;202.691226760457
373.940289487609;214.409009313299;202.691226760457
373.940289487609;214.409009313299;202.691226760457
373.940289487609;214.409009313299;202.691226760457
373.940289487609;214.409009313299;202.691226760457
373.940289487609;214.409009313299;202.691226760457
373.940289487609;214.409009313299;202.691226760457
373.940289487609;214.409009313299;202.691226760457
373.940289487609;214.409009313299;202.691226760457
373.940289487609;214.409009313299;202.691226760457
373.916925784341;214.377142184846;202.712204112527
373.812216930758;214.234323623557;202.80621808202
373.639581216626;213.998855623709;202.961220913266
373.534872363043;213.85603706242;203.055234882759
373.511508659774;213.824169933967;203.076212234828
373.488143676235;213.792301059279;203.097190736402
373.383429084881;213.649474671905;203.191209857615
373.187417646847;213.394863090159;203.346221182612
372.977982725894;213.153559006206;203.460818590326
372.728279417867;212.923236012449;203.57402257359
372.366812828977;212.731040232759;203.726076686955
371.87438359658;212.599590269632;203.786924823915
371.43744081167;212.47675116079;203.666879607476
370.966292422604;212.336142652916;203.435030647022
370.381209707541;212.183043582903;203.294407144084
370.036136182479;212.097657899566;203.263029799353
369.959139871569;212.078605778369;203.263029799353
369.959139871569;212.078605778369;203.263029799353
369.935769873267;212.046728160314;203.284089018248
369.831032807303;211.90386258789;203.378469889399
369.634979349728;211.662027671464;203.534077639214
369.371775229441;211.490974926517;203.59705745052
368.88876933531;211.412624517564;203.457513462509
368.172529668091;211.384437345041;203.103779951065
367.533126008011;211.385252131572;202.669909339529
367.116381641399;211.442906871912;202.236601139128
366.588557515028;211.611099217863;201.749360208792
365.843077576781;211.833693497758;201.187358316671
365.395538329485;211.956496744274;200.866285814642
365.303463657194;211.989509979476;200.827835213551
365.338352852025;212.021765983191;200.976584076926
365.39587540966;212.074947142624;201.221829491963
365.377074233105;212.107203146339;201.318808787591
365.144235514112;212.114400433613;201.119984039356
364.646974504565;212.076608909464;200.728094656142
363.955762636634;211.907239048733;200.454125818274
363.159177722175;211.62799535673;200.333186240318
362.708589404867;211.458625495998;200.291232508393
362.608049561466;211.420833971849;200.28187136547
362.608049561466;211.420833971849;200.28187136547
362.608049561466;211.420833971849;200.28187136547
362.608049561466;211.420833971849;200.28187136547
362.608049561466;211.420833971849;200.28187136547
362.608049561466;211.420833971849;200.28187136547
362.608049561466;211.420833971849;200.28187136547
362.608049561466;211.420833971849;200.28187136547
362.608049561466;211.420833971849;200.28187136547
362.608049561466;211.420833971849;200.28187136547
362.608049561466;211.420833971849;200.28187136547
362.608049561466;211.420833971849;200.28187136547
362.608049561466;211.420833971849;200.28187136547
362.608049561466;211.420833971849;200.28187136547
362.500341586974;211.420833971849;200.220609847341
361.998364613235;211.41869892403;199.942245490839
361.116172129222;211.409130303555;199.472508686916
360.486958471915;211.389568263191;199.169806625054
360.278426651069;211.366817785957;199.091473097162
360.247062167847;211.353675294641;199.087663816889
360.259163329397;211.364682738138;199.105011733237
360.2694927168;211.374078542641;199.182759700328
360.239905137494;211.336529195641;199.332250940315
360.141494747775;211.199346328447;199.505488073351
360.011296048986;211.002325667055;199.680271008714
359.939478448979;210.889332100117;199.775760174659
359.924382497836;210.864964609876;199.797066687549
359.870551211919;210.864964609876;199.766893017981
359.629296126183;210.864964609876;199.631664012866
359.208121879365;210.846115215765;199.408709075716
358.861942137612;210.761638092192;199.273480070601
358.611706397173;210.590421171261;199.264624438442
358.401852213431;210.362809249645;199.360165253696
358.205440813846;210.107970469423;199.517685428026
358.046599579639;209.977904077644;199.561702696802
357.781571131609;210.004534920758;199.352108219096
357.383214508022;210.101098107772;198.971397843756
357.141599002317;210.159666641295;198.740485328641
357.087687295835;210.17273504756;198.688961782163
357.087687295835;210.17273504756;198.688961782163
357.087687295835;210.17273504756;198.688961782163
357.087687295835;210.17273504756;198.688961782163
357.087687295835;210.17273504756;198.688961782163
357.0642602044;210.140780068017;198.710290365717
356.959267264765;209.997567785454;198.805878445517
356.786163171915;209.761450648968;198.963476545907
356.681170232279;209.618238366406;199.059064625707
356.657743140844;209.586283386863;199.080393209261
356.657743140844;209.586283386863;199.080393209261
356.657743140844;209.586283386863;199.080393209261
356.711667909336;209.573230786813;199.131907199424
356.953341954905;209.51473309183;199.362776886107
357.35179509441;209.418286697824;199.743416649302
357.593469139979;209.359789002841;199.974286335985
357.643130379415;209.342863793573;200.008119220266
357.624022567845;209.325507963168;199.928878001285
357.592519112473;209.296893036409;199.798231318034
357.573411300903;209.279537206004;199.718990099052
357.569147771847;209.275664596786;199.70130899317
357.569147771847;209.275664596786;199.70130899317
357.569147771847;209.275664596786;199.70130899317
357.573411300903;209.279537206004;199.718990099052
357.588255583417;209.293020427191;199.780550212152
357.600651227219;209.304279523545;199.831955676422
357.588255583417;209.293020427191;199.798231318034
357.573411300903;209.279537206004;199.815912423915
357.5499961843;209.247596549654;199.950198018424
357.464164723713;209.121804289595;200.124988925196
357.322652568947;208.914407914747;200.300204833747
357.23682110836;208.788615654689;200.395754521538
357.217669520813;208.760547607557;200.417074538676
357.217669520813;208.760547607557;200.417074538676
357.194253316959;208.728605468082;200.438395545784
357.089309172076;208.585450730713;200.533949670306
356.916285528173;208.349428470213;200.691491787909
356.81134138329;208.206273732845;200.787045912431
356.787925179436;208.17433159337;200.808366919539
356.764507888254;208.142387970667;200.811927236496
356.659558870306;207.999226585931;200.827883470087
356.486527192077;207.763193365774;200.871952531998
356.38157817413;207.620031981039;200.967511093561
356.358160882948;207.588088358335;201.102313461841
356.358160882948;207.588088358335;201.181915789813
356.358160882948;207.588088358335;201.199677470001
356.353853279009;207.588088358335;201.181915789813
356.284891580004;207.601093530846;201.068589826471
356.030518098114;207.659378670345;200.786208927096
355.644299145299;207.755474619603;200.457420765513
355.417447186627;207.813759759102;200.288520237274
355.367790829116;207.826764931613;200.254796601904
355.367790829116;207.826764931613;200.254796601904
355.367790829116;207.826764931613;200.254796601904
355.367790829116;207.826764931613;200.254796601904
355.367790829116;207.826764931613;200.254796601904
355.367790829116;207.826764931613;200.254796601904
355.367790829116;207.826764931613;200.254796601904
355.367790829116;207.826764931613;200.254796601904
355.367790829116;207.826764931613;200.254796601904
355.367790829116;207.826764931613;200.254796601904
355.367790829116;207.826764931613;200.254796601904
355.367790829116;207.826764931613;200.254796601904
355.367790829116;207.826764931613;200.254796601904
355.367790829116;207.826764931613;200.254796601904
355.367790829116;207.826764931613;200.254796601904
355.367790829116;207.826764931613;200.254796601904
355.367790829116;207.826764931613;200.254796601904
355.367790829116;207.826764931613;200.254796601904
355.367790829116;207.826764931613;200.254796601904
355.391221185773;207.858724364978;200.233465045614
355.496228759117;208.001956608186;200.137863642936
355.669356978875;208.238106654214;199.980243576832
355.770004935367;208.3773908303;199.866681451046
355.773896844829;208.391656254392;199.764855518307
355.741683391341;208.362483764939;199.632142727684
355.722144944146;208.344789755666;199.551648351235
355.717785327294;208.340841688543;199.533687628126
355.694340135455;208.308865693889;199.554992374134
355.589266075439;208.165559228137;199.650473621463
355.416028237692;207.929286809823;199.807895584887
355.310954177676;207.78598034407;199.903376832216
355.291883437871;207.757968977828;199.942669111614
355.311488371738;207.775737209645;200.023283643412
355.343811443215;207.805032071385;200.156194536715
355.363416377082;207.822800303202;200.236809068513
355.367790829116;207.826764931613;200.254796601904
355.344359383899;207.794804013433;200.276129149244
355.239346931972;207.651565115749;200.3717349935
355.066210668791;207.415404098345;200.529362382529
354.961198216863;207.27216520066;200.624968226785
354.914334237796;207.208241879383;200.667634312584
354.809316906946;207.064996326759;200.763244598729
354.636172599781;206.828824337214;200.920879311193
354.507721646369;206.666585707988;201.016489597337
354.325209225319;206.549502241067;201.007649091245
353.909787173046;206.409161332558;200.872418405571
353.405329754369;206.324040268735;200.649460697649
353.116178635338;206.273065986633;200.535575104246
352.957035227612;206.129736167486;200.601063126429
352.783778148259;205.893425245935;200.758783210652
352.67869241762;205.750095426789;200.854445277386
352.601119250727;205.731082284567;200.824239354857
352.358546167153;205.789201112027;200.593203735267
351.958610764564;205.885022859089;200.212290394957
351.71603768099;205.943141686549;199.999700938644
351.643010399132;205.928223039043;200.033729394232
351.558297911771;205.803243472112;200.201541260118
351.418630631965;205.597187001711;200.388498363054
351.333918144604;205.47220743478;200.556479435892
351.315016233732;205.444320723995;200.642177598764
351.315016233732;205.444320723995;200.660650245915
351.315016233732;205.444320723995;200.660650245915
351.315016233732;205.444320723995;200.660650245915
351.315016233732;205.444320723995;200.660650245915
351.315016233732;205.444320723995;200.660650245915
351.315016233732;205.444320723995;200.660650245915
351.315016233732;205.444320723995;200.660650245915
351.315016233732;205.444320723995;200.660650245915
351.315016233732;205.444320723995;200.660650245915
351.315016233732;205.444320723995;200.660650245915
351.315016233732;205.444320723995;200.660650245915
351.315016233732;205.444320723995;200.660650245915
351.315016233732;205.444320723995;200.660650245915
351.315016233732;205.444320723995;200.660650245915
351.315016233732;205.444320723995;200.660650245915
351.315016233732;205.444320723995;200.660650245915
351.310456158474;205.440208893136;200.642177598764
351.290019319027;205.421780945715;200.559388937926
351.256324667126;205.391398396827;200.422893511829
351.235887827679;205.372970449407;200.340104850991
351.231327752421;205.368858618547;200.32163220384
351.231327752421;205.368858618547;200.32163220384
351.231327752421;205.368858618547;200.32163220384
351.231327752421;205.368858618547;200.32163220384
351.231327752421;205.368858618547;200.32163220384
351.231327752421;205.368858618547;200.32163220384
351.231327752421;205.368858618547;200.32163220384
351.231327752421;205.368858618547;200.32163220384
351.231327752421;205.368858618547;200.32163220384
351.231327752421;205.368858618547;200.32163220384
351.231327752421;205.368858618547;200.32163220384
351.231327752421;205.368858618547;200.32163220384
351.207864675034;205.336858588598;200.342988862439
351.102710457556;205.193444404123;200.438702765862
350.929340462495;204.95699438766;200.596508314338
350.824186245017;204.813580203186;200.692222217761
350.80072316763;204.781580173236;200.71357887636
350.727698549397;204.766701040254;200.71357887636
350.400424915993;204.70001739259;200.723508414478
349.83737884451;204.558072846776;200.759430559388
349.40495102337;204.347967093015;200.794352253305
349.057382863581;204.045559353762;200.784041914722
348.498800078553;203.673277423313;200.79397145284
347.709043911649;203.236204934515;200.850846236922
347.094017159462;202.863963341586;200.898541719151
346.506234698233;202.522564481123;200.922366834177
345.848078442473;202.257541731516;200.931614096131
345.481045381305;202.144470403433;200.933677439172
345.403325277869;202.12543144382;200.933677439172
345.403325277869;202.12543144382;200.933677439172
345.403325277869;202.12543144382;200.933677439172
345.403325277869;202.12543144382;200.933677439172
345.39847663378;202.121093542889;200.914446779449
345.376746518563;202.101652419699;200.828260941956
345.34091961539;202.06959942637;200.686164518448
345.319189500173;202.05015830318;200.599978680955
345.314340856084;202.04582040225;200.580748021233
345.314340856084;202.04582040225;200.580748021233
345.314340856084;202.041458539372;200.580748021233
345.363860308166;202.009029806625;200.613041782121
345.585791095331;201.919074617883;200.757772377336
345.951693104754;201.80435343977;200.996392788189
346.173623891919;201.742266437646;201.141123383404
346.223143344001;201.729386218082;201.173417144292
346.223143344001;201.729386218082;201.173417144292
346.223143344001;201.729386218082;201.173417144292
346.168748464611;201.742266437646;201.121786496258
345.92496752817;201.799991576893;200.890393985269
345.523040712868;201.895164241822;200.50889223052
345.279259776426;201.952889381069;200.27749971953
345.279259776426;201.952889381069;200.27749971953
345.523040712868;201.895164241822;200.50889223052
345.92496752817;201.799991576893;200.890393985269
346.168748464611;201.742266437646;201.121786496258
346.223143344001;201.729386218082;201.173417144292
346.223143344001;201.729386218082;201.173417144292
346.223143344001;201.729386218082;201.173417144292
346.223143344001;201.729386218082;201.173417144292
346.223143344001;201.729386218082;201.173417144292
346.1452383306;201.723085640613;201.143178925775
345.796092283517;201.694848411438;201.00766063234
345.165984663849;201.648293091071;200.732555453477
344.572751913179;201.620055861896;200.365453559361
344.092415959678;201.613755284428;199.953398532454
343.848329256091;201.613755284428;199.721814931772
343.780269437816;201.590536627622;199.691544695361
343.709405512457;201.477620935005;199.787466508359
343.564445838744;201.266363140435;199.956624550898
343.411621261319;201.069241546504;200.121676131889
343.197532129215;200.867871327049;200.313112746249
342.723755279996;200.589150511317;200.508667079502
342.101709491456;200.35690649672;200.608358995134
341.756263043772;200.263500126549;200.628146670075
341.683318596153;200.248820917698;200.628146670075
341.683318596153;200.248820917698;200.628146670075
341.683318596153;200.248820917698;200.628146670075
341.683318596153;200.248820917698;200.628146670075
341.683318596153;200.239805807155;200.628146670075
341.727743071397;200.186560340719;200.640158378219
341.926839756555;200.062390893884;200.693991119325
342.255094696301;199.927093693071;200.782746304646
342.454191381459;199.860522293233;200.836579045752
342.553118472161;199.834850198912;200.900235167087
342.797382248159;199.777352143675;201.131689369228
343.20010513131;199.682553876982;201.513292835491
343.498816406223;199.612239245537;201.796339224678
343.797335782471;199.54196978575;202.079203778665
344.199651406394;199.447267385149;202.46042134301
344.490667600213;199.441083963507;202.691641483807
344.810118127437;199.670818443693;202.75202231594
345.47883497552;200.113433923339;202.800189240162
346.463256861936;200.498478612228;202.922002430946
347.589132016759;200.835954491563;203.108652268822
348.908373571284;201.349315912085;203.342340599439
350.603817495642;202.106734634431;203.636959651715
352.488035381185;203.036605632954;203.993031467719
354.708697963013;204.052611566851;204.29640410534
357.182544713063;205.152547444547;204.598726247115
359.743543632695;206.334471478949;204.906746109614
362.313175588299;207.856854771978;205.073586726329
364.997290746152;209.743318011825;205.109491571579
367.756415020706;211.617905966412;205.063672931486
370.335679348931;213.224428677471;204.930580541345
372.511641397043;214.57473151219;204.785014305434
374.436073069211;215.605934507378;204.69516730087
376.063579831345;216.313865891398;204.507516573884
377.350070953212;216.64706474996;204.399766626111
377.939674919571;216.690585543067;204.548370698289
377.935943839552;216.526298166246;204.860529932427
377.716625402159;216.246529976751;205.049864078644
377.58360204564;216.07684199221;205.092110237011
377.500796282856;216.052045106455;205.040665433068
377.262709957347;216.110601159129;204.810105817512
376.870171968217;216.207143768699;204.429977275181
376.632085642707;216.265699821373;204.199417659625
376.578961402767;216.278765442783;204.147972855682
376.578961402767;216.278765442783;204.147972855682
376.555694405961;216.247009130876;204.147972855682
376.381690148747;216.092352589471;204.168491755714
375.89726614978;215.802423463377;204.26045108572
375.277760601433;215.568960308225;204.41206638914
374.941990750313;215.481924040402;204.504025719146
374.872261938383;215.469589414985;204.524544619178
374.872261938383;215.469589414985;204.524544619178
374.8490056807;215.437843609348;204.545745373212
374.721521033595;215.276933651183;204.640760560852
374.445447113742;214.958845262886;204.797414121753
374.116206263377;214.678874426436;204.862560853009
373.750454215371;214.563611771259;204.749900472524
373.281149360086;214.558101943212;204.478079339122
372.804382956826;214.616925456613;204.115107834384
372.357994606756;214.713909034374;203.707500237286
372.119491866636;214.772732547775;203.478389867069
372.066274712037;214.785857847741;203.427268433471
372.066274712037;214.785857847741;203.427268433471
372.042990510963;214.754077859479;203.448490059387
371.915352684462;214.579868376611;203.56482139488
371.638947044905;214.202609652853;203.816742303196
371.36253827712;213.825346659458;204.068666062633
371.234896704438;213.651132063529;204.18500081246
371.211611427399;213.619350606709;204.20622341903
371.158315007277;213.619350606709;204.197536703533
370.872857396993;213.56885915932;204.15860554563
370.270202121025;213.34257219141;204.094418917503
369.687016881353;212.969488054135;204.055487759601
369.371499595861;212.743201086225;204.016859311647
369.085686106148;212.692709638836;203.882669776554
368.667974754529;212.673981458062;203.661428635741
368.300957699622;212.558228915084;203.548484587563
367.970818123264;212.277243996427;203.613758521608
367.670734714106;211.926380118499;203.791989086044
367.415112750078;211.590621056164;204.0036722766
367.091689265402;211.14924404574;204.294660912221
366.683301141989;210.593531165926;204.625431580186
366.161510060128;209.974765903402;204.871412841274
365.283784073396;209.260848819791;204.966807713555
363.944350384862;208.464193702723;204.964595173332
362.689000965148;207.781233023279;204.932049653924
362.022604693398;207.349165185526;204.929014712167
361.761131684551;207.073545874596;204.999476383781
361.670249648643;206.943540308118;205.122909927498
361.650857672463;206.91535675228;205.1977761562
361.650857672463;206.91535675228;205.2144810698
361.650857672463;206.91535675228;205.2144810698
361.650857672463;206.91535675228;205.2144810698
361.650857672463;206.91535675228;205.2144810698
361.650857672463;206.91535675228;205.2144810698
361.650857672463;206.91535675228;205.2144810698
361.650857672463;206.91535675228;205.2144810698
361.566705794291;206.973106086654;205.090245134708
361.189563241635;207.231920647339;204.533458302263
360.567760292985;207.658633718706;203.615472008365
360.190617740329;207.91744827939;203.05868517592
360.106465862156;207.975197613764;202.934449240828
360.106465862156;207.975197613764;202.934449240828
360.106465862156;207.975197613764;202.934449240828
360.106465862156;207.975197613764;202.934449240828
360.106465862156;207.975197613764;202.934449240828
360.106465862156;207.975197613764;202.934449240828
360.106465862156;207.975197613764;202.934449240828
360.160251633737;207.962255988655;202.985970115321
360.45106082114;207.89132712774;203.251661603239
361.071487160391;207.737759122035;203.804952205079
361.684176758212;207.580533582144;204.367669542318
361.978769558972;207.42929584616;204.724107194263
362.060920655968;207.09032448939;205.000719727487
362.149913397098;206.539288099259;205.506956262511
362.434391155579;206.129876335227;206.307944524778
362.877347817251;205.967415093826;207.072144592445
363.159557609678;205.933234223395;207.46394931617
363.313180424845;206.010995496145;207.637108017822
363.71463547344;206.344458642181;207.82317748281
364.737175913298;206.946324901371;208.08062617894
366.265568699616;207.583899981957;208.415595868281
367.869969907762;208.235166858886;208.782134931392
369.474473827487;208.902338998488;209.01131538851
370.991155876556;209.736265555766;209.084461756484
372.603179517965;210.750785603881;209.019158596008
374.349022117664;212.033064353635;208.730195944282
376.184558709665;213.597323027916;208.23586843996
378.1547719844;215.180016708839;207.792029248233
380.163246093954;216.734412837434;207.505547854473
382.065296527018;218.10041720309;207.273660878145
383.855597199255;219.203525519671;206.981971916491
385.050068380002;220.077051363786;206.63278756765
385.649345633113;220.733699162744;206.285160865548
385.867174278921;221.036300252643;206.053335995046
385.910616809072;221.09676936598;205.968327683461
385.910616809072;221.09676936598;205.955353644411
385.887474233521;221.065161375337;205.97654148012
385.760612813664;220.918508215399;206.071498771839
385.485888641554;220.662564598467;206.228056878505
385.10594979572;220.457378476952;206.285676763652
384.507558627388;220.284107078675;206.139529952409
383.66065920252;220.045792421504;205.863641760656
382.98144909535;219.762172559182;205.696307113705
382.533824517316;219.464596997512;205.658969707132
382.197473618234;219.295179949006;205.600322748354
381.551289551134;219.220404180515;205.33748531419
380.496595496259;219.114002898931;204.882909729525
379.698874963189;218.974618501687;204.509756233139
379.24366529765;218.890155776861;204.226252208245
378.850326040533;218.8660432225;204.004803998457
378.560629954102;218.874773776776;203.843746628026
378.250467062544;218.882226059516;203.687019070352
377.798976098151;218.82165721231;203.563051335448
377.350588613147;218.574874731609;203.512276212333
376.908024977162;218.127700302429;203.546621123572
376.491660701949;217.615858223582;203.737110435321
376.055503741476;217.04371293674;204.051174215442
375.635775927358;216.520188926901;204.241663527191
375.178054249238;216.052222379614;204.261139244856
374.654250550803;215.764806565849;204.149507806121
373.916027642912;215.585996701315;203.941587417719
373.073658126739;215.351295608095;203.776120271804
372.438584193507;215.052701019753;203.715328300157
372.130337397647;214.819556238804;203.749400726377
371.875207191051;214.497682955273;203.93986652524
371.481206991324;213.961372575946;204.253891539167
371.048122639096;213.376947864923;204.44435733803
370.554829580525;212.800576367184;204.484113008805
369.910228826336;212.398213141241;204.441888497227
368.950196473659;212.108966508983;204.28747772865
368.040021178655;211.886533746199;204.054020667281
367.619633057381;211.783797392258;203.917135037598
367.542928845648;211.765052069432;203.887203769687
367.496294717682;211.701410333564;203.929697692156
367.287295056072;211.416187861506;204.120142240038
366.942712868408;210.945935504943;204.434132217021
366.733713206799;210.660713032885;204.624576764904
366.610266152032;210.578271940082;204.658387816661
366.242681778483;210.475199934173;204.619473889896
365.570536761295;210.251948926672;204.534056757599
365.000317323725;210.028640421725;204.369893708238
364.578890598046;209.925499560308;204.069796601491
364.159792548593;209.906680426906;203.753046497104
363.91974874165;209.906680426906;203.597456652109
363.866187728564;209.906680426906;203.567483369855
363.866187728564;209.906680426906;203.567483369855
363.866187728564;209.874823001743;203.588752771486
363.866187728564;209.732047927582;203.684075616307
363.896414942544;209.496651625887;203.892459109861
364.089166202353;209.353623967062;204.26321478558
364.592545320278;209.307881722511;204.889817936449
365.31278909231;209.255304625416;205.598941662367
366.080945365914;209.188818724971;206.25442954583
366.910202969239;209.185332116168;206.915118673603
367.661417008805;209.286888839266;207.478389974294
368.347975134513;209.68453635342;207.775062171385
369.479905259644;210.613173647826;207.818833426847
371.452134668983;212.064347868967;207.748173583195
374.350766773806;214.041817265258;207.695927740248
378.174851965038;216.57831043258;207.653678156288
382.265323574438;219.275101094166;207.425356326648
385.964451521664;221.951901567114;206.777741718915
389.417090890352;224.799939157995;205.879948632254
392.996337032636;227.509320564893;205.234912449363
396.225962570428;229.745325081419;204.835408106057
398.692551394785;231.493297234184;204.386675048426
400.402447509211;232.685826810634;203.897561453916
401.155088552716;233.416983441698;203.591162477852
401.171505843769;233.723959471352;203.312173632854
400.620934729383;233.798505204831;202.824037176817
399.617432684585;233.873192777862;202.108422818672
398.76487560526;234.063210302054;201.252233575156
398.422632898404;234.360981839844;200.688866945728
398.378019316706;234.673315845774;200.472988151627
398.395310426314;234.843317637492;200.418469249975
398.405798014432;234.884808151036;200.408503213322
398.385142007808;234.855613860386;200.429896103654
398.259083718125;234.683294368528;200.535712464156
397.986099250462;234.31012934407;200.738334068605
397.710751236316;233.934696436931;200.907658143277
397.574107891441;233.752223423634;200.973599371277
397.533663767605;233.704052997368;200.983539448995
397.523081492904;233.69390327681;200.983539448995
397.520720268255;233.691638568036;200.983539448995
397.419598713542;233.719518601067;200.89755005262
396.96640334701;233.84680444874;200.51217231472
396.219210506426;234.063281736315;199.87679184099
395.766015139894;234.205493750257;199.49141410309
395.664893585181;234.243843942759;199.405424706715
395.618851127207;234.197213306558;199.405424706715
395.412503146535;233.977759134477;199.405424706715
395.020456275224;233.615940373024;199.399479386609
394.529908233721;233.396486200943;199.345450116146
393.868311440756;233.347519356382;199.178792367949
393.229571592959;233.330001784919;198.949803943715
392.821467790173;233.222439569496;198.842564120295
392.507634035248;232.962790674411;198.911235703817
392.250629303037;232.667157185511;199.069604907928
392.124296859848;232.508474746484;199.17797342798
392.084680736144;232.461360267484;199.254588251237
392.050010476856;232.418906741256;199.354688738771
391.921078581273;232.257727314104;199.450747858907
391.647487426744;231.932320050764;199.530455772847
391.35084512641;231.598906471144;199.592767443485
391.098156656294;231.368137728903;199.697950850739
390.795617575082;231.195407701227;199.844453143968
390.472588375891;230.957676532394;199.88728240776
390.078174411168;230.599599606821;199.820950133243
389.314923355181;230.128919370622;199.767716934436
388.309694552318;229.71341868576;199.755839002261
387.72010844153;229.492443614683;199.755839002261
387.472356063411;229.31210045755;199.755839002261
387.094091875446;229.034413414577;199.743937314707
386.306344557957;228.705408253281;199.690597651681
385.201815920979;228.293306214293;199.602655414678
384.326473777045;227.843361514162;199.605717734378
383.821180073476;227.386408572397;199.846592196352
383.429256803585;226.870465734672;200.263349610805
383.095537040849;226.428261260899;200.518231075294
382.70397439172;226.020934028217;200.584068425069
382.15896883559;225.656264020574;200.599624715421
381.516117536962;225.342854324561;200.609060082471
380.984148009759;225.03833297586;200.611165397432
380.605032447101;224.751575339481;200.605231611993
380.220407749927;224.534315227127;200.600139406949
379.706554090515;224.374888267631;200.652655920302
379.27774205411;224.197916984026;200.784935936857
379.018031121042;223.976474623427;200.875363738258
378.777722861086;223.675681345893;200.896864914561
378.466717536077;223.298623377147;200.899531058632
378.049259618346;222.839922826341;200.911479887373
377.511157047917;222.483910279681;200.931180175478
376.648837708451;222.226123533474;200.943129004219
375.684385884626;221.93889000177;200.967344083077
375.076752382053;221.618836664418;201.085469374824
374.706430262013;221.210686305725;201.341274566461
374.43166676106;220.835264485669;201.597081884672
374.281637897809;220.644016486286;201.715209723077
374.102172222903;220.518496314881;201.731098504583
373.672328784534;220.306857662942;201.705728179381
373.076279187651;220.04493725548;201.663899584576
372.623195984325;219.815282909432;201.638529259374
372.363022961771;219.627295192561;201.632868374649
372.116076829746;219.415487275074;201.627201858796
371.753136355831;219.215827419369;201.601806296631
371.23707443767;219.056023329451;201.55993609311
370.8298789983;218.909793909495;201.534540530945
370.726036646464;218.829427196914;201.577663293184
371.014649392695;218.815712795588;201.801961316985
371.766484188203;218.85252913981;202.209295045815
372.718622086848;218.977692984332;202.593379267788
373.592986469259;219.194609872925;202.968140141951
374.525942335212;219.433753001236;203.36682942237
375.46436436843;219.701861229329;203.695621496183
376.162809861403;220.052205200181;203.895546166063
376.919441876261;220.503339801503;203.997226488254
378.220879548154;221.262461552575;203.958104223913
379.953252948269;222.530676238358;203.598853266825
382.027212938336;224.425129279165;202.856308397973
384.660745519666;226.829513915289;201.975246798437
387.743348617289;229.54847234565;201.038278115415
390.804902820429;232.156577588698;200.226510564528
393.573885644942;234.373450890186;199.690212553558
396.029361508625;236.091664225245;199.338229919705
398.196801284151;237.219624218386;199.035122829341
399.961462220728;237.93593134429;198.828540008567
400.958706657232;238.475508383821;198.679139232682
401.351159800216;238.864450439462;198.539845235332
401.415579065248;239.052585471853;198.388910496674
401.215810542619;239.145499737261;198.129096303817
400.850003589828;239.236922642482;197.806532769496
400.598646507949;239.261844186749;197.651267212838
400.439948110856;239.142857942278;197.710644233208
400.276886968552;238.926755562355;197.869528366783
400.158922552691;238.764286197129;197.987399757002
400.012363031219;238.577139181093;198.105273454347
399.739791453281;238.268104079832;198.264162484245
399.415717396966;237.98616390087;198.334044345705
399.059038336727;237.814052912417;198.236831249574
398.583400133881;237.691139683595;198.041101015505
398.006321981848;237.606943903927;197.907500884771
397.267265088924;237.495996700414;197.814307370945
396.520112478781;237.28472190796;197.69957610013
395.837970021477;236.993302413952;197.606804765424
395.236377650102;236.627192392328;197.540220642774
394.577443034036;236.226470912509;197.521887093638
393.876952122869;235.909707985528;197.606308991681
393.370392755141;235.597256525452;197.763920590437
392.844900157535;235.048499090911;197.941015576007
392.043933143056;234.333888211885;198.18361700427
391.133701910124;233.717890853475;198.444068318486
390.444628618019;233.161440958178;198.612131174794
389.87594550593;232.562372113393;198.698761224858
389.053803148031;231.90967036099;198.780065281228
387.842085028934;231.263831650454;198.887563879328
386.676585281327;230.694320308264;198.954077007854
385.813572412272;230.100953536681;198.95479363986
384.966148601799;229.485191465817;198.95343984515
383.92506069941;228.985844749818;198.97478376381
382.895710766346;228.572544626401;198.993844375398
382.206984600519;228.128568395296;199.03786882877
381.682192678467;227.600432913169;199.188732405694
381.096052407792;227.190046196205;199.43870372119
380.364525864992;226.821778739227;199.626376090155
379.735952047892;226.359211362895;199.700442837067
379.254180353456;225.876023474244;199.765798902109
378.833609115535;225.480262895751;199.950996697939
378.446734655223;225.09523362226;200.288412211763
378.067117866587;224.633904154508;200.658800641348
377.565437500266;224.144875238584;200.933894476957
376.876758259585;223.671756585156;201.14898600993
376.26297187296;223.155072708601;201.361956989312
375.769830451742;222.558119504704;201.665609769434
375.21934432009;221.805675065799;202.14368160224
374.498165085897;220.819914893069;202.815011310155
373.696532086467;219.724184668851;203.566432983104
372.975289430722;218.738337806936;204.220844976249
372.349170966031;217.981783583363;204.618236034245
371.534192859103;217.384443288233;204.727731723601
370.4435123436;216.948621951718;204.611093767035
369.590564542009;216.757693151645;204.383088810723
369.263573985992;216.728438645351;204.274339021526
369.241784117548;216.756680769644;204.375880894079
369.299161513445;216.809481041976;204.62340840103
369.465161417351;216.920841299106;204.91118225538
370.018651384238;217.254962126428;205.273558834648
371.043354279674;217.896922155203;205.619015881545
372.295032319203;218.723199945294;205.806638449497
373.98081430018;219.814423671397;205.826695359306
376.27545544203;221.357534765323;205.752674701291
379.015921908295;223.414015385535;205.599474513555
381.428442661343;225.831747044169;205.252898185728
379.23948662366;228.658027434314;201.634891204894
364.558088543859;232.991638698913;187.310188141438
339.97008235079;239.232635022166;164.015080693339
325.032144206055;244.131836367276;149.673021554594
321.766021977556;246.714366096387;145.978019270841
322.076413089165;248.00448670031;145.133219319119
322.576559861845;248.934899489651;144.048487826628
322.916047521083;249.503722151583;143.131530315824
323.012427263343;249.690770734441;142.603279099991
322.992301862386;249.693490044835;142.321007264541
322.942308245078;249.65973201527;142.101600751158
322.905182755016;249.639256735327;141.957997800022
322.86792869308;249.634688082834;141.813897527492
322.817662212583;249.634688082834;141.61946467474
322.787174051006;249.634688082834;141.501535188291
322.78037122263;249.634688082834;141.475221563093
322.78037122263;249.630094494817;141.475221563093
322.78037122263;249.609507461604;141.475221563093
322.756681344629;249.55841447398;141.475221563093
322.626820208763;249.445782301101;141.497572114088
322.34560105727;249.21409213993;141.597740334195
322.06438018884;248.880150478127;141.785240917487
321.934516996875;248.538875842614;141.985579854717
325.780213950757;247.910086884779;144.945045562167
343.121605270768;245.93010740602;157.499435482041
371.712726003605;242.666585229982;178.143567822346
389.008143327179;240.349287904316;190.836323196082
392.648501693915;239.352174920459;193.928878203432
392.131165098137;238.664480321613;194.291092606963
391.374896997361;238.011180444878;194.611894020385
390.44545917812;237.368200772112;194.926924644616
389.547399730992;236.606093876719;195.243808572941
388.635705194655;235.825624955738;195.504910561795
387.563585593127;235.073294712138;195.680758581936
386.396243410711;234.325129652385;195.812242962968
384.987649309195;233.495194935965;195.903524128373
383.521234488629;232.586673665683;195.956153525004
382.233038474309;231.760004900409;196.02979017876
380.99213099226;231.161419064278;196.200669276182
379.802647765508;230.548168698126;196.392286921682
378.76541883851;229.684847336206;196.486670431987
377.719585875082;228.813985282232;196.508214484231
376.564899547026;228.254315932409;196.524448648698
375.589200201719;227.930925840977;196.539925824765
374.905784101109;227.545729789926;196.523520606051
374.108810234785;226.969587657954;196.542155847068
373.109084504048;226.434616829463;196.704743769831
372.206942281138;225.942603936547;196.906684478994
371.455517149959;225.381977601966;197.030781320068
370.677415536254;224.796811299018;197.15209509502
369.818517471884;224.198110568801;197.315687296008
368.895248997588;223.618907653295;197.46077466661
367.891173874091;223.005434523043;197.632665973155
366.806358281217;222.355660107137;197.798185454322
365.721231449317;221.643114350399;198.0164845706
364.665407416407;220.912298838789;198.34128287295
363.739462025981;220.115514700922;198.680712723603
362.819311062452;219.328665977377;198.927073539215
361.759341899679;218.600732828599;199.039802612814
360.759248371827;218.004298597641;199.083212159353
359.820879831855;217.527293584302;199.133938607313
358.964685961669;217.119633529537;199.207057990701
358.253864736402;216.855904533157;199.230355234425
357.908502478945;216.761019864207;199.221189369949
357.85977103199;216.767924743995;199.215840470506
357.963571253325;216.872743319905;199.215840470506
358.191240772273;217.075736870145;199.257269083319
358.62786199188;217.258837390415;199.477698909847
359.451746552602;217.40836506315;199.94571784877
360.514922940687;217.703422460853;200.423065407388
361.709200906095;218.325066026045;200.699128955606
363.397669426474;219.318136441248;200.817944323234
365.827745014529;220.662993081006;200.859925644445
369.110518770252;222.467455689545;200.827506232292
373.149266079915;224.929836322739;200.619165464516
377.581057544381;227.853298512007;200.104227997985
382.146008425841;231.055660031886;199.226234607561
386.53007173267;234.40490834361;197.954873701516
390.307755268541;237.641624205663;196.440560297966
393.438136187855;240.656814822238;194.811275299688
395.886827535872;243.046552635143;193.478602687571
397.743687384782;244.495546850726;192.773725647886
398.805421796266;245.034354201461;192.475657463968
399.154077364411;245.109032819945;192.366791371332
399.200548279633;245.077688555936;192.344019746036
399.202866791186;245.060803572426;192.355433908947
399.213257639074;245.066090884815;192.40658863811
399.230389251008;245.081802039863;192.490928528178
399.238461587343;245.089205063481;192.53066909443
399.230389251008;245.081802039863;192.490928528178
399.213257639074;245.066090884815;192.40658863811
399.202866791186;245.056561587579;192.355433908947
399.198218164273;245.052298398658;192.332548456934
399.187775311733;245.042721408702;192.28113770594
399.170557958622;245.026931621654;192.196375707233
399.160115106082;245.017354631699;192.144964956239
399.157784990722;245.015217716396;192.133493667136
399.838346172671;245.27162225573;192.214393624803
402.888409783506;246.420747677247;192.576962080867
407.917114535678;248.315335202405;193.196382137046
410.967178146513;249.464460623922;193.655960027271
411.647739328462;249.720865163256;193.896801502497
411.647739328462;249.720865163256;193.993810936658
411.647739328462;249.720865163256;194.015456667238
411.647739328462;249.720865163256;194.015456667238
411.602041885905;249.658338681013;194.058749693658
411.397240157055;249.378114428942;194.252775576987
411.059579190424;248.916102743987;194.572670177897
410.854777461575;248.635878491916;194.766696061226
410.809080019018;248.573352009674;194.809989087646
410.809080019018;248.573352009674;194.809989087646
410.809080019018;248.575140253854;194.809989087646
410.707380725693;248.610719313477;194.716589265869
410.25159611434;248.747469188179;194.298000305441
409.500134330745;248.95916069584;193.607863782703
409.044349719392;249.084485378157;193.189274822274
408.942650426067;249.112050083383;193.095875000498
408.942650426067;249.112050083383;193.105996460161
408.921760288167;249.082620338623;193.173047958087
408.805275634522;248.91944418345;193.356563342974
408.548458870689;248.561793582274;193.623989183961
408.283920809025;248.196888570181;193.862018961459
408.107920180496;247.958185440829;194.043655196878
407.872341498288;247.63917543228;194.259598080784
407.508389560232;247.173841925821;194.56060729488
407.193043859351;246.885979070032;194.774536213033
406.945268855904;246.816747215391;194.771385415816
406.722035318997;246.814599135591;194.532920991802
406.425828322843;246.814177854627;194.15767848617
405.972268448212;246.813922334805;193.843011516117
405.406600487419;246.813865320627;193.653259641757
405.05993776066;246.782554849995;193.599798220708
404.88559047997;246.642231055978;193.682647452334
404.693611584715;246.379565034563;193.864776253343
404.46772863042;246.084268552018;194.059375469824
404.182710041041;245.755960694824;194.241507490628
403.875760557107;245.507416208584;194.324786536359
403.4802546227;245.410467818957;194.258983923525
402.853946911245;245.395822181751;194.044802476246
402.22537570533;245.379184179872;193.799655281064
401.822352514963;245.275352391341;193.696813992678
401.509485620843;245.021254671345;193.780671743556
401.254128093217;244.730444361791;193.990861298599
401.138589136487;244.582647769178;194.169875946321
401.117917884699;244.553382331823;194.241072969667
401.143010614478;244.586742498782;194.241277897755
401.278345629036;244.767558765872;194.170950019714
401.566285722135;245.15436433373;193.993228745474
401.847784462114;245.535198764218;193.783593491582
402.021158696794;245.771475175893;193.631440551696
402.249086617782;246.083383783938;193.414204431965
402.587158100146;246.546018660032;193.091991441548
402.792208819375;246.826620896635;192.896559383902
402.792208819375;246.826620896635;192.896559383902
402.587158100146;246.546018660032;193.091991441548
402.249086617782;246.083383783938;193.414204431965
402.044035898553;245.802781547335;193.60963648961
401.952528027298;245.707047889676;193.653243275931
401.747468920073;245.558601639085;193.653243275931
401.307319106325;245.313855148179;193.604677033301
400.6448386364;245.165408897588;193.387018234519
399.84492343461;245.132286061921;193.028159543211
399.341704897073;245.069618251401;192.854145755306
399.034391697236;244.788760609932;193.001182880899
398.695993803188;244.325704642404;193.323678314709
398.490745105265;244.046974311346;193.519281682933
398.444947930428;243.993840444643;193.56292669381
398.370375960972;244.041288457814;193.494033817451
398.036167580509;244.193022797961;193.185277366448
397.485151114793;244.446111578518;192.676224038214
397.171464543222;244.662316546912;192.367467587212
397.188864940385;244.830883794178;192.27668575268
397.34287826259;245.000510758876;192.156697698215
397.445501475531;245.257346162937;191.896861283652
397.483583561306;245.541562372685;191.637026056204
397.494234407628;245.696831121646;191.517039423356
397.496610932673;245.741946144882;191.495150873496
397.496610932673;245.751610779937;191.495150873496
397.496610932673;245.753767251505;191.495150873496
397.496610932673;245.753767251505;191.495150873496
397.496610932673;245.753767251505;191.495150873496
397.496610932673;245.753767251505;191.495150873496
397.496610932673;245.753767251505;191.495150873496
397.496610932673;245.753767251505;191.495150873496
397.496610932673;245.753767251505;191.495150873496
397.496610932673;245.753767251505;191.495150873496
397.496610932673;245.753767251505;191.495150873496
397.496610932673;245.753767251505;191.495150873496
397.496610932673;245.753767251505;191.495150873496
397.496610932673;245.753767251505;191.495150873496
397.496610932673;245.753767251505;191.495150873496
397.496610932673;245.751610779937;191.495150873496
397.496610932673;245.741946144882;191.495150873496
397.545327114177;245.726011855492;191.507666664393
397.786555852205;245.732874900477;191.563758547666
398.249143986586;245.804790351902;191.656238428732
398.63666907455;245.926914306903;191.712330312004
398.810904304329;246.032320454475;191.702991448903
398.936421793213;246.189278386339;191.605045684937
399.105612793545;246.420808729571;191.443560420513
399.208232322594;246.561238981395;191.345614656548
399.231129834545;246.592573205974;191.312318309019
399.231129834545;246.592573205974;191.261040196183
399.251715178209;246.621803744542;191.154667265616
399.343972287914;246.752805929764;191.005555604876
399.49607854706;246.968792019048;190.832813659931
399.588335656765;247.09979420427;190.734980112028
399.608921000429;247.129024742838;190.713150496817
399.608921000429;247.129024742838;190.713150496817
399.608921000429;247.129024742838;190.713150496817
399.608921000429;247.129024742838;190.713150496817
399.608921000429;247.126911190063;190.713150496817
399.608921000429;247.11531479273;190.713150496817
399.606597760662;247.090178027838;190.701676523051
399.593850876959;247.065010566435;190.638722448613
399.566220276735;247.053377408795;190.50226094917
399.589714614086;247.036512542382;190.412186757455
399.806204617865;246.985189815225;190.5359026842
400.181884125264;246.942333028838;190.770791319859
400.434077825919;247.001802070026;190.8185661961
400.58794071106;247.127575757955;190.767550313951
400.757271319477;247.26506539606;190.745779541285
400.85997552511;247.339516356833;190.745779541285
400.88289193096;247.356128611634;190.745779541285
400.88289193096;247.356128611634;190.745779541285
400.88289193096;247.356128611634;190.745779541285
400.88289193096;247.356128611634;190.745779541285
400.88289193096;247.356128611634;190.745779541285
400.85997552511;247.339516356833;190.745779541285
400.706112639969;247.250324640605;190.742776354004
400.284577508296;247.044886159686;190.729317002391
399.626955675753;246.770361223336;190.707126283096
398.827153961778;246.427492482425;190.706450873313
397.822543046051;245.885913564137;190.76074133841
396.59546506021;245.067344805631;190.858204132643
395.064265882911;244.150316946494;190.92894971317
393.307278642624;243.220978871087;190.973729237943
391.417430137729;242.196092741681;191.03417822317
389.436093752294;241.047465683668;191.139010530078
387.416754794641;239.848273410802;191.278163802658
385.325637133752;238.553786068448;191.427339558518
383.320001952411;237.297273822475;191.520269917076
381.734571105743;236.323596679748;191.560148521893
380.629334136373;235.671193631286;191.571583740095
379.682040564163;235.185077927778;191.54113764276
378.80731272624;234.759867986877;191.487496064201
378.080558603285;234.480879986553;191.430217247653
377.717801470016;234.369979818677;191.347603639125
377.622196088924;234.334815559678;191.25189925467
377.60780949178;234.322136443233;191.25189925467
377.58152047046;234.287749771765;191.35173347818
377.478087848088;234.146318518527;191.449619620153
377.284476784542;233.881579457192;191.54038313815
377.077609023946;233.598713510601;191.671296758737
376.883994373825;233.333969545071;191.840056543956
376.780559235602;233.192534851719;191.93794506687
376.757479736646;233.160976505941;191.959786948665
376.757479736646;233.160976505941;191.959786948665
376.757479736646;233.160976505941;191.959786948665
376.757479736646;233.160976505941;191.959786948665
376.757479736646;233.160976505941;191.959786948665
376.757479736646;233.160976505941;191.959786948665
376.734399676306;233.129417392542;191.981629361738
376.607881400398;232.956419377903;192.101363210052
376.333901369582;232.581785744608;192.360651310646
376.036838523396;232.17558923075;192.641784431609
375.783793861919;231.82958211252;192.881259803024
375.463637574311;231.391808188297;193.169530853932
375.082884206238;230.87276587151;193.460775867119
374.747869056602;230.433131402201;193.633182087627
374.437764090542;230.147663154005;193.683301799268
373.979974921926;229.941980806154;193.673994617715
373.442555107487;229.780263162281;193.646898587182
373.05537452113;229.564329048148;193.637228411666
372.712115178917;229.19923945587;193.685684332714
372.307904242625;228.68757611862;193.881966959081
371.827190622417;228.118403446392;194.291081801805
371.112602857767;227.502984410187;194.754448248811
370.110120855975;226.836994696649;194.990525170057
369.143742904207;226.28136864804;195.023874981837
368.285626251595;225.913953046719;194.995386191295
367.482327288681;225.585304904628;194.964936409143
366.678018548;225.206210070759;194.936427731396
366.212807356366;224.955157407959;194.943082417646
366.010497100082;224.764460887612;195.037772451587
365.839575842117;224.530778216438;195.199493415076
365.735906858764;224.389042511728;195.29758213775
365.735906858764;224.389042511728;195.29758213775
365.839575842117;224.530778216438;195.199493415076
366.010497100082;224.764460887612;195.037772451587
366.136174185507;224.853898798568;194.977422061347
366.287283198154;224.605350229462;195.193991591986
366.58141237928;224.013695054706;195.783533598997
366.896869316476;223.44095568907;196.464908510961
367.050387498836;223.183434052466;196.813338194966
367.079731364112;223.137642423545;196.882662805999
367.079731364112;223.137642423545;196.882662805999
367.102867485639;223.169269546516;196.860841645253
367.206556388618;223.311012477861;196.763045987637
367.377510488494;223.544707063741;196.601808206742
367.481199391473;223.718076287749;196.482191961251
367.504335513;223.891442620885;196.36257771032
367.478634490809;224.125131071577;196.201344162404
367.343943383674;224.266870281742;196.083903515569
366.991068389114;224.305181036117;195.961825919273
366.295765036363;224.335138715113;195.711984035643
365.067514994173;224.388264479079;195.270723637825
363.338030318324;224.44566707824;194.647081756576
361.186059996095;224.52995949696;193.995035059483
358.372037371775;224.644590699685;193.195404938868
354.508043328666;224.774262319761;191.904879550282
349.601190063024;224.968083688253;190.153467037946
343.531526979459;225.230801451278;188.024213686987
336.238835504711;225.481487413581;185.709553040511
327.943619477902;225.786407612972;183.181013265594
319.108084961067;226.465986485177;180.368035349402
309.691899043048;227.622005020208;177.205012513547
299.227783482582;228.840829886074;173.97521964119
287.69433250111;229.967629488346;170.882186499881
275.52664889927;231.059966936299;167.882453141613
263.037420917228;231.953495568448;165.061679373796
250.316991670926;232.463186910446;162.845370432378
237.779152408362;232.549702722987;161.768743614274
225.696370266968;232.039432584411;161.600979289282
214.508459986253;230.547041407939;162.099045063084
203.943956356169;227.966101439581;163.396721759664
193.808947885821;224.337461204318;165.395873471285
184.030748117756;219.709110419643;167.832718798523
174.655130126081;214.431024444188;170.64026560536
166.114832275623;208.666341132299;174.220050030223
157.934639587466;202.694837370342;178.097349097463
148.453761431418;197.39772795152;180.667095968896
138.336953063092;192.894147133513;181.997593556085
129.587339146642;188.707472097428;183.035525485846
122.640717551862;184.885199930507;183.700402492841
117.358178640107;181.81588466033;183.848946498637
114.016974872219;179.838291302621;183.485260940189
112.506789333035;179.0116303499;182.512060916233
112.083716006854;178.926853154924;181.363695656371
165.797254709418;189.548086203044;189.691748632913
406.781315439607;236.050106506285;229.959461552838
NaN;NaN;NaN
NaN;NaN;NaN
NaN;NaN;NaN
NaN;NaN;NaN
NaN;NaN;NaN
NaN;NaN;NaN
NaN;NaN;NaN
NaN;NaN;NaN
NaN;NaN;NaN
NaN;NaN;NaN
NaN;NaN;NaN
NaN;NaN;NaN
NaN;NaN;NaN
NaN;NaN;NaN
NaN;NaN;NaN
NaN;NaN;NaN
NaN;NaN;NaN
NaN;NaN;NaN
NaN;NaN;NaN
NaN;NaN;NaN
NaN;NaN;NaN
NaN;NaN;NaN
NaN;NaN;NaN
NaN;NaN;NaN
NaN;NaN;NaN
NaN;NaN;NaN
NaN;NaN;NaN
NaN;NaN;NaN
NaN;NaN;NaN
NaN;NaN;NaN
NaN;NaN;NaN
NaN;NaN;NaN
NaN;NaN;NaN
NaN;NaN;NaN
NaN;NaN;NaN
NaN;NaN;NaN
NaN;NaN;NaN
NaN;NaN;NaN
NaN;NaN;NaN
NaN;NaN;NaN
NaN;NaN;NaN
NaN;NaN;NaN
NaN;NaN;NaN
NaN;NaN;NaN
NaN;NaN;NaN
NaN;NaN;NaN
NaN;NaN;NaN
NaN;NaN;NaN
NaN;NaN;NaN
NaN;NaN;NaN
NaN;NaN;NaN
NaN;NaN;NaN
NaN;NaN;NaN
NaN;NaN;NaN
NaN;NaN;NaN
NaN;NaN;NaN
NaN;NaN;NaN
NaN;NaN;NaN
NaN;NaN;NaN
NaN;NaN;NaN
NaN;NaN;NaN
NaN;NaN;NaN
NaN;NaN;NaN
NaN;NaN;NaN
NaN;NaN;NaN
NaN;NaN;NaN
NaN;NaN;NaN
NaN;NaN;NaN
NaN;NaN;NaN
NaN;NaN;NaN
NaN;NaN;NaN
NaN;NaN;NaN
NaN;NaN;NaN
NaN;NaN;NaN
NaN;NaN;NaN
NaN;NaN;NaN
NaN;NaN;NaN
NaN;NaN;NaN
NaN;NaN;NaN
NaN;NaN;NaN
NaN;NaN;NaN
NaN;NaN;NaN
NaN;NaN;NaN
NaN;NaN;NaN
NaN;NaN;NaN
NaN;NaN;NaN
NaN;NaN;NaN
NaN;NaN;NaN
NaN;NaN;NaN
NaN;NaN;NaN
NaN;NaN;NaN
NaN;NaN;NaN
NaN;NaN;NaN
NaN;NaN;NaN
NaN;NaN;NaN
NaN;NaN;NaN
NaN;NaN;NaN
NaN;NaN;NaN
NaN;NaN;NaN
NaN;NaN;NaN
NaN;NaN;NaN
NaN;NaN;NaN
NaN;NaN;NaN
NaN;NaN;NaN
NaN;NaN;NaN
NaN;NaN;NaN
NaN;NaN;NaN
NaN;NaN;NaN
NaN;NaN;NaN
NaN;NaN;NaN
NaN;NaN;NaN
NaN;NaN;NaN
NaN;NaN;NaN
NaN;NaN;NaN
NaN;NaN;NaN
NaN;NaN;NaN
NaN;NaN;NaN
NaN;NaN;NaN
NaN;NaN;NaN
NaN;NaN;NaN
NaN;NaN;NaN
NaN;NaN;NaN
NaN;NaN;NaN
NaN;NaN;NaN
NaN;NaN;NaN
NaN;NaN;NaN
NaN;NaN;NaN
NaN;NaN;NaN
NaN;NaN;NaN
NaN;NaN;NaN
NaN;NaN;NaN
NaN;NaN;NaN
NaN;NaN;NaN
NaN;NaN;NaN
NaN;NaN;NaN
NaN;NaN;NaN
NaN;NaN;NaN
NaN;NaN;NaN
NaN;NaN;NaN
NaN;NaN;NaN
NaN;NaN;NaN
NaN;NaN;NaN
NaN;NaN;NaN
NaN;NaN;NaN
NaN;NaN;NaN
NaN;NaN;NaN
NaN;NaN;NaN
