[487.934201647788,347.725342261616,131.644241671216].
[488.196480693985,348.08445466449,131.664001880016].
[488.365923853648,348.316331624652,131.673343009432].
[488.409766807871,348.377210050906,131.661473176543].
[488.408357886209,348.376130242116,131.636282282318].
[488.407953220073,348.375820102764,131.621003232624].
[488.407953220073,348.375820102764,131.617594015819].
[488.407953220073,348.375820102764,131.617594015819].
[488.385443340219,348.344929844475,131.64027298667].
[488.284561057706,348.206489311518,131.741913082461].
[488.118234292689,347.978239460104,131.909489270346].
[488.017352010176,347.839798927147,132.011129366136].
[487.994842130322,347.808908668857,132.033808336988].
[487.994842130322,347.808908668857,132.033808336988].
[487.994842130322,347.808908668857,132.033808336988].
[487.994842130322,347.808908668857,132.033808336988].
[487.994842130322,347.808908668857,132.033808336988].
[488.017352010176,347.839798927147,132.011129366136].
[488.118234292689,347.978239460104,131.909489270346].
[488.284561057706,348.206489311518,131.741913082461].
[488.385443340219,348.344929844475,131.64027298667].
[488.407953220073,348.375820102764,131.617594015819].
[488.407953220073,348.375820102764,131.617594015819].
[488.407953220073,348.375820102764,131.617594015819].
[488.407953220073,348.375820102764,131.617594015819].
[488.407953220073,348.375820102764,131.617594015819].
[488.407953220073,348.375820102764,131.617594015819].
[488.407953220073,348.375820102764,131.617594015819].
[488.407953220073,348.375820102764,131.617594015819].
[488.407953220073,348.375820102764,131.617594015819].
[488.407953220073,348.375820102764,131.617594015819].
[488.407953220073,348.375820102764,131.617594015819].
[488.407953220073,348.375820102764,131.617594015819].
[488.407953220073,348.375820102764,131.617594015819].
[488.407953220073,348.375820102764,131.617594015819].
[488.407953220073,348.375820102764,131.617594015819].
[488.407953220073,348.375820102764,131.617594015819].
[488.407953220073,348.375820102764,131.617594015819].
[488.407953220073,348.375820102764,131.617594015819].
[488.407953220073,348.375820102764,131.617594015819].
[488.407953220073,348.375820102764,131.617594015819].
[488.407953220073,348.375820102764,131.617594015819].
[488.407953220073,348.375820102764,131.617594015819].
[488.407953220073,348.375820102764,131.617594015819].
[488.407953220073,348.375820102764,131.617594015819].
[488.407953220073,348.375820102764,131.617594015819].
[488.407953220073,348.375820102764,131.617594015819].
[488.407953220073,348.375820102764,131.617594015819].
[488.407953220073,348.375820102764,131.617594015819].
[488.407953220073,348.375820102764,131.617594015819].
[488.407953220073,348.375820102764,131.617594015819].
[488.407953220073,348.375820102764,131.617594015819].
[488.407953220073,348.375820102764,131.617594015819].
[488.430463392434,348.406710762463,131.594914750262].
[488.531346985879,348.545153094408,131.493273333693].
[488.697675912256,348.773405911851,131.325694968212].
[488.7985595057,348.911848243796,131.224053551643].
[488.821069678062,348.942738903495,131.201374286086].
[488.821069678062,348.942738903495,131.201374286086].
[488.821069678062,348.942738903495,131.201374286086].
[488.843580142938,348.973629964609,131.178694725818].
[488.944465047339,349.112074095577,131.077051988445].
[489.110796135118,349.340329879108,130.909471445325].
[489.21168103952,349.478774010077,130.807828707951].
[489.234191504395,349.509665071191,130.785149147683].
[489.234191504395,349.509665071191,130.785149147683].
[489.234191504395,349.509665071191,130.785149147683].
[489.234191504395,349.509665071191,130.785149147683].
[489.234191504395,349.509665071191,130.785149147683].
[489.234191504395,349.509665071191,130.785149147683].
[489.234191504395,349.509665071191,130.785149147683].
[489.234191504395,349.509665071191,130.785149147683].
[489.234191504395,349.509665071191,130.785149147683].
[489.234191504395,349.509665071191,130.785149147683].
[489.234191504395,349.509665071191,130.785149147683].
[489.281952600561,349.49207793442,130.825477639948].
[489.496002983232,349.413257855774,131.006217402952].
[489.848912402144,349.283305515552,131.304206894678].
[490.062962784815,349.204485436906,131.484946657682].
[490.110723880981,349.186898300135,131.525275149947].
[490.110723880981,349.186898300135,131.525275149947].
[490.110723880981,349.186898300135,131.525275149947].
[490.110723880981,349.186898300135,131.525275149947].
[490.110723880981,349.186898300135,131.525275149947].
[490.110723880981,349.186898300135,131.525275149947].
[490.110723880981,349.186898300135,131.525275149947].
[490.158455194954,349.169322130103,131.565578494738].
[490.372372103102,349.090551200971,131.746205554585].
[490.725061459728,348.9606798946,132.044009230221].
[490.938978367876,348.881908965468,132.224636290069].
[490.98670968185,348.864332795436,132.26493963486].
[490.98670968185,348.864332795436,132.26493963486].
[490.98670968185,348.864332795436,132.26493963486].
[490.98670968185,348.864332795436,132.26493963486].
[490.98670968185,348.864332795436,132.26493963486].
[490.98670968185,348.864332795436,132.26493963486].
[490.98670968185,348.864332795436,132.26493963486].
[490.98670968185,348.864332795436,132.26493963486].
[490.98670968185,348.864332795436,132.26493963486].
[490.98670968185,348.864332795436,132.26493963486].
[490.98670968185,348.895204766658,132.242274445923].
[490.98670968185,349.033563342665,132.140696116387].
[490.961482414793,349.279263982526,131.932911088394].
[490.870925987017,349.496437150892,131.650672845292].
[490.78537774683,349.657252416979,131.330149814096].
[490.838602805081,349.766949124324,131.126817086402].
[490.91423298934,349.922939074138,130.984893907685].
[490.936737328604,350.151128754219,130.817363212173].
[490.937105099123,350.28981463659,130.718907386947].
[490.939119523855,350.322240529161,130.713524948196].
[490.943478157819,350.325580818481,130.750936332282].
[490.947832201335,350.328917589859,130.788308315267].
[490.949841128822,350.392207875676,130.760109902824].
[490.947507475036,350.686887845349,130.519554647719].
[490.935407607401,351.222277278706,130.004322723569].
[490.91545829826,351.629454970497,129.504785812689].
[490.903358430625,351.770315582546,129.279882841988].
[490.923535490373,351.801460120161,129.239839598365].
[491.073729529825,351.861930363054,129.260220330622].
[491.456396327308,351.961628938757,129.351560435625].
[491.911136632848,352.02209918165,129.502154809611].
[492.147992943009,352.03585927464,129.596540630472].
[492.197234417013,352.037057490108,129.630571314203].
[492.199830510554,352.039033013437,129.653076279541].
[492.201053777827,352.040231228906,129.663680515156].
[492.152535039701,352.058185315429,129.616383386534].
[491.937975351366,352.1374517333,129.429432283649].
[491.586931853685,352.268139962496,129.144656487317].
[491.352120939776,352.316528089857,128.999940319301].
[491.204005498893,352.195827921282,129.065320966575].
[491.037781469792,351.967666500464,129.233611783612].
[490.936961499761,351.829279603375,129.335685323893].
[490.914465523702,351.798401312865,129.358461009283].
[490.914465523702,351.798401312865,129.358461009283].
[490.914465523702,351.798401312865,129.358461009283].
[490.914465523702,351.798401312865,129.358461009283].
[490.914465523702,351.798401312865,129.358461009283].
[490.914465523702,351.798401312865,129.358461009283].
[490.914465523702,351.798401312865,129.358461009283].
[490.914465523702,351.798401312865,129.358461009283].
[490.914465523702,351.798401312865,129.358461009283].
[490.914465523702,351.798401312865,129.358461009283].
[490.914465523702,351.798401312865,129.358461009283].
[490.914465523702,351.798401312865,129.358461009283].
[490.914465523702,351.798401312865,129.358461009283].
[490.936961499761,351.829279603375,129.335685323893].
[491.037781469792,351.967666500464,129.233611783612].
[491.204005498893,352.195827921282,129.065320966575].
[491.304825468924,352.334214818371,128.963247426295].
[491.327321444983,352.365093108881,128.940471740905].
[491.327321444983,352.365093108881,128.940471740905].
[491.327321444983,352.365093108881,128.940471740905].
[491.327321444983,352.365093108881,128.940471740905].
[491.327321444983,352.365093108881,128.940471740905].
[491.327321444983,352.365093108881,128.940471740905].
[491.327321444983,352.365093108881,128.940471740905].
[491.327321444983,352.365093108881,128.940471740905].
[491.349817781295,352.395971893878,128.917695690784].
[491.450639365863,352.534361007104,128.81562051589].
[491.616866056887,352.762526081714,128.647327003833].
[491.717687641456,352.900915194941,128.54525182894].
[491.740183977767,352.931793979938,128.522475778818].
[491.740183977767,352.931793979938,128.522475778818].
[491.740183977767,352.931793979938,128.522475778818].
[491.692900755231,352.949500901614,128.486025391197].
[491.48099205358,353.029145409441,128.322666087383].
[491.131613669722,353.161271738168,128.053332128418].
[490.919704968072,353.242753677723,127.889972824605].
[490.872421745535,353.261749490523,127.853522436983].
[490.872806105406,353.262323445512,127.853522436983].
[490.874528686837,353.263606842192,127.853522436983].
[490.89986391939,353.296604238769,127.833997435383].
[491.002402884824,353.43628861697,127.746492449114].
[491.169005361436,353.664759623596,127.60222111696].
[491.269821745439,353.803160605117,127.514716130691].
[491.292316921347,353.834042038289,127.495191129091].
[491.31481249114,353.847173571753,127.495191129091].
[491.415630640409,353.906025021759,127.495191129091].
[491.629468162157,354.003054659194,127.511834747233].
[491.94368863473,354.061906109199,127.586426268751].
[492.318025154169,354.075037642664,127.709406896891].
[492.531427477473,354.075037642664,127.783998418408].
[492.579043972048,354.075037642664,127.80064203655].
[492.57939900748,354.075303333818,127.803732927897].
[492.580990165898,354.07649407896,127.817585341862].
[492.583613542626,354.078457285804,127.840424111417].
[492.585204701043,354.079648030946,127.854276525382].
[492.585559736475,354.0799137221,127.857367416728].
[492.585559736475,354.0799137221,127.857367416728].
[492.585559736475,354.0799137221,127.857367416728].
[492.585559736475,354.0799137221,127.857367416728].
[492.585559736475,354.0799137221,127.857367416728].
[492.585559736475,354.0799137221,127.857367416728].
[492.585559736475,354.0799137221,127.857367416728].
[492.585559736475,354.0799137221,127.857367416728].
[492.585559736475,354.0799137221,127.857367416728].
[492.585559736475,354.0799137221,127.857367416728].
[492.585559736475,354.0799137221,127.857367416728].
[492.585559736475,354.0799137221,127.857367416728].
[492.585559736475,354.0799137221,127.857367416728].
[492.585559736475,354.0799137221,127.857367416728].
[492.585559736475,354.0799137221,127.857367416728].
[492.585559736475,354.0799137221,127.857367416728].
[492.585559736475,354.0799137221,127.857367416728].
[492.608045570738,354.110783349069,127.834520156561].
[492.70882008839,354.249131418858,127.73212584038].
[492.874969179186,354.47722882428,127.563306153295].
[492.975743696838,354.615576894069,127.460911837114].
[492.9982295311,354.646446521037,127.438064576947].
[492.9982295311,354.646446521037,127.438064576947].
[492.9982295311,354.646446521037,127.438064576947].
[492.9982295311,354.646446521037,127.438064576947].
[492.9982295311,354.646446521037,127.438064576947].
[493.045791873508,354.62868510297,127.477368841753].
[493.258951503635,354.549083949743,127.65351833575].
[493.61039231988,354.417843835247,127.943939753328].
[493.823551950007,354.338242682021,128.120089247326].
[493.871114292414,354.320481263953,128.159393512132].
[493.871114292414,354.289620921404,128.182233662146].
[493.871114292414,354.151314461494,128.284596112829].
[493.871114292414,353.923285659164,128.453363262591].
[493.871114292414,353.784979199254,128.555725713274].
[493.871114292414,353.784979199254,128.555725713274].
[493.871114292414,353.923285659165,128.453363262591].
[493.871114292414,354.151314461494,128.284596112829].
[493.871114292414,354.289620921404,128.182233662146].
[493.848634669299,354.289620921404,128.179296458874].
[493.747552530863,354.151314461494,128.268495277758].
[493.579945919645,353.923032234291,128.415559267772].
[493.476720526239,353.783590002894,128.504758086655].
[493.50029728249,353.733368869908,128.564088384195].
[493.713110035586,353.653615250837,128.740789511337].
[494.06453202374,353.523059925413,129.032120418212].
[494.277680234052,353.442901779145,129.208821545354].
[494.325240028354,353.424333096151,129.248248896152].
[494.325240028354,353.424092012232,129.248248896152].
[494.325240028354,353.424092012232,129.248248896152].
[494.325240028354,353.424092012232,129.248248896152].
[494.325240028354,353.424092012232,129.248248896152].
[494.325240028354,353.424092012232,129.248248896152].
[494.325240028354,353.424092012232,129.24545325854].
[494.325240028354,353.424092012232,129.232924080014].
[494.347403410421,353.45470778166,129.189480684822].
[494.44673279759,353.591918140882,129.074830519895].
[494.610499271022,353.818139778693,128.903665839821].
[494.709828658191,353.955350137916,128.801544853421].
[494.731992040257,353.985965907343,128.778758581371].
[494.731992040257,353.985965907343,128.778758581371].
[494.731992040257,353.985965907343,128.778758581371].
[494.731992040257,353.985965907343,128.778758581371].
[494.731992040257,353.985965907343,128.778758581371].
[494.754473254781,353.999099214052,128.778758581371].
[494.902765058051,354.057958611185,128.795543947031].
[495.28193050288,354.15500135122,128.870770736853].
[495.733945190141,354.213860748354,128.994798745359].
[495.969476894207,354.226994055062,129.070025535181].
[496.06452436247,354.209279596144,129.126359186489].
[496.277447072601,354.129888899224,129.303602306026].
[496.628497273809,353.998995768517,129.595826807292].
[496.84141998394,353.919605071597,129.773069926829].
[496.841710960578,353.919605071597,129.775664801956].
[496.630092317265,353.999218733286,129.610051105912].
[496.281192158758,354.131111122764,129.337000282526].
[496.069573515444,354.212149318874,129.171386586482].
[496.044826643648,354.261709240993,129.111629803394].
[496.145537502105,354.400175303021,129.009432177792].
[496.311581636635,354.628099637999,128.840936778647].
[496.437039366889,354.717769659418,128.798495936133].
[496.570690932559,354.530926440749,129.045945163664].
[496.754766651972,354.172017258477,129.498432437155].
[496.867685374636,353.954327835377,129.784282502241].
[496.893651941868,353.905754759538,129.854980336289].
[496.893924092706,353.905754759538,129.857421614742].
[496.893651941868,353.905544207259,129.854980336289].
[496.892432246433,353.90460057741,129.84403928533].
[496.890421308624,353.903044794807,129.826000541889].
[496.911670516215,353.93294127354,129.794704526745].
[497.012097002492,354.070946498822,129.69862088569].
[497.178120987433,354.298825791233,129.537381345146].
[497.278819624547,354.437041568793,129.42829189271].
[497.301557133705,354.468088991711,129.399519102322].
[497.302760942866,354.469018110102,129.407936928525].
[497.304745688637,354.470549967355,129.425801760447].
[497.305949497799,354.471479085746,129.436637328738].
[497.30621810393,354.471686400081,129.439055070826].
[497.30621810393,354.471686400081,129.439055070826].
[497.30621810393,354.471686400081,129.439055070826].
[497.30621810393,354.471686400081,129.439055070826].
[497.30621810393,354.471686400081,129.439055070826].
[497.30621810393,354.471686400081,129.439055070826].
[497.30621810393,354.471686400081,129.439055070826].
[497.30621810393,354.471686400081,129.439055070826].
[497.30621810393,354.471686400081,129.439055070826].
[497.30621810393,354.471686400081,129.439055070826].
[497.30621810393,354.50252380988,129.416258429613].
[497.28120574597,354.658473031648,129.27468202277].
[497.169108134676,354.9658623722,128.929617705627].
[496.984290418541,355.23518884017,128.536255312333].
[496.849720784253,355.314709495658,128.359643786156].
[496.723995806455,355.194209519916,128.422434250064].
[496.5579487679,354.966281198661,128.590932596106].
[496.457522293357,354.828254415149,128.695692498944].
[496.436332684605,354.798387958014,128.729971589717].
[496.438447028242,354.800004177679,128.748891192879].
[496.439729442483,354.800984464458,128.760366512266].
[496.440015587778,354.801203196005,128.762927002119].
[496.462484027535,354.814288905699,128.762927002119].
[496.563180588422,354.873137367314,128.762927002119].
[496.776660654987,354.97073541233,128.779355759607].
[497.090055959568,355.030876887919,128.85298434248].
[497.463205342306,355.044667220104,128.974377353195].
[497.675904086001,355.043962597613,129.048005936069].
[497.723363590745,355.04246720414,129.064434693557].
[497.723363590745,355.04156020215,129.064434693557].
[497.770549494372,355.02361053857,129.101436126123].
[497.98202204293,354.94388179553,129.267265042039].
[498.330681331906,354.811890411288,129.540670703008].
[498.542153880464,354.730941780586,129.706499618925].
[498.636761422941,354.694614357083,129.782863127765].
[498.849290463474,354.6149880261,129.95927171479].
[499.199691613243,354.484021197351,130.250120304553].
[499.411992252453,354.404406487305,130.424441202951].
[499.458160896926,354.385698355302,130.452350359088].
[499.455445258737,354.383566365727,130.427528230713].
[499.452726802317,354.38143216362,130.402680342469].
[499.498899937721,354.362756984832,130.430841580928].
[499.711234860001,354.283301074513,130.606421627005].
[500.108900721069,354.134919165503,130.937184455278].
[500.533030272014,353.97625981193,131.284374875284].
[500.929271917749,353.827249050918,131.603500931476].
[501.14083717575,353.746871785076,131.773014756573].
[501.18804376565,353.728496555374,131.810838403514].
[501.18804376565,353.72834101619,131.810838403514].
[501.18804376565,353.72834101619,131.810838403514].
[501.18804376565,353.72834101619,131.810838403514].
[501.18804376565,353.72834101619,131.810838403514].
[501.18804376565,353.72834101619,131.810838403514].
[501.18804376565,353.72834101619,131.810838403514].
[501.188238047642,353.728496555374,131.812635830257].
[501.189108759122,353.729193633638,131.820691338047].
[501.19054431966,353.730342921399,131.833972625087].
[501.19141503114,353.731039999662,131.842028132877].
[501.191609313132,353.731195538847,131.843825559621].
[501.191609313132,353.731195538847,131.843825559621].
[501.191609313132,353.731195538847,131.843825559621].
[501.191609313132,353.731195538847,131.843825559621].
[501.191609313132,353.731195538847,131.843825559621].
[501.191609313132,353.731195538847,131.843825559621].
[501.191609313132,353.731195538847,131.843825559621].
[501.191609313132,353.731195538847,131.843825559621].
[501.191609313132,353.731195538847,131.843825559621].
[501.191609313132,353.731195538847,131.843825559621].
[501.191609313132,353.731195538847,131.843825559621].
[501.191609313132,353.731195538847,131.843825559621].
[501.214056877028,353.762002079353,131.821104499014].
[501.314659878794,353.900067415234,131.719275770025].
[501.480716404989,354.127850610455,131.551388578574].
[501.604429606733,354.279702069823,131.449559849585].
[501.72822180139,354.387914550318,131.405859575629].
[501.894375760935,354.564083657894,131.311837264454].
[501.995699773971,354.752646236609,131.156820680101].
[502.04352646815,354.826854760533,131.102256866523].
[502.154549917103,354.734817377715,131.279243420757].
[502.384625636298,354.448837081552,131.705060819379].
[502.707613119905,354.062435819497,132.215382942167].
[503.082121984046,353.77571221839,132.641979436489].
[503.29427300895,353.665603520074,132.840491711199].
[503.341610301112,353.647937265459,132.880072151017].
[503.341610301112,353.647937265459,132.880072151017].
[503.341610301112,353.647937265459,132.880072151017].
[503.341610301112,353.647937265459,132.880072151017].
[503.341610301112,353.647937265459,132.880072151017].
[503.341610301112,353.647937265459,132.880072151017].
[503.341454272823,353.647810148939,132.880072151017].
[503.340755002543,353.616579896848,132.901288370934].
[503.339758129049,353.478099609764,132.997863372129].
[503.364354035824,353.232644210906,133.198179998224].
[503.475582115885,353.014592373902,133.469512513296].
[503.658021921127,352.852187903276,133.769834531229].
[503.768409155983,352.772504453107,133.936559655484].
[503.793005062758,352.754753665658,133.973428483593].
[503.793005062758,352.754753665658,133.973428483593].
[503.840325718868,352.737144158227,134.013260233836].
[504.052402186155,352.658223821239,134.191773753552].
[504.402057168787,352.528106182957,134.486092790615].
[504.614133636075,352.449185845969,134.66460631033].
[504.661454292185,352.431576338538,134.704438060573].
[504.661454292185,352.431576338538,134.704438060573].
[504.661454292185,352.431576338538,134.704438060573].
[504.661454292185,352.431576338538,134.704438060573].
[504.661454292185,352.431576338538,134.704438060573].
[504.661454292185,352.431576338538,134.704438060573].
[504.661454292185,352.431576338538,134.704438060573].
[504.683882258343,352.462350560628,134.681793829001].
[504.806825719581,352.631045722462,134.557664864883].
[505.073063843827,352.996360664823,134.28885949501].
[505.33930291087,353.36167690083,134.02005317325].
[505.462247501146,353.530373611856,133.895923069207].
[505.484675791583,353.561148278901,133.87327851023].
[505.484675791583,353.561148278901,133.87327851023].
[505.484675791583,353.561148278901,133.87327851023].
[505.484675791583,353.561148278901,133.87327851023].
[505.484795292323,353.561247378972,133.87327851023].
[505.485330857484,353.561691514677,133.87327851023].
[505.508639516039,353.593196225208,133.852863402491].
[505.60967992047,353.731552934124,133.760256701921].
[505.775503887523,353.959031427147,133.604422288071].
[505.876008726793,354.096944000358,133.504707536764].
[505.898434387675,354.127716454905,133.479306391525].
[505.898434387675,354.127716454905,133.478193856179].
[505.898434387675,354.127716454905,133.478193856179].
[505.828718045792,354.114585519992,133.461170203161].
[505.516271078353,354.055736752508,133.38487548349].
[505.00113311717,353.958711537802,133.259086756327].
[504.663955138527,353.9176393318,133.14451774201].
[504.483402094032,353.98417741819,132.955960601002].
[504.300663264861,354.146318083296,132.650442245405].
[504.189826562248,354.363972283508,132.377141047947].
[504.165095551044,354.609247944498,132.17108016603].
[504.142660057927,354.716444468339,132.092019901874].
[504.042111153635,354.609247944499,132.17108016603].
[503.876334036385,354.381748844991,132.338866753301].
[503.775785132093,354.243763666082,132.440634462769].
[503.753349638976,354.212975011014,132.463341908081].
[503.753349638976,354.212975011014,132.463341908081].
[503.753349638976,354.212975011014,132.463341908081].
[503.753349638976,354.212975011014,132.463341908081].
[503.753349638976,354.212975011014,132.463341908081].
[503.753349638976,354.212975011014,132.463341908081].
[503.753349638976,354.212975011014,132.463341908081].
[503.753501923381,354.213098802975,132.464778374472].
[503.754184414735,354.213653600051,132.471216170196].
[503.755309652746,354.214568305792,132.481830300944].
[503.755839859695,354.214999310908,132.486831630277].
[503.755309652746,354.214568305792,132.481830300944].
[503.754184414735,354.213653600051,132.471216170196].
[503.753501923381,354.213098802975,132.464778374472].
[503.753349638976,354.212975011014,132.463341908081].
[503.753349638976,354.212975011014,132.463341908081].
[503.753349638976,354.212975011014,132.463341908081].
[503.753349638976,354.212975011014,132.463341908081].
[503.753349638976,354.212975011014,132.463341908081].
[503.800651991226,354.195309985879,132.502905638569].
[504.059920256465,354.098486462222,132.719757851664].
[504.621306598785,353.888837187382,133.189301899492].
[505.182610016914,353.679218880514,133.658776589451].
[505.394505146938,353.600086815832,133.836005869122].
[505.182762301319,353.679218880514,133.660213055842].
[504.622141374543,353.888837187382,133.195739695216].
[504.06172798583,354.098486462222,132.730371982412].
[503.802612004997,354.19543377784,132.509343434294].
[503.777451614167,354.244439489343,132.443483494998].
[503.900716145208,354.383326978643,132.346610000018].
[504.166882563813,354.606671466503,132.210555820444].
[504.526797837627,354.723753526352,132.244272819268].
[505.072858583066,354.719892336663,132.53143610396].
[505.793785164985,354.698877820992,132.876009928353].
[506.217531712052,354.694188848745,133.048413912944].
[506.312082346962,354.694188848745,133.082130911768].
[506.312082346962,354.694188848745,133.082130911768].
[506.451190651301,354.720252867758,133.114334967969].
[507.07463081845,354.837063696897,133.258663534662].
[508.102509883037,355.029652195546,133.496621112539].
[508.725950050186,355.146463024685,133.640949679232].
[508.865058354525,355.172527043698,133.673153735432].
[508.865058354525,355.172527043698,133.673153735432].
[508.842641809602,355.141769684766,133.695785170787].
[508.742177825222,355.003924765407,133.797212227265].
[508.576540717237,354.776656914804,133.964437172705].
[508.404232201675,354.674185313018,133.987270540939].
[508.059830806586,354.832822258972,133.637075504581].
[507.528967535274,355.232511996923,132.964046436874].
[507.207089566205,355.61917381722,132.458607895955].
[507.135724042865,355.793255226631,132.283075909128].
[507.136513793284,355.855620749502,132.234152722766].
[507.159517672389,356.012019799089,132.11410774532].
[507.28299285232,356.332575968168,131.85837520808].
[507.549904612793,356.660281103783,131.597666757892].
[507.816508070919,356.866939037132,131.475064842663].
[507.939507165281,356.943110493994,131.452321909618].
[507.961925994772,356.956151355228,131.452321909618].
[507.961925994772,356.956151355228,131.452321909618].
[507.961925994772,356.956151355228,131.452321909618].
[507.961925994772,356.956151355228,131.452321909618].
[507.961925994772,356.956151355228,131.452321909618].
[507.961925994772,356.956151355228,131.452321909618].
[507.961925994772,356.956151355228,131.452321909618].
[507.961925994772,356.956151355228,131.452321909618].
[507.961925994772,356.956151355228,131.452321909618].
[507.961925994772,356.956151355228,131.452321909618].
[507.961925994772,356.956151355228,131.452321909618].
[508.009100846104,356.956151355228,131.468841081715].
[508.242936839631,356.956151355228,131.542874874754].
[508.691962460751,356.969184702866,131.664935964088].
[509.068996227542,357.027596114526,131.738969757126].
[509.216619077044,357.123900251382,131.755488929223].
[509.239032054962,357.182311663042,131.755488929223].
[509.239032054962,357.195345010681,131.755488929223].
[509.239032054962,357.195345010681,131.755488929223].
[509.239032054962,357.195345010681,131.755488929223].
[509.239032054962,357.195345010681,131.755488929223].
[509.239032054962,357.195345010681,131.755488929223].
[509.286172672814,357.177621112748,131.794728131913].
[509.497442264609,357.098188113101,131.970586037737].
[509.845766934454,356.967225236986,132.26052670769].
[510.057036526249,356.887792237339,132.436384613514].
[510.104177144101,356.870068339406,132.475623816204].
[510.104177144101,356.870068339406,132.475623816204].
[510.126584273468,356.900818077873,132.4528942707].
[510.227006060246,357.038628844676,132.351027515043].
[510.39257359615,357.265840387235,132.183077628215].
[510.470588253562,357.37290141557,132.103940418062].
[510.370166857421,357.235091184847,132.20580677746].
[510.104179285454,356.870071278025,132.475621644039].
[509.838192849212,356.505052929783,132.74543535855].
[509.760179551878,356.397993767908,132.824571189056].
[509.938614635991,356.642863696586,132.643568602894].
[510.269746821357,357.097282820584,132.307671757211].
[510.470588644199,357.372796073018,132.103940021803].
[510.515402512294,357.433820498769,132.058481327055].
[510.562412637341,357.415340445058,132.096738467548].
[510.82017335367,357.317863242459,132.307362884099].
[511.378513587611,357.107720122326,132.765584979036].
[511.937045206746,356.89768577793,133.226454719057].
[512.19503511455,356.800594298994,133.440249797195].
[512.242077851199,356.782671457471,133.479082204466].
[512.241928987122,356.782419121565,133.477579042064].
[512.241683551752,356.78218257628,133.475100746239].
[512.194443501986,356.799758778335,133.434279197653].
[511.936273262929,356.896806703582,133.218691384722].
[511.377275724439,357.10711059782,132.75320213844].
[510.818284625515,357.317518564191,132.28852333742].
[510.560219094908,357.414772381227,132.074241466188].
[510.513415969605,357.432748566809,132.035837399095].
[510.513887249118,357.433140558007,132.038685796396].
[510.514173094591,357.433378312686,132.043382009614].
[510.514236875337,357.433431362926,132.046230406915].
[510.514236875337,357.433431362926,132.046865970261].
[510.514236875337,357.433431362926,132.046865970261].
[510.538955275958,357.415721152001,132.086239960869].
[510.649735461853,357.336349493261,132.26270194423].
[510.832381110711,357.205487751207,132.553638569668].
[510.918442895986,357.143826303394,132.690726562422].
[510.832381110711,357.205487751207,132.553638569668].
[510.649735461853,357.336349493261,132.26270194423].
[510.633137944628,357.380311315019,132.164631810497].
[511.030516980802,357.239325646561,132.476585715575].
[511.726438003152,356.977652399345,133.05582749018].
[512.148535439946,356.818831143346,133.407155385865].
[512.242718108616,356.783214595272,133.485547235494].
[512.242718108616,356.783089218656,133.485547235494].
[512.242718108616,356.783061243352,133.485547235494].
[512.242718108616,356.783061243352,133.485547235494].
[512.242718108616,356.783061243352,133.485547235494].
[512.242718108616,356.783061243352,133.485547235494].
[512.242718108616,356.783061243352,133.485547235494].
[512.242718108616,356.783061243352,133.485547235494].
[512.242718108616,356.783061243352,133.485547235494].
[512.242718108616,356.783061243352,133.485547235494].
[512.242718108616,356.783061243352,133.485547235494].
[512.242718108616,356.783061243352,133.485547235494].
[512.242718108616,356.783061243352,133.485547235494].
[512.242718108616,356.783061243352,133.485547235494].
[512.242718108616,356.783061243352,133.485547235494].
[512.242718108616,356.783061243352,133.485547235494].
[512.28749056848,356.80915722307,133.485547235494].
[512.582285866008,356.926111290153,133.51920883829].
[513.335014050812,357.118937464569,133.67006967563].
[514.231270797673,357.235898327338,133.918815251226].
[514.697953091849,357.26200551125,134.069757225775].
[514.792105116059,357.262012306937,134.103552601212].
[514.79211298319,357.26201382326,134.10363373842].
[514.792114738584,357.26201382326,134.103651842579].
[514.792114738584,357.26201382326,134.103651842579].
[514.79211298319,357.26201382326,134.10363373842].
[514.745035903212,357.27967150133,134.063780446743].
[514.534073355741,357.358807724144,133.885400244115].
[514.186268434352,357.489281297981,133.591440426362].
[513.928275302591,357.58611132872,133.373951243204].
[513.67037937062,357.683067152379,133.158386407968].
[513.322784874367,357.813831405429,132.868553275953].
[513.111958155243,357.893235828405,132.692760595186].
[513.064916355641,357.91110485812,132.653535946173].
[513.064916355641,357.911211135508,132.653535946173].
[513.017863162333,357.928976759898,132.614455387132].
[512.806985380161,358.008490487167,132.439308472815].
[512.459306695175,358.139586460628,132.150540029683].
[512.295510030157,358.219100187897,131.992065389899].
[512.459459765018,358.236842098596,132.027704781409].
[512.829743084464,358.24985873908,132.150897153228].
[513.141128245046,358.308195274467,132.225617103779].
[513.353711683981,358.40437596122,132.242289378312].
[513.454093916395,358.462712496608,132.242289378312].
[513.476492219989,358.475707668647,132.242289378312].
[513.476492219989,358.444874371014,132.26469766282].
[513.501133920259,358.289266501227,132.404616923529].
[513.611570359032,357.982747915878,132.747185190415].
[513.793649264698,357.714221644514,133.13942295177].
[513.904072666805,357.604169077834,133.338689888436].
[513.928655940788,357.58642395166,133.377583685313].
[513.928559612126,357.586341621624,133.376596925523].
[513.928501185839,357.586291685933,133.375998425457].
[513.928488149172,357.586280543774,133.375864882041].
[513.928488149172,357.586280543774,133.375864882041].
[513.928488149172,357.586280543774,133.375864882041].
[513.928501185839,357.586291685933,133.375998425457].
[513.928559612126,357.586341621624,133.376596925523].
[513.928655940788,357.58642395166,133.377583685313].
[513.928714367075,357.586473887352,133.378182185379].
[513.928727403741,357.58648502951,133.378315728795].
[513.928727403741,357.58648502951,133.378315728795].
[513.928727403741,357.58648502951,133.378315728795].
[513.928727403741,357.58648502951,133.378315728795].
[513.951121820799,357.599518789475,133.378315728795].
[514.051486634962,357.675625977151,133.355654725601].
[514.239355012807,357.851231844872,133.254095155263].
[514.440086240411,358.071114709462,133.063990367114].
[514.627956898174,358.30116129172,132.860869608122].
[514.728323311616,358.545907448633,132.670762512915].
[514.750718085521,358.683621586766,132.56920132426].
[514.750718085521,358.714349764462,132.546539959971].
[514.750718085521,358.714349764462,132.546539959971].
[514.750718085521,358.714349764462,132.546539959971].
[514.681261752875,358.701326171925,132.529701888209].
[514.369980065992,358.642958479598,132.454238886027].
[513.856763327649,358.546726423735,132.32982142918].
[513.523080854739,358.457621648669,132.2770265693].
[513.353231164188,358.30684400837,132.361780063139].
[513.187710499573,358.079725979699,132.52927623827].
[513.087317141668,357.941971931937,132.630867803871].
[513.064916355641,357.880472364614,132.675894063427].
[513.064916355641,357.742604473672,132.776405856894].
[513.042515926662,357.51529874933,132.942999056144].
[512.942124168934,357.377456750156,133.045489308616].
[512.776606142565,357.346810304422,133.069235242467].
[512.676214384838,357.347001620145,133.069544906206].
[512.653813955858,357.347117658997,133.069544906206].
[512.653813955858,357.347143550764,133.069544906206].
[512.653813955858,357.347143550764,133.069544906206].
[512.653813955858,357.347143550764,133.069544906206].
[512.653783405235,357.347117658997,133.069235242467].
[512.653646486844,357.347001620145,133.067847425869].
[512.653420746579,357.346810304422,133.065559303125].
[512.653283828187,357.346694265571,133.064171486527].
[512.653253277565,357.346668373803,133.063861822788].
[512.653253277565,357.346668373803,133.063861822788].
[512.653253277565,357.346668373803,133.063861822788].
[512.653253277565,357.346668373803,133.063861822788].
[512.653253277565,357.346668373803,133.063861822788].
[512.653253277565,357.346668373803,133.063861822788].
[512.653253277565,357.346668373803,133.063861822788].
[512.653253277565,357.346668373803,133.063861822788].
[512.700327107362,357.346668373803,133.080728354547].
[512.911312917029,357.346668373803,133.156318905587].
[513.281597145108,357.359713336773,133.280946654949].
[513.592997724228,357.418176804738,133.356537205989].
[513.805533463873,357.51456676793,133.373403737748].
[513.905864481106,357.573030235895,133.373403737748].
[513.928247889346,357.586075198865,133.373403737748].
[513.928247889346,357.586075198865,133.373403737748].
[513.928247889346,357.568416004472,133.396015516166].
[513.928247889346,357.489272985971,133.497354476364].
[513.975317102193,357.358788207941,133.681594551643].
[514.186266678958,357.279645189439,133.859840981629].
[514.534063733216,357.261985995047,134.009251741364].
[514.745013309981,357.261985995047,134.086159211153].
[514.792082522828,357.261985995047,134.103319587204].
[514.792082522828,357.261985995047,134.103319587204].
[514.792082522828,357.261985995047,134.103319587204].
[514.814475289917,357.292708352587,134.080714679778].
[514.914832709432,357.430396406594,133.979406513233].
[515.08029412166,357.657405629955,133.812377584154].
[515.180651541175,357.795093683961,133.711069417609].
[515.203044308264,357.825816041502,133.688507249308].
[515.203044308264,357.825816041502,133.688698792772].
[515.203044308264,357.825816041502,133.689014594557].
[515.203044308264,357.825816041502,133.689163398898].
[515.203044308264,357.825816041502,133.689014594557].
[515.203044308264,357.825816041502,133.688698792772].
[515.203044308264,357.825816041502,133.688507249308].
[515.203044308264,357.825816041502,133.688464510184].
[515.203044308264,357.825816041502,133.688464510184].
[515.203044308264,357.825816041502,133.688464510184].
[515.203044308264,357.825816041502,133.688464510184].
[515.203044308264,357.825816041502,133.688464510184].
[515.203044308264,357.825816041502,133.688464510184].
[515.203044308264,357.825816041502,133.688464510184].
[515.203044308264,357.825816041502,133.688464510184].
[515.25007825874,357.808158123862,133.728219555784].
[515.460869800524,357.729020827366,133.90638930914].
[515.808406299147,357.598545483328,134.200141571293].
[516.019197840931,357.519424506542,134.378311324649].
[516.019201968891,357.519481326699,134.378354063773].
[515.80842892734,357.598666070582,134.200375853882].
[515.460918802484,357.729093967233,133.906896654389].
[515.2501272607,357.808174443572,133.728726901033].
[515.203066936457,357.825816041502,133.688698792772].
[515.203048436224,357.825816041502,133.688507249308].
[515.180651541175,357.795093683961,133.711069417609].
[515.08029412166,357.657405629955,133.812377584154].
[514.914832709432,357.430396406594,133.979406513233].
[514.814475289917,357.292708352588,134.080714679778].
[514.792082522828,357.261985995047,134.103319587204].
[514.792082522828,357.261985995047,134.103319587204].
[514.792082522828,357.261985995047,134.103319587204].
[514.839122975245,357.24433759085,134.143067439922].
[515.049943656703,357.165242930652,134.321204957017].
[515.397528198527,357.034837881985,134.614904070562].
[515.608348879986,356.955743221787,134.793041587658].
[515.655389332402,356.93809481759,134.832789440375].
[515.655389332402,356.93809481759,134.832789440375].
[515.608348879986,356.93809481759,134.815646168824].
[515.397528198527,356.93809481759,134.738815356083].
[515.049943656703,356.925021307665,134.61213624742].
[514.839122975245,356.866429901122,134.535276243418].
[514.792084278222,356.769829002874,134.518091357064].
[514.792092145353,356.72432544952,134.518084843613].
[514.792105116059,356.787541689119,134.495517303597].
[514.79211298319,356.963278948696,134.39430199072].
[514.792114738584,357.152233702774,134.227434695471].
[514.792114738584,357.244353450436,134.126231806136].
[514.792114738584,357.261994307056,134.103651842579].
[514.792114738584,357.26200551125,134.103651842579].
[514.792114738584,357.262012306937,134.103651842579].
[514.839169864192,357.244378246004,134.143552189004].
[515.050056306334,357.165341072167,134.322373135484].
[515.444775432373,357.017433439092,134.657074821352].
[515.8664495193,356.859530354067,135.014930819916].
[516.261122549692,356.711866871505,135.350928427819].
[516.472108276018,356.633000960318,135.532034619613].
[516.519273386147,356.615403596924,135.573363236095].
[516.519304389403,356.615403596924,135.573687406].
[516.519304389403,356.615403596924,135.573687406].
[516.519304389403,356.615403596924,135.573687406].
[516.519304389403,356.615403596924,135.573687406].
[516.519304389403,356.615403596924,135.573687406].
[516.519304389403,356.615403596924,135.573687406].
[516.519304389403,356.615403596924,135.573687406].
[516.519304389403,356.615403596924,135.573687406].
[516.47226372072,356.633015363966,135.533658764409].
[516.261442070022,356.711945827825,135.354262838894].
[515.913855930193,356.842080162496,135.05848896062].
[515.703034279495,356.921010626355,134.879093035105].
[515.655993610812,356.938622393397,134.839064393515].
[515.655993610812,356.938622393397,134.839064393515].
[515.655993610812,356.938622393397,134.839064393515].
[515.655993610812,356.938622393397,134.839064393515].
[515.655993610812,356.938622393397,134.839064393515].
[515.655993610812,356.938622393397,134.839064393515].
[515.655993610812,356.938622393397,134.839064393515].
[515.655993610812,356.938622393397,134.839064393515].
[515.655993610812,356.938622393397,134.839064393515].
[515.655993610812,356.938622393397,134.839064393515].
[515.655993610812,356.938622393397,134.839064393515].
[515.655993610812,356.938622393397,134.839064393515].
[515.608921987454,356.956243567004,134.798992731013].
[515.397961607528,357.035216188169,134.619403999148].
[515.050146741868,357.165420028487,134.323312236945].
[514.839186361942,357.244392649652,134.14372350508].
[514.792114738584,357.26201382326,134.103651842579].
[514.792114738584,357.26201382326,134.103651842579].
[514.792114738584,357.26201382326,134.103651842579].
[514.792114738584,357.26201382326,134.103651842579].
[514.792114738584,357.26201382326,134.103651842579].
[514.792114738584,357.26201382326,134.103651842579].
[514.792114738584,357.26201382326,134.103651842579].
[514.792114738584,357.26201382326,134.103651842579].
[514.792114738584,357.26201382326,134.103651842579].
[514.792114738584,357.26201382326,134.103651842579].
[514.792114738584,357.26201382326,134.103651842579].
[514.792114738584,357.26201382326,134.103651842579].
[514.792114738584,357.26201382326,134.103651842579].
[514.792114738584,357.26201382326,134.103651842579].
[514.79211298319,357.262012306937,134.10363373842].
[514.792105116059,357.26200551125,134.103552601212].
[514.792092145353,357.261994307056,134.10341882857].
[514.792084278222,357.261987511369,134.103337691362].
[514.792082522828,357.261985995047,134.103319587204].
[514.792082522828,357.261985995047,134.103319587204].
[514.792082522828,357.261985995047,134.103319587204].
[514.792082522828,357.261985995047,134.103319587204].
[514.792082522828,357.261985995047,134.103319587204].
[514.792082522828,357.261985995047,134.103319587204].
[514.792082522828,357.261985995047,134.103319587204].
[514.769690078936,357.231264080925,134.12592416837].
[514.66933410789,357.093578014184,134.227230872725].
[514.503875083783,356.866572067269,134.394257391058].
[514.403519112736,356.728886000528,134.495564095412].
[514.403519112736,356.728886000528,134.495564095412].
[514.503875083783,356.866572067269,134.394257391058].
[514.66933410789,357.093578014184,134.227230872725].
[514.769690078936,357.231264080924,134.12592416837].
[514.792082522828,357.261985995047,134.103319587204].
[514.792082522828,357.261985995047,134.103319587204].
[514.792082522828,357.261985995047,134.103319587204].
[514.792082522828,357.261985995047,134.103319587204].
[514.792082522828,357.261985995047,134.103319587204].
[514.792082522828,357.261985995047,134.103319587204].
[514.792082522828,357.261985995047,134.103319587204].
[514.792082522828,357.261985995047,134.103319587204].
[514.792082522828,357.261985995047,134.103319587204].
[514.792082522828,357.261985995047,134.103319587204].
[514.792082522828,357.261985995047,134.103319587204].
[514.792082522828,357.261985995047,134.103319587204].
[514.792082522828,357.261985995047,134.103319587204].
[514.792082522828,357.261985995047,134.103319587204].
[514.792082522828,357.261985995047,134.103319587204].
[514.83913940383,357.244351934113,134.143238037788].
[515.09705987628,357.147696833406,134.362015909237].
[515.655522451378,356.938409241464,134.835686462165].
[516.213895718481,356.729148799608,135.309232978609].
[516.471709241013,356.63252621222,135.527862311374].
[516.51873540419,356.614901489663,135.567738099135].
[516.518766407446,356.614928848827,135.56806226904].
[516.518905354398,356.615051464094,135.56951509776].
[516.519134439194,356.615253622493,135.571910407374].
[516.519273386147,356.61537623776,135.573363236095].
[516.519304389403,356.615403596924,135.573687406].
[516.519304389403,356.615403596924,135.573687406].
[516.519304389403,356.615403596924,135.573687406].
[516.519304389403,356.615403596924,135.573687406].
[516.519304389403,356.615403596924,135.573687406].
[516.519304389403,356.615403596924,135.573687406].
[516.519304389403,356.615403596924,135.573687406].
[516.519304389403,356.615403596924,135.573687406].
[516.519304389403,356.615403596924,135.573687406].
[516.519304389403,356.615403596924,135.573687406].
[516.519304389403,356.615403596924,135.573687406].
[516.519304389403,356.615403596924,135.573687406].
[516.519304389403,356.615403596924,135.573687406].
[516.519304389403,356.615403596924,135.573687406].
[516.519304389403,356.615403596924,135.573687406].
[516.519304389403,356.615403596924,135.573687406].
[516.519304389403,356.615403596924,135.573687406].
[516.519304389403,356.615403596924,135.573687406].
[516.519304389403,356.615403596924,135.573687406].
[516.519304389403,356.615403596924,135.573687406].
[516.519304389403,356.615403596924,135.573687406].
[516.519304389403,356.615403596924,135.573687406].
[516.519304389403,356.615403596924,135.573687406].
[516.519304389403,356.615403596924,135.573687406].
[516.519304389403,356.615403596924,135.573687406].
[516.519304389403,356.615403596924,135.573687406].
[516.519304389403,356.615403596924,135.573687406].
[516.519304389403,356.615403596924,135.573687406].
[516.519304389403,356.615403596924,135.573687406].
[516.519304389403,356.615403596924,135.573687406].
[516.519304389403,356.615403596924,135.573687406].
[516.519304389403,356.615403596924,135.573687406].
[516.519304389403,356.615403596924,135.573687406].
[516.519304389403,356.615403596924,135.573687406].
[516.519304389403,356.615403596924,135.573687406].
[516.519304389403,356.615403596924,135.573687406].
[516.519304389403,356.615403596924,135.573687406].
[516.519304389403,356.615403596924,135.573687406].
[516.519304389403,356.615403596924,135.573687406].
[516.519304389403,356.615403596924,135.573687406].
[516.519304389403,356.615403596924,135.573687406].
[516.519304389403,356.615403596924,135.573687406].
[516.519304389403,356.615403596924,135.573687406].
[516.519304389403,356.615403596924,135.573687406].
[516.519304389403,356.615403596924,135.573687406].
[516.519304389403,356.615403596924,135.573687406].
[516.519304389403,356.615403596924,135.573687406].
[516.519304389403,356.615403596924,135.573687406].
[516.519304389403,356.615403596924,135.573687406].
[516.519304389403,356.615403596924,135.573687406].
[516.519304389403,356.615403596924,135.573687406].
[516.519304389403,356.615403596924,135.573687406].
[516.519304389403,356.615403596924,135.573687406].
[516.519304389403,356.615403596924,135.573687406].
[516.519304389403,356.615403596924,135.573687406].
[516.519304389403,356.615403596924,135.573687406].
[516.519304389403,356.615403596924,135.573687406].
[516.519273386147,356.61537623776,135.573363236094].
[516.519134439194,356.615253622493,135.571910407374].
[516.518905354398,356.615051464094,135.56951509776].
[516.518766407446,356.614928848827,135.56806226904].
[516.51873540419,356.614901489663,135.567738099135].
[516.51873540419,356.614901489663,135.567738099135].
[516.51873540419,356.614901489663,135.567738099135].
[516.51873540419,356.614901489663,135.567738099135].
[516.51873540419,356.614901489663,135.567738099135].
[516.518704530765,356.614874245069,135.567738099135].
[516.496215346612,356.584074560151,135.590005487119].
[516.395817799641,356.44638585934,135.690099128835].
[516.230527978643,356.219585374877,135.855970244366].
[516.130327683715,356.082070741302,135.957968670448].
[516.107976864653,356.051393158181,135.981572194968].
[516.107976864653,356.051393158181,135.981870327327].
[516.107976864653,356.051393158181,135.981870327327].
[516.107976864653,356.051393158181,135.981870327327].
[516.107976864653,356.051393158181,135.981870327327].
[516.107976864653,356.051393158181,135.981870327327].
[516.13035855714,356.082097985896,135.959304806983].
[516.230666343734,356.219707476674,135.858173161092].
[516.396045925109,356.44658717117,135.69143526537].
[516.496353711703,356.584196661948,135.590303619478].
[516.51873540419,356.614901489663,135.567738099135].
[516.51873540419,356.614901489663,135.567738099135].
[516.51873540419,356.614901489663,135.567738099135].
[516.51873540419,356.614901489663,135.567738099135].
[516.496353711703,356.584196661948,135.590303619478].
[516.396045925109,356.44658717117,135.69143526537].
[516.230666343734,356.219707476674,135.858173161092].
[516.13035855714,356.082097985896,135.959304806983].
[516.107976864653,356.051393158181,135.981870327327].
[516.107976864653,356.051393158181,135.981870327327].
[516.107976864653,356.051393158181,135.981870327327].
[516.13035855714,356.082097985896,135.959628976888].
[516.230666343734,356.219707476674,135.859950159717].
[516.396076928365,356.446614530334,135.695607573609].
[516.496523661911,356.584346636379,135.595928756438].
[516.519134439194,356.615253622493,135.573687406].
[516.519273386147,356.61537623776,135.573687406].
[516.519304389403,356.615403596924,135.573687406].
[516.519304389403,356.615403596924,135.573687406].
[516.519304389403,356.615403596924,135.573687406].
[516.519304389403,356.615403596924,135.573687406].
[516.519304389403,356.615403596924,135.573687406].
[516.519304389403,356.615403596924,135.573687406].
[516.519304389403,356.615403596924,135.573687406].
[516.519304389403,356.615403596924,135.573687406].
[516.519273386147,356.61537623776,135.573363236094].
[516.519134439194,356.615253622493,135.571910407374].
[516.518905354398,356.615051464094,135.56951509776].
[516.518766407446,356.614928848827,135.56806226904].
[516.51873540419,356.614901489663,135.567738099135].
[516.51873540419,356.614901489663,135.567738099135].
[516.51873540419,356.614901489663,135.567738099135].
[516.51873540419,356.614901489663,135.567738099135].
[516.51873540419,356.645606737173,135.545172270276].
[516.494097808161,356.800852404933,135.404156234463].
[516.383679763318,357.10676663113,135.058672821403].
[516.201631184115,357.374678802686,134.662842014846].
[516.091213139272,357.484415480009,134.461532948282].
[516.066575543243,357.5020497756,134.421649941027].
[516.066575543243,357.5020497756,134.421649941027].
[516.066575543243,357.5020497756,134.421649941027].
[516.066575543243,357.5020497756,134.421649941027].
[516.135977442257,357.515121147323,134.438966810902].
[516.447015174527,357.573702971108,134.516575637353].
[516.959829699711,357.670288070058,134.644530960318].
[517.270867431982,357.728869893843,134.722139786769].
[517.340269330995,357.741941265566,134.739456656644].
[517.340269330995,357.741941265566,134.739456656644].
[517.340269330995,357.741941265566,134.739456656644].
[517.340269330995,357.741941265566,134.739456656644].
[517.340269330995,357.741941265566,134.739456656644].
[517.340269330995,357.741941265566,134.739456656644].
[517.340269330995,357.741941265566,134.739456656644].
[517.340269330995,357.741941265566,134.739456656644].
[517.340269330995,357.741941265566,134.739456656644].
[517.340269330995,357.741941265566,134.739456656644].
[517.317887026499,357.711235598252,134.762022794024].
[517.195194498581,357.542917097144,134.885723034136].
[516.929501237038,357.178419826638,135.153598517729].
[516.663808865172,356.813923776656,135.421473104338].
[516.541117402678,356.645606737173,135.545172270276].
[516.51873540419,356.614901489663,135.567738099135].
[516.51873540419,356.614901489663,135.567738099135].
[516.51873540419,356.614901489663,135.567738099135].
[516.51873540419,356.614901489663,135.567738099135].
[516.51873540419,356.614901489663,135.567738099135].
[516.563499707175,356.614901489663,135.567738099135].
[516.764119394602,356.676312404487,135.522606132896].
[517.094885340584,356.951537030253,135.320338693084].
[517.295505028011,357.405305724975,134.986856062695].
[517.340269330995,357.680530350742,134.784588622882].
[517.340269330995,357.741941265566,134.739456656644].
[517.340269330995,357.741941265566,134.739456656644].
[517.295505028011,357.680530350742,134.784588622882].
[517.094885340584,357.405305724975,134.986856062695].
[516.764119394602,356.951537030254,135.320338693084].
[516.585881705663,356.707017651997,135.500040304038].
[516.641426560676,356.783218109342,135.444039241718].
[516.806808403113,357.010100905726,135.277299066363].
[516.907150805241,357.147741556041,135.176515008677].
[516.929681793587,357.178578019101,135.155513158765].
[516.929927436334,357.178794356967,135.15809172412].
[516.952460954676,357.209633135633,135.137114384028].
[517.052814695466,357.347284163776,135.036440171736].
[517.218215232195,357.574184070306,134.869881100817].
[517.318535728854,357.711805820303,134.768857917652].
[517.340920257339,357.742513383419,134.746316598614].
[517.340920257339,357.742513383419,134.746316598614].
[517.340920257339,357.742513383419,134.746316598614].
[517.340920257339,357.742513383419,134.746316598614].
[517.340920257339,357.742513383419,134.746316598614].
[517.340920257339,357.742513383419,134.746316598614].
[517.340920257339,357.742513383419,134.746316598614].
[517.340920257339,357.742513383419,134.746316598614].
[517.340920257339,357.742513383419,134.746316598614].
[517.340920257339,357.742513383419,134.746316598614].
[517.340920257339,357.742513383419,134.746316598614].
[517.340920257339,357.742513383419,134.746316598614].
[517.340920257339,357.742513383419,134.746316598614].
[517.340920257339,357.742513383419,134.746316598614].
[517.340920257339,357.742513383419,134.746316598614].
[517.340920257339,357.742513383419,134.746316598614].
[517.340920257339,357.742513383419,134.746316598614].
[517.340920257339,357.742513383419,134.746316598614].
[517.340920257339,357.742513383419,134.746316598614].
[517.340920257339,357.742513383419,134.746316598614].
[517.340920257339,357.742513383419,134.746316598614].
[517.340920257339,357.742513383419,134.746316598614].
[517.340920257339,357.742513383419,134.746316598614].
[517.340920257339,357.742513383419,134.746316598614].
[517.340920257339,357.742513383419,134.746316598614].
[517.340920257339,357.742513383419,134.746316598614].
[517.340920257339,357.742513383419,134.746316598614].
[517.340920257339,357.742513383419,134.746316598614].
[517.340920257339,357.742513383419,134.746316598614].
[517.340920257339,357.742513383419,134.746316598614].
[517.340920257339,357.742513383419,134.746316598614].
[517.340920257339,357.742513383419,134.746316598614].
[517.340920257339,357.742513383419,134.746316598614].
[517.340920257339,357.742513383419,134.746316598614].
[517.340920257339,357.742513383419,134.7459428094].
[517.340920257339,357.742513383419,134.744267602365].
[517.340884789219,357.74248220947,134.741505652893].
[517.340725832132,357.742342497523,134.739830445858].
[517.340463756202,357.742112151463,134.739456656644].
[517.340304799116,357.741972439515,134.739456656644].
[517.340269330995,357.741941265566,134.739456656644].
[517.362651941506,357.772647352692,134.717288835666].
[517.462963842395,357.910262487758,134.617939554678].
[517.628387882318,358.137151488111,134.454140281885].
[517.75348204694,358.257169922802,134.394816563444].
[517.886452715203,358.209013070183,134.55203086867].
[518.068491468758,358.065911851154,134.847781995726].
[518.178838817393,357.928405254086,135.02716412193].
[518.181026889824,357.796444253955,135.089724048383].
[518.055950586669,357.658773265516,135.173239063582].
[517.780084950835,357.50250222886,135.261420275196].
[517.497852117582,357.364989016862,135.233273774695].
[517.365036646247,357.250696179131,135.177481671163].
[517.340304799116,357.222718689255,135.137089565687].
[517.340269330995,357.347113277879,135.034391175487].
[517.340269330995,357.57378283835,134.865070155097].
[517.340269330995,357.711264876399,134.762371764896].
[517.362651941506,357.772647352692,134.716890210737].
[517.462963842395,357.910262487758,134.615754416759].
[517.628350207095,358.137151488111,134.449009681998].
[517.728662107984,358.274766623177,134.34787388802].
[517.751044718494,358.305472710303,134.325307442113].
[517.728662107984,358.274766623177,134.34787388802].
[517.628350207095,358.137151488111,134.449009681998].
[517.462963842395,357.910262487758,134.615754416759].
[517.362651941506,357.772647352692,134.716890210737].
[517.340269330995,357.741941265566,134.739456656644].
[517.340304799116,357.741972439515,134.739830445858].
[517.340463756202,357.742112151463,134.741505652893].
[517.340725832132,357.742342497523,134.744267602365].
[517.340884789219,357.74248220947,134.7459428094].
[517.340920257339,357.742513383419,134.746316598614].
[517.340920257339,357.742513383419,134.746316598614].
[517.340920257339,357.742513383419,134.746316598614].
[517.387918490047,357.724893269727,134.786334914875].
[517.598549955899,357.645925398774,134.965684565478].
[517.945822533927,357.515729390232,135.26138214932].
[518.156453999779,357.436761519279,135.440731799923].
[518.203452232487,357.419141405587,135.480750116184].
[518.203452232487,357.419141405587,135.480750116184].
[518.203452232487,357.419141405587,135.480750116184].
[518.203452232487,357.419141405587,135.480750116184].
[518.203452232487,357.419141405587,135.480750116184].
[518.203452232487,357.419141405587,135.480750116184].
[518.203452232487,357.419141405587,135.480750116184].
[518.203452232487,357.419141405587,135.480750116184].
[518.203452232487,357.419141405587,135.480750116184].
[518.203452232487,357.419141405587,135.480750116184].
[518.203452232487,357.419141405587,135.480750116184].
[518.203452232487,357.419141405587,135.480750116184].
[518.203452232487,357.419141405587,135.480750116184].
[518.203452232487,357.419141405587,135.480750116184].
[518.203452232487,357.419141405587,135.480750116184].
[518.203452232487,357.419141405587,135.480750116184].
[518.203452232487,357.419141405587,135.480750116184].
[518.203452232487,357.419141405587,135.480750116184].
[518.203452232487,357.419141405587,135.480750116184].
[518.203452232487,357.419141405587,135.480750116184].
[518.203452232487,357.419141405587,135.480750116184].
[518.203452232487,357.419141405587,135.480750116184].
[518.203452232487,357.419141405587,135.480750116184].
[518.203452232487,357.419141405587,135.480750116184].
[518.250421335424,357.401532212941,135.520743628867].
[518.460922250701,357.322613286721,135.699982117541].
[518.80797958722,357.192497974403,135.995496426346].
[519.018480502496,357.113579048183,136.17473491502].
[519.065449605434,357.095969855537,136.214728427703].
[519.065386095673,357.095912809968,136.214049650422].
[519.065101464673,357.095657149463,136.211007581703].
[519.064632187489,357.09523563655,136.205992058299].
[519.064347556489,357.094979976044,136.20294998958].
[519.064284046729,357.094922930475,136.2022712123].
[519.064284046729,357.094922930475,136.2022712123].
[519.064284046729,357.094922930475,136.2022712123].
[519.064284046729,357.094922930475,136.2022712123].
[519.064347556489,357.094979976044,136.2022712123].
[519.064632187489,357.095235636549,136.2022712123].
[519.087473014445,357.126345848744,136.180422867309].
[519.188019975545,357.264138717399,136.082505378361].
[519.375759960147,357.521645378986,135.898539318496].
[519.576218290119,357.796661065527,135.699660968645].
[519.763661162652,358.053902552385,135.511356304775].
[519.863728177849,358.19126562523,135.410395443871].
[519.886296625543,358.222130631361,135.387868030809].
[519.886532072902,358.222341291512,135.387868030809].
[519.886599697367,358.222401796671,135.387868030809].
[519.886599697367,358.222401796671,135.387868030809].
[519.886599697367,358.222401796671,135.387868030809].
[519.886599697367,358.222401796671,135.387868030809].
[519.886599697367,358.222401796671,135.387868030809].
[519.886599697367,358.222401796671,135.387868030809].
[519.886599697367,358.222401796671,135.387868030809].
[519.886599697367,358.222401796671,135.387868030809].
[519.886599697367,358.222401796671,135.387868030809].
[519.886599697367,358.222401796671,135.387868030809].
[519.886599697367,358.222401796671,135.387868030809].
[519.886599697367,358.222401796671,135.387868030809].
[519.886599697367,358.222401796671,135.387868030809].
[519.886599697367,358.222401796671,135.387868030809].
[519.886599697367,358.222401796671,135.387868030809].
[519.886599697367,358.222401796671,135.387868030809].
[519.886599697367,358.222401796671,135.387868030809].
[519.886599697367,358.222401796671,135.387868030809].
[519.886599697367,358.222401796671,135.387868030809].
[519.886599697367,358.222401796671,135.387868030809].
[519.886599697367,358.222401796671,135.387868030809].
[519.886599697367,358.222401796671,135.387868030809].
[519.886599697367,358.222401796671,135.387868030809].
[519.886599697367,358.222401796671,135.387868030809].
[519.886599697367,358.222401796671,135.387868030809].
[519.886599697367,358.222401796671,135.387868030809].
[519.886599697367,358.222401796671,135.387868030809].
[519.886599697367,358.222401796671,135.387868030809].
[519.886599697367,358.222401796671,135.387868030809].
[519.886599697367,358.222401796671,135.387868030809].
[519.886599697367,358.222401796671,135.387868030809].
[519.886599697367,358.222401796671,135.387868030809].
[519.886599697367,358.222401796671,135.387868030809].
[519.886599697367,358.222401796671,135.387868030809].
[519.886599697367,358.222401796671,135.387868030809].
[519.886599697367,358.222401796671,135.387868030809].
[519.886599697367,358.222401796671,135.387868030809].
[519.886599697367,358.222401796671,135.387868030809].
[519.886599697367,358.222401796671,135.387868030809].
[519.886599697367,358.222401796671,135.387868030809].
[519.886599697367,358.222401796671,135.387868030809].
[519.886599697367,358.222401796671,135.387868030809].
[519.886599697367,358.222401796671,135.387868030809].
[519.886599697367,358.222401796671,135.387868030809].
[519.886599697367,358.222401796671,135.387868030809].
[519.886599697367,358.222401796671,135.387868030809].
[519.886599697367,358.222401796671,135.387868030809].
[519.886599697367,358.222401796671,135.387868030809].
[519.886599697367,358.222401796671,135.387868030809].
[519.886599697367,358.222401796671,135.387868030809].
[519.886599697367,358.222401796671,135.387868030809].
[519.886599697367,358.222401796671,135.387868030809].
[519.886599697367,358.222401796671,135.387868030809].
[519.886599697367,358.222401796671,135.387868030809].
[519.886599697367,358.222401796671,135.387868030809].
[519.886599697367,358.222401796671,135.387868030809].
[519.886599697367,358.222401796671,135.387868030809].
[519.886599697367,358.222401796671,135.387868030809].
[519.886599697367,358.222401796671,135.387868030809].
[519.886599697367,358.222401796671,135.387868030809].
[519.886599697367,358.222401796671,135.387868030809].
[519.886599697367,358.222401796671,135.387868030809].
[519.886599697367,358.222401796671,135.387868030809].
[519.84185630904,358.161024001964,135.432922566142].
[519.641330354604,357.885947810264,135.634842984713].
[519.310718948197,357.432423841944,135.967753473799].
[519.110192993761,357.157347650244,136.16967389237].
[519.065449605434,357.095969855537,136.214728427703].
[519.065449605434,357.095969855537,136.214728427703].
[519.065449605434,357.095969855537,136.214728427703].
[519.065449605434,357.095969855537,136.214728427703].
[519.065449605434,357.095969855537,136.214728427703].
[519.065449605434,357.095969855537,136.214728427703].
[519.065449605434,357.095969855537,136.214728427703].
[519.065449605434,357.095969855537,136.214728427703].
[519.065449605434,357.095969855537,136.214728427703].
[519.065449605434,357.095969855537,136.214728427703].
[519.065449605434,357.095969855537,136.214728427703].
[519.018480502497,357.113579048183,136.17473491502].
[518.80797958722,357.192497974403,135.995496426346].
[518.460922250701,357.322613286721,135.699982117541].
[518.297390438361,357.384037832268,135.560737141549].
[518.460986027405,357.323242650262,135.70066374785].
[518.808393236615,357.193975690057,135.999917413123].
[519.01965243281,357.115571315405,136.187260228664].
[519.06738059767,357.098076934732,136.235366415422].
[519.067731405648,357.098076934732,136.239115768008].
[519.067795450982,357.098076934732,136.23980026937].
[519.067795450982,357.098076934732,136.23980026937].
[519.067795450982,357.098076934732,136.23980026937].
[519.067795450982,357.098076934732,136.23980026937].
[519.067795450982,357.098076934732,136.23980026937].
[519.067795450982,357.098076934732,136.23980026937].
[519.067795450982,357.098076934732,136.23980026937].
[519.067795450982,357.098076934732,136.23980026937].
[519.067795450982,357.098076934732,136.23980026937].
[519.067795450982,357.098076934732,136.23980026937].
[519.067795450982,357.098076934732,136.23980026937].
[519.067795450982,357.098076934732,136.23980026937].
[519.067795450982,357.098076934732,136.23980026937].
[519.067795450982,357.098076934732,136.23980026937].
[519.067795450982,357.098076934732,136.23980026937].
[519.067795450982,357.098076934732,136.23980026937].
[519.067795450982,357.098076934732,136.23980026937].
[519.067731405648,357.098019408101,136.239115768008].
[519.067444374374,357.097761591629,136.236048045731].
[519.066971139808,357.097336524126,136.230990226761].
[519.066684108535,357.097078707653,136.227922504484].
[519.066620063201,357.097021181022,136.227238003121].
[519.066684108535,357.097078707653,136.227238003121].
[519.066971139808,357.097336524126,136.227922504484].
[519.067444374374,357.097761591629,136.230990226761].
[519.090107112947,357.128711611998,136.213571031861].
[519.212759888715,357.296953591595,136.093426496897].
[519.478071723394,357.661021038027,135.827290947242].
[519.743254226934,358.024973122279,135.560470152011].
[519.865912039106,358.193219807417,135.437257003545].
[519.888723699906,358.224302190444,135.4147797337].
[519.889029326587,358.224575641643,135.4147797337].
[519.889097521117,358.224636656853,135.4147797337].
[519.889097521117,358.224636656853,135.4147797337].
[519.889097521117,358.224636656853,135.4147797337].
[519.889097521117,358.224636656853,135.4147797337].
[519.889097521117,358.224636656853,135.4147797337].
[519.889097521117,358.224636656853,135.4147797337].
[519.889097521117,358.224636656853,135.4147797337].
[519.889029326587,358.224575641643,135.414045001741].
[519.888723699906,358.224302190444,135.410752161553].
[519.888219806697,358.223851345636,135.405323185893].
[519.887914180016,358.223577894437,135.402030345705].
[519.887845985486,358.223516879227,135.401295613747].
[519.887778076886,358.223456119845,135.400563962416].
[519.887473731654,358.223183815189,135.397284928642].
[519.886971951198,358.222734860709,135.391878715913].
[519.886667605967,358.222462556053,135.38859968214].
[519.886599697367,358.222401796671,135.387868030809].
[519.886599697367,358.222401796671,135.387868030809].
[519.886599697367,358.222401796671,135.387868030809].
[519.886599697367,358.222401796671,135.387868030809].
[519.886599697367,358.222401796671,135.387868030809].
[519.886599697367,358.222401796671,135.387868030809].
[519.886599697367,358.222401796671,135.387868030809].
[519.886599697367,358.222401796671,135.387868030809].
[519.886599697367,358.222401796671,135.387868030809].
[519.886599697367,358.222401796671,135.387868030809].
[519.886599697367,358.222401796671,135.387868030809].
[519.886599697367,358.222401796671,135.387868030809].
[519.886599697367,358.222401796671,135.387868030809].
[519.886667605967,358.222462556053,135.38859968214].
[519.887040145729,358.222795875919,135.392613447872].
[519.887847552865,358.223518281597,135.401312500789].
[519.888655791306,358.224241431062,135.410020510222].
[519.889029326587,358.224575641643,135.414045001741].
[519.844345851697,358.198397699165,135.4147797337].
[519.596735670896,358.08080284928,135.4147797337].
[519.008200115467,357.886890413678,135.378731420639].
[518.249308209327,357.769155263295,135.217174089991].
[517.646292928942,357.742684989191,134.950435718674].
[517.3883911086,357.742544688692,134.787196124006].
[517.341115501583,357.742513383419,134.748374226473].
[517.202076577776,357.716333117173,134.711692185752].
[516.579625369552,357.599001304079,134.554440524743].
[515.553428796638,357.4055538481,134.295725627912].
[514.88392486339,357.305878190362,134.098879883079].
[514.486977118872,357.376497317089,133.845621946063].
[513.928091844373,357.586151060678,133.373288505057].
[513.322047392729,357.813562207467,132.861583936724].
[512.805805224121,358.007565353942,132.427857611358].
[512.199801477681,358.235710723584,131.921822676945].
[511.593822468321,358.464077427028,131.417571031958].
[511.100086340471,358.689599210317,130.967651685177].
[510.594638432233,359.056250364563,130.366977726181].
[510.201378934637,359.494575497822,129.73921981515].
[509.973901609578,359.730140666878,129.406131686356].
[509.589989670457,359.779182135492,129.253945785725].
[508.864955106598,359.784379611065,129.046647852314].
[508.183120771737,359.806332421125,128.763323414684].
[507.730617458293,359.847351190867,128.452811510277].
[507.196015191719,359.891375625756,128.088587893692].
[506.54157160044,359.932764057454,127.664684454455].
[506.073565074464,359.924105249679,127.444943478108].
[505.735192205569,359.791006709383,127.49309287632].
[505.468823587989,359.563418776279,127.661711003111].
[505.345819975091,359.42537971707,127.763983066793].
[505.323381054109,359.394579039682,127.786803048741].
[505.323381054109,359.394579039682,127.786803048741].
[505.300942558119,359.363778945657,127.809622598481].
[505.177942124877,359.194942990221,127.934711842679].
[504.911582361627,358.829325537237,128.205594965538].
[504.645223833948,358.463709780254,128.476476831843].
[504.522224880353,358.294875855848,128.601564571267].
[504.499786809343,358.26407634517,128.62438368881].
[504.454911942213,358.202479073785,128.668394546708].
[504.253624679984,357.926419255856,128.865637527526].
[503.921270646853,357.471273562051,129.190836225498].
[503.67176288567,357.212849277697,129.350650891248].
[503.414934357706,357.230436909752,129.226919678579].
[503.066581154033,357.361409812184,128.950359758845].
[502.855398615675,357.441539819117,128.782617688278].
[502.808277422071,357.459838308209,128.745189373209].
[502.808277422071,357.45998623358,128.745189373209].
[502.760956471625,357.477780106981,128.706112106225].
[502.548878685214,357.557526714922,128.530979945881].
[502.199221527716,357.6890066437,128.24223582794].
[501.987143741305,357.768753251641,128.067103667597].
[501.939822790859,357.786547125042,128.028026400612].
[501.939822790859,357.786547125042,128.028026400612].
[501.939822790859,357.786547125042,128.028026400612].
[501.939822790859,357.786547125042,128.028026400612].
[501.939822790859,357.786547125042,128.028026400612].
[501.939822790859,357.786547125042,128.028026400612].
[501.939822790859,357.786547125042,128.028026400612].
[501.939822790859,357.786547125042,128.028026400612].
[501.939822790859,357.786547125042,128.028026400612].
[501.939822790859,357.786547125042,128.028026400612].
[501.939822790859,357.786547125042,128.028026400612].
[501.939822790859,357.786547125042,128.028026400612].
[501.939822790859,357.786547125042,128.028026400612].
[501.939822790859,357.786547125042,128.028026400612].
[501.939822790859,357.786547125042,128.028026400612].
[501.987143741305,357.768753251641,128.067103667597].
[502.199221527716,357.6890066437,128.24223582794].
[502.595999878819,357.539607414186,128.568408260951].
[503.066387008675,357.374604385955,128.948984138155].
[503.742662684367,357.189292389647,129.448831598349].
[504.708215747155,356.991857042251,130.041327044278].
[506.020202247851,356.750267654457,130.764315531898].
[507.599398273177,356.499433711066,131.692917720002].
[509.048551811562,356.315133235532,132.54528856772].
[510.08861853779,356.112828567782,133.226797867405].
[510.948962102186,355.829205083423,133.904882018064].
[511.629603198897,355.574165972031,134.475363492094].
[512.283149114348,355.329646399966,135.026350419922].
[512.842500588923,355.120576528546,135.499905155959].
[513.172662815166,354.988939766534,135.799792972141].
[513.564079521485,354.783226491031,136.223287881526].
[514.197443212107,354.337931180436,136.981900996283].
[514.742334942318,353.720206961023,137.832382621593].
[515.14773441564,353.078295805704,138.74487329231].
[515.550324877609,352.485188171537,139.764432092067].
[515.799423922735,351.765342303829,140.864784618825].
[515.845834644102,350.833591578889,141.835320152325].
[515.728325183265,349.903336521433,142.582237653112].
[515.418516116685,349.142300476748,143.14597491504].
[514.907983373607,348.380758956432,143.703930207534].
[514.187217687549,347.392286267949,144.423912933668].
[513.218847945458,346.1461750313,145.303804435452].
[511.898620993826,344.702830213359,146.229369419058].
[510.27095959152,343.1582640046,147.098890610195].
[508.420298092686,341.519513464068,147.934936369115].
[506.178685045015,339.869520955621,148.640373937477].
[503.807948006122,338.281617330082,149.299005759388].
[501.827591670425,336.748614403346,150.003601859191].
[500.393369363315,335.506426879878,150.597101285537].
[499.578828846214,334.545368958201,151.180340152425].
[499.34503004467,333.780676071294,151.870627584544].
[499.584909136734,333.212734848813,152.680870903244].
[500.365002063411,332.942364009145,153.430736642999].
[501.805538116005,332.886494476746,154.167477583189].
[504.053716783835,333.004803289417,155.09863132547].
[507.063670056458,333.498686778781,156.043933702274].
[510.475808692635,334.43202546722,156.740443529332].
[513.868038802866,335.479917110417,157.260631435703].
[516.692075943544,336.552072159549,157.503021983121].
[518.467078355569,337.546037483419,157.470143052568].
[519.114793664885,338.183823924338,157.271995257857].
[519.118006643613,338.472154444985,156.976693910155].
[518.935352645379,338.626929439537,156.6326302595].
[518.82456739533,338.701876756642,156.439641422827].
[518.799847864745,338.704849561181,156.397063325105].
[518.799847864745,338.640252625151,156.397063325105].
[518.730455553047,338.527898401184,156.376377061638].
[518.35001865511,338.460409207417,156.262966545247].
[517.478908774193,338.470318646361,155.974684681777].
[516.39631696439,338.52171758614,155.495167422174].
[515.455871742491,338.614162185947,154.875234359159].
[514.826240944675,338.741625877881,154.345386309006].
[514.519307091761,338.834920334941,154.057447307276].
[514.164296385652,338.961582684284,153.720790619534].
[513.343695852081,339.254384440724,152.971842599632].
[512.174141083361,339.67291322332,151.913863699536].
[511.093914357845,340.059932516109,150.935882334887].
[510.225188227554,340.371658403713,150.151203951809].
[509.56841446198,340.60762175257,149.559927391571].
[509.096700876014,340.7774883815,149.137869648986].
[508.674718002265,340.937969246573,148.743332082695].
[508.328414122117,341.122031617023,148.345320084113].
[507.971389190639,341.420392851479,147.852348494408].
[507.534951805845,341.818116435267,147.2724457329].
[507.013186834211,342.176753192619,146.638317690224].
[506.434460086668,342.446055196235,146.041434606425].
[505.77275463578,342.695123477696,145.444773715727].
[504.978230496319,342.98475372944,144.755278096851].
[504.316738063903,343.265484081575,144.142887676808].
[503.666106560546,343.678765544346,143.402077535697].
[502.845382560859,344.267983189511,142.3973043241].
[501.93898452315,344.775436955571,141.440759404238].
[501.27770116308,345.057907616674,140.842989456965].
[500.786281068195,345.239878988467,140.43439764115].
[500.36160272744,345.397186984437,140.077024972088].
[499.916529679918,345.561228463157,139.70173912572].
[499.491353004278,345.717365291672,139.342003421915].
[499.045853023243,345.881175381757,138.965100607321].
[498.621706801265,346.038809845861,138.616751416868].
[498.225939736257,346.18746754774,138.30231039093].
[498.014709988581,346.26707291131,138.136264311144].
[497.967578261153,346.284835268832,138.099214422769].
[497.967578261153,346.284835268832,138.099214422769].
[497.967578261153,346.284835268832,138.099214422769].
[497.967578261153,346.284835268832,138.099214422769].
[497.967578261153,346.284835268832,138.099214422769].
[497.967578261153,346.284835268832,138.099214422769].
[497.967375290219,346.284665359669,138.097391592853].
[497.966465637603,346.283903879629,138.089222235944].
[497.964762028786,346.282477770272,138.073922561975].
[497.962938805371,346.28095153024,138.057548659961].
[497.961229610828,346.27952074501,138.042198822015].
[497.960316040028,346.278755985017,138.03399427691].
[497.96011219483,346.278585343998,138.032163595447].
[497.96011219483,346.278585343998,138.032163595447].
[497.96011219483,346.278585343998,138.032163595447].
[497.96011219483,346.278585343998,138.032163595447].
[497.96011219483,346.278585343998,138.032163595447].
[497.96011219483,346.278585343998,138.032163595447].
[497.96011219483,346.278585343998,138.032163595447].
[497.96011219483,346.278585343998,138.032163595447].
[497.96011219483,346.278585343998,138.032163595447].
[497.96011219483,346.24777870305,138.054672760039].
[497.96011219483,346.109712917019,138.155551836975].
[497.985200504358,345.864669069203,138.362569302636].
[498.097638506965,345.648568786984,138.645835134106].
[498.283017433497,345.489105012321,138.969049220395].
[498.442970479862,345.393669821706,139.192105888082].
[498.681006441679,345.298273470052,139.415071779098].
[499.032097765553,345.169698762782,139.715584048921].
[499.245045417841,345.091714260759,139.897853954188].
[499.2925604616,345.074313566333,139.938523867341].
[499.2925604616,345.074313566333,139.938523867341].
[499.2925604616,345.074313566333,139.938523867341].
