[293.066212962412,240.825037028359,157.640341356376].
[293.066212962412,240.825037028359,157.640341356376].
[293.066212962412,240.825037028359,157.640341356376].
[293.066212962412,240.825037028359,157.640341356376].
[293.066212962412,240.825037028359,157.640341356376].
[293.066212962412,240.825037028359,157.640341356376].
[292.960736520136,240.857529902442,157.558032157976].
[292.488023901613,241.003152861084,157.189147923117].
[291.708652552524,241.2432445305,156.58096063868].
[291.235939934001,241.388867489142,156.212076403821].
[291.130463491725,241.421360363225,156.129767205421].
[291.130463491725,241.421360363225,156.129767205421].
[291.130463491725,241.421360363225,156.129767205421].
[291.130463491725,241.421360363225,156.129767205421].
[291.130463491725,241.421360363225,156.129767205421].
[291.130463491725,241.421360363225,156.129767205421].
[291.130463491725,241.421360363225,156.129767205421].
[291.130463491725,241.421360363225,156.129767205421].
[291.130463491725,241.421360363225,156.129767205421].
[291.130463491725,241.421360363225,156.129767205421].
[291.130463491725,241.421360363225,156.129767205421].
[291.130463491725,241.421360363225,156.129767205421].
[291.130463491725,241.421360363225,156.129767205421].
[291.137899704161,241.426092043698,156.155533050444].
[291.171226496161,241.447297964354,156.271007556472].
[291.23357215671,241.48696866326,156.487029979361].
[291.300059278492,241.529274584251,156.71740221396].
[291.362167631983,241.568794284085,156.932602388033].
[291.289990483423,241.622523047623,156.965807349366].
[290.825299727731,241.77346306551,156.625322915883].
[290.046955190936,242.014558827267,156.021690475879].
[289.57486536555,242.1607907987,155.65556889382].
[289.446392062606,242.161598588302,155.597315150484].
[289.342704490355,242.018986878702,155.702361567727].
[289.171752584479,241.783859919633,155.875553830248].
[289.068065012228,241.641248210033,155.980600247491].
[289.044929187627,241.609427236431,156.004039271394].
[288.999787098947,241.619837114111,155.998096291242].
[288.774348479985,241.666490949134,155.97146170205].
[288.292082368293,241.743410119295,155.927548688313].
[287.716919917909,241.790063954317,155.900914099121].
[287.235140066664,241.800473831997,155.894971118969].
[287.010042541613,241.800473831997,155.894971118969].
[286.964976561272,241.800473831997,155.894971118969].
[286.964976561272,241.800473831997,155.894971118969].
[286.919977060888,241.821637918836,155.880583006237].
[286.718303291845,241.916488775506,155.816099958663].
[286.340866473281,242.0892809658,155.695597527691].
[285.937817032878,242.262460935899,155.567528908237].
[285.560805179722,242.426328022374,155.448305910637].
[285.359429508363,242.535238632109,155.384720338757].
[285.314496522562,242.573099998113,155.370532479921].
[285.314496522562,242.577886541827,155.370532479921].
[285.314496522562,242.577886541827,155.370532479921].
[285.314496522562,242.577886541827,155.370532479921].
[285.314496522562,242.577886541827,155.370532479921].
[285.314496522562,242.577886541827,155.370532479921].
[285.314496522562,242.577886541827,155.370532479921].
[285.261907571742,242.594328938855,155.330275688133].
[285.026220245629,242.668018649907,155.149857264373].
[284.637637537832,242.78951244395,154.852397571493].
[284.401950211719,242.863202155002,154.671979147732].
[284.349361260898,242.87964455203,154.631722355945].
[284.349361260898,242.87964455203,154.631722355945].
[284.349361260898,242.87964455203,154.631722355945].
[284.349361260898,242.87964455203,154.631722355945].
[284.349361260898,242.87964455203,154.631722355945].
[284.349361260898,242.87964455203,154.631722355945].
[284.349361260898,242.87964455203,154.631722355945].
[284.349361260898,242.87964455203,154.631722355945].
[284.349361260898,242.87964455203,154.631722355945].
[284.349361260898,242.87964455203,154.631722355945].
[284.349361260898,242.87964455203,154.631722355945].
[284.349361260898,242.87964455203,154.631722355945].
[284.401950211719,242.863202155002,154.671979147732].
[284.637637537832,242.78951244395,154.852397571493].
[285.026220245629,242.668018649907,155.149857264373].
[285.261907571742,242.594328938855,155.330275688133].
[285.314496522562,242.577886541827,155.370532479921].
[285.314496522562,242.577886541827,155.370532479921].
[285.314496522562,242.577886541827,155.370532479921].
[285.314496522562,242.577886541827,155.370532479921].
[285.314496522562,242.577886541827,155.370532479921].
[285.314496522562,242.577886541827,155.370532479921].
[285.314496522562,242.577886541827,155.370532479921].
[285.306804308072,242.573099998113,155.344310926721].
[285.272330194461,242.551648197467,155.226794078338].
[285.215491990063,242.516280157447,155.033041550745].
[285.181017876453,242.494828356801,154.915524702362].
[285.173325661962,242.490041813088,154.889303149163].
[285.173325661962,242.490041813088,154.889303149163].
[285.173325661962,242.490041813088,154.889303149163].
[285.173325661962,242.490041813088,154.889303149163].
[285.173325661962,242.490041813088,154.889303149163].
[285.173325661962,242.490041813088,154.889303149163].
[285.173325661962,242.490041813088,154.889303149163].
[285.173325661962,242.490041813088,154.889303149163].
[285.173325661962,242.485231328039,154.889303149163].
[285.225950862253,242.452073149464,154.929712561199].
[285.461800647223,242.364544734127,155.110814981461].
[285.850651204393,242.257279380758,155.409402393923].
[286.086500989363,242.200485424261,155.590504814185].
[286.139126189654,242.188886343951,155.630914226222].
[286.139126189654,242.188886343951,155.630914226222].
[286.109613954478,242.205295909309,155.590504814185].
[285.977349292651,242.278838479024,155.409402393923].
[285.759281731334,242.431898237601,155.087300210565].
[285.627017069506,242.647996881157,154.800811898583].
[285.59750483433,242.899441677725,154.586650525237].
[285.59750483433,243.041997751566,154.481264633518].
[285.59750483433,243.041997751566,154.481264633518].
[285.59750483433,242.899441677725,154.586650525237].
[285.627017069506,242.647996881157,154.800811898583].
[285.759281731334,242.431898237601,155.087300210565].
[285.977349292651,242.278838479024,155.409402393923].
[286.109613954478,242.205295909309,155.590504814185].
[286.139126189654,242.188886343951,155.630914226222].
[286.139126189654,242.188886343951,155.630914226222].
[286.139126189654,242.188886343951,155.630914226222].
[286.139126189654,242.188886343951,155.630914226222].
[286.162232451295,242.220684910099,155.607407087537].
[286.265787531549,242.363196196454,155.502055401018].
[286.436520995053,242.598157585582,155.32835983455].
[286.540076075307,242.740668871937,155.223008148031].
[286.563182336949,242.772467438085,155.199501009347].
[286.563182336949,242.772467438085,155.199501009347].
[286.563182336949,242.772467438085,155.199501009347].
[286.563182336949,242.772467438085,155.199501009347].
[286.563182336949,242.772467438085,155.199501009347].
[286.563182336949,242.772467438085,155.199501009347].
[286.563182336949,242.772467438085,155.199501009347].
[286.563182336949,242.772467438085,155.199501009347].
[286.563182336949,242.772467438085,155.199501009347].
[286.563182336949,242.772467438085,155.199501009347].
[286.510563840132,242.788886996882,155.159083965098].
[286.27474409805,242.862474354082,154.977947339636].
[285.885943073229,242.983799395154,154.679303532332].
[285.650123331147,243.057386752355,154.498166906869].
[285.59750483433,243.073806311152,154.457749862621].
[285.59750483433,243.073806311152,154.457749862621].
[285.59750483433,243.073806311152,154.457749862621].
[285.59750483433,243.073806311152,154.457749862621].
[285.59750483433,243.073806311152,154.457749862621].
[285.59750483433,243.073806311152,154.457749862621].
[285.59750483433,243.073806311152,154.457749862621].
[285.605180459515,243.078575428438,154.483956567949].
[285.639580225012,243.099949129251,154.601406872785].
[285.696295850095,243.135188404415,154.795049688619].
[285.730695615593,243.156562105228,154.912499993455].
[285.738371240777,243.161331222513,154.938706698783].
[285.738371240777,243.161331222513,154.938706698783].
[285.738371240777,243.161331222513,154.938706698783].
[285.738371240777,243.161331222513,154.938706698783].
[285.738371240777,243.161331222513,154.938706698783].
[285.738371240777,243.161331222513,154.938706698783].
[285.738371240777,243.161331222513,154.938706698783].
[285.738371240777,243.161331222513,154.938706698783].
[285.738371240777,243.161331222513,154.938706698783].
[285.738371240777,243.161331222513,154.938706698783].
[285.761468033624,243.193122929704,154.915176655154].
[285.864980677684,243.335603476351,154.809722315798].
[286.035644175733,243.570514184267,154.635857503415].
[286.139156819793,243.712994730914,154.530403164059].
[286.16225361264,243.744786438105,154.50687312043].
[286.16225361264,243.744786438105,154.50687312043].
[286.16225361264,243.744786438105,154.50687312043].
[286.16225361264,243.744786438105,154.50687312043].
[286.16225361264,243.744786438105,154.50687312043].
[286.16225361264,243.744786438105,154.50687312043].
[286.16225361264,243.744786438105,154.50687312043].
[286.16225361264,243.744786438105,154.50687312043].
[286.16225361264,243.744786438105,154.50687312043].
[286.16225361264,243.744786438105,154.50687312043].
[286.16225361264,243.744786438105,154.50687312043].
[286.16225361264,243.744786438105,154.50687312043].
[286.169874653594,243.749514569882,154.532934968517].
[286.204029789545,243.770704586392,154.649736068244].
[286.260342088689,243.805641017338,154.842308525804].
[286.29449722464,243.826831033848,154.95910962553].
[286.302118265594,243.831559165625,154.985171473618].
[286.302118265594,243.831559165625,154.985171473618].
[286.257262144675,243.848043773189,154.971184774138].
[286.056230957815,243.921922658735,154.90850073595].
[285.724786563965,244.048455306568,154.805152228855].
[285.523755377105,244.143518947125,154.742468190667].
[285.478899256187,244.194931310888,154.728481491187].
[285.478899256187,244.216116065899,154.728481491187].
[285.478899256187,244.220843023677,154.728481491187].
[285.426428096862,244.23735985219,154.688537817034].
[285.191268675611,244.311383142013,154.509522689152].
[284.803556335788,244.433426914471,154.214376640037].
[284.568396914536,244.507450204294,154.035361512155].
[284.515925755212,244.523967032807,153.995417838002].
[284.515925755212,244.523967032807,153.995417838002].
[284.515925755212,244.523967032807,153.995417838002].
[284.515925755212,244.523967032807,153.995417838002].
[284.515925755212,244.523967032807,153.995417838002].
[284.515925755212,244.523967032807,153.995417838002].
[284.515925755212,244.523967032807,153.995417838002].
[284.515925755212,244.523967032807,153.995417838002].
[284.515925755212,244.523967032807,153.995417838002].
[284.515925755212,244.523967032807,153.995417838002].
[284.515925755212,244.523967032807,153.995417838002].
[284.515925755212,244.523967032807,153.995417838002].
[284.515925755212,244.523967032807,153.995417838002].
[284.515925755212,244.523967032807,153.995417838002].
[284.515925755212,244.523967032807,153.995417838002].
[284.515925755212,244.523967032807,153.995417838002].
[284.515925755212,244.523967032807,153.995417838002].
[284.515925755212,244.523967032807,153.995417838002].
[284.515925755212,244.523967032807,153.995417838002].
[284.515925755212,244.523967032807,153.995417838002].
[284.515925755212,244.523967032807,153.995417838002].
[284.515925755212,244.523967032807,153.995417838002].
[284.515925755212,244.523967032807,153.995417838002].
[284.515925755212,244.523967032807,153.995417838002].
[284.515925755212,244.523967032807,153.995417838002].
[284.515925755212,244.523967032807,153.995417838002].
[284.515925755212,244.523967032807,153.995417838002].
[284.515925755212,244.523967032807,153.995417838002].
[284.515925755212,244.523967032807,153.995417838002].
[284.515925755212,244.523967032807,153.995417838002].
[284.515925755212,244.523967032807,153.995417838002].
[284.515925755212,244.523967032807,153.995417838002].
[284.515925755212,244.523967032807,153.995417838002].
[284.515925755212,244.523967032807,153.995417838002].
[284.515925755212,244.523967032807,153.995417838002].
[284.515925755212,244.523967032807,153.995417838002].
[284.515925755212,244.523967032807,153.995417838002].
[284.515925755212,244.523967032807,153.995417838002].
[284.515925755212,244.523967032807,153.995417838002].
[284.515925755212,244.523967032807,153.995417838002].
[284.515925755212,244.523967032807,153.995417838002].
[284.515925755212,244.523967032807,153.995417838002].
[284.515925755212,244.523967032807,153.995417838002].
[284.515925755212,244.523967032807,153.995417838002].
[284.515925755212,244.523967032807,153.995417838002].
[284.515925755212,244.523967032807,153.995417838002].
[284.515925755212,244.523967032807,153.995417838002].
[284.515925755212,244.523967032807,153.995417838002].
[284.515925755212,244.523967032807,153.995417838002].
[284.515925755212,244.523967032807,153.995417838002].
[284.515925755212,244.523967032807,153.995417838002].
[284.515925755212,244.523967032807,153.995417838002].
[284.515925755212,244.523967032807,153.995417838002].
[284.515925755212,244.523967032807,153.995417838002].
[284.515925755212,244.523967032807,153.995417838002].
[284.515925755212,244.523967032807,153.995417838002].
[284.515925755212,244.523967032807,153.995417838002].
[284.515925755212,244.523967032807,153.995417838002].
[284.515925755212,244.523967032807,153.995417838002].
[284.515925755212,244.523967032807,153.995417838002].
[284.515925755212,244.523967032807,153.995417838002].
[284.515925755212,244.523967032807,153.995417838002].
[284.515925755212,244.523967032807,153.995417838002].
[284.515925755212,244.523967032807,153.995417838002].
[284.515925755212,244.523967032807,153.995417838002].
[284.562080789561,244.587522316065,153.94826739003].
[284.768933302544,244.872357334405,153.736953742692].
[285.109975440596,245.341970887783,153.388556437536].
[285.293750210492,245.595027953414,153.200818244968].
[285.213400684619,245.484387002789,153.28290064817].
[284.939452702292,245.107161812506,153.562756795392].
[284.665506033584,244.729938431071,153.842611600664].
[284.539003046474,244.555744363356,153.9718428448].
[284.515925755212,244.523967032807,153.995417838002].
[284.515925755212,244.523967032807,153.995417838002].
[284.515925755212,244.523967032807,153.995417838002].
[284.515925755212,244.523967032807,153.995417838002].
[284.515925755212,244.523967032807,153.995417838002].
[284.539003046474,244.555744363356,153.9718428448].
[284.642428290498,244.698160478362,153.866187055435].
[284.812947690246,244.932964956463,153.691990108135].
[284.893295643007,245.04360374092,153.609909311971].
[284.812947690246,244.932964956463,153.691990108135].
[284.642428290498,244.698160478362,153.866187055435].
[284.539003046474,244.555744363356,153.9718428448].
[284.515925755212,244.523967032807,153.995417838002].
[284.515925755212,244.523967032807,153.995417838002].
[284.515925755212,244.523967032807,153.995417838002].
[284.515925755212,244.523967032807,153.995417838002].
[284.515925755212,244.523967032807,153.995417838002].
[284.515925755212,244.523967032807,153.995417838002].
[284.539003046474,244.555744363356,153.9718428448].
[284.642428290498,244.698160478362,153.866187055435].
[284.812947690246,244.932964956463,153.691990108135].
[284.91637293427,245.075381071469,153.58633431877].
[284.962527968619,245.138936354728,153.539183870798].
[285.065955237578,245.281355258062,153.433526012825].
[285.236477975881,245.516164333338,153.259325654969].
[285.339905244841,245.658583236672,153.153667796996].
[285.362982987927,245.690361189381,153.130092342226].
[285.362982987927,245.690361189381,153.130092342226].
[285.362982987927,245.690361189381,153.130092342226].
[285.339905244841,245.658583236672,153.153667796996].
[285.236477975881,245.516164333338,153.259325654969].
[285.065955237578,245.281355258062,153.433526012825].
[284.962527968619,245.138936354728,153.539183870797].
[284.939450225532,245.107158402018,153.562759325568].
[284.939450225532,245.107158402018,153.562759325568].
[284.939450225532,245.107158402018,153.562759325568].
[284.939450225532,245.107158402018,153.562759325568].
[284.939450225532,245.107158402018,153.562759325568].
[284.939450225532,245.107158402018,153.562759325568].
[284.939450225532,245.107158402018,153.562759325568].
[284.939450225532,245.107158402018,153.562759325568].
[284.91637293427,245.075381071469,153.58633431877].
[284.812947690246,244.932964956463,153.691990108135].
[284.642428290498,244.698160478362,153.866187055435].
[284.539003046474,244.555744363356,153.9718428448].
[284.515925755212,244.523967032807,153.995417838002].
[284.515925755212,244.523967032807,153.995417838002].
[284.515925755212,244.523967032807,153.995417838002].
[284.515925755212,244.523967032807,153.995417838002].
[284.515925755212,244.523967032807,153.995417838002].
[284.515925755212,244.523967032807,153.995417838002].
[284.515925755212,244.523967032807,153.995417838002].
[284.515925755212,244.523967032807,153.995417838002].
[284.463422839712,244.530021343739,153.965567454467].
[284.160331203186,244.557154882873,153.831787316832].
[283.468570988328,244.59583621506,153.641071541851].
[282.717105633046,244.574892970552,153.66122774163].
[282.292397645959,244.442350528355,153.942277336859].
[282.111848662861,244.260466180656,154.224992765401].
[282.043456818142,244.160550759714,154.345176969184].
[282.028196534877,244.139607515205,154.365333168963].
[282.028196534877,244.139607515205,154.365333168963].
[282.028196534877,244.139607515205,154.365333168963].
[282.028196534877,244.139607515205,154.365333168963].
[281.931191842609,244.172759581825,154.312629381763].
[281.496446973503,244.321336836456,154.0764273947].
[280.771763362732,244.571099713642,153.674135808989].
[280.301566102326,244.741190855646,153.380297752243].
[280.109524952686,244.81610400986,153.232568150996].
[279.857710388571,244.865810786355,153.174932081312].
[279.321589678574,244.917093399466,153.162071735854].
[278.667162424933,244.945286288587,153.170048688227].
[278.225447113536,244.951576972452,153.205798908494].
[278.077743668631,244.956390198087,153.264741057079].
[278.090485814534,245.009707698274,153.279845827148].
[278.149492746961,245.187549129147,153.195296291017].
[278.080519310709,245.44369436753,153.038629109829].
[277.604047774527,245.565462753762,152.92765244191].
[276.762981769402,245.483727683485,152.876587788463].
[276.183057393645,245.296628832129,152.858137609049].
[276.01132775255,245.183147642385,152.854020817562].
[275.99638546402,245.157826566344,152.854020817562].
[275.99638546402,245.157826566344,152.854020817562].
[275.99638546402,245.157826566344,152.854020817562].
[275.99638546402,245.157826566344,152.854020817562].
[275.99638546402,245.157826566344,152.854020817562].
[275.99638546402,245.157826566344,152.854020817562].
[275.99638546402,245.157826566344,152.854020817562].
[275.99638546402,245.157826566344,152.854020817562].
[275.99638546402,245.157826566344,152.854020817562].
[276.019411114274,245.189573283515,152.8303039411].
[276.122604919352,245.331852198881,152.724012275079].
[276.29274274079,245.566430473016,152.548766944412].
[276.395936545868,245.708709388382,152.442475278391].
[276.418962196122,245.757161662391,152.395040954432].
[276.366603890584,245.816980526963,152.273375591816].
[276.131950244912,245.872968296464,152.029237383292].
[275.692683252623,245.851680536068,151.79398531983].
[275.223240480334,245.868386092906,151.632452441545].
[274.783780347613,245.981258166849,151.479708756929].
[274.557172180793,246.12847069205,151.304424728688].
[274.541448163477,246.288765171583,151.113691616846].
[274.601897734359,246.399511917628,151.031065872491].
[274.615541361352,246.406213921112,151.117102499676].
[274.520549845057,246.26877951896,151.331487506653].
[274.350447189172,246.034192759677,151.569465766376].
[274.247274713079,245.89190869781,151.783937083425].
[274.224253821965,245.860160832299,151.893765765508].
[274.224253821965,245.860160832299,151.917510786098].
[274.224253821965,245.860160832299,151.917510786098].
[274.224253821965,245.860160832299,151.917510786098].
[274.224253821965,245.860160832299,151.917510786098].
[274.171898197235,245.876897120524,151.878556553326].
[273.937256566107,245.951903960543,151.703975794071].
[273.550397917875,246.075569333131,151.416140782832].
[273.263370669697,246.167322048886,151.202583475575].
[272.976238997584,246.259108145373,150.988948473624].
[272.589158734416,246.382844360615,150.700948573897].
[272.354382687035,246.457894168876,150.526267804718].
[272.301997069984,246.474640044612,150.487291256716].
[272.301997069984,246.474640044612,150.487291256716].
[272.301997069984,246.474640044612,150.487291256716].
[272.301997069984,246.474640044612,150.487291256716].
[272.301997069984,246.474640044612,150.487291256716].
[272.301997069984,246.474640044612,150.487291256716].
[272.301997069984,246.474640044612,150.487291256716].
[272.301997069984,246.474640044612,150.487291256716].
[272.301997069984,246.474640044612,150.487291256716].
[272.301997069984,246.474640044612,150.487291256716].
[272.301997069984,246.474640044612,150.487291256716].
[272.301997069984,246.474640044612,150.487291256716].
[272.301997069984,246.469731256738,150.487291256716].
[272.346115748133,246.431006457938,150.498939717108].
[272.596266758132,246.303062800089,150.590270911696].
[273.157213854465,246.082566566959,150.851694474258].
[273.742309931477,245.879189281628,151.193006541763].
[274.021380318103,245.787550553353,151.380007437413].
[274.073805130443,245.770835071921,151.419133854375].
[274.073805130443,245.770835071921,151.419133854375].
[274.073805130443,245.770835071921,151.419133854375].
[274.073805130443,245.770835071921,151.419133854375].
[274.073805130443,245.770835071921,151.419133854375].
[274.073805130443,245.770835071921,151.419133854375].
[274.073805130443,245.770835071921,151.419133854375].
[274.021380318103,245.787550553353,151.380007437413].
[273.786428609627,245.862464143793,151.204655002155].
[273.399058730274,245.985975773814,150.915547712277].
[273.164107021797,246.060889364254,150.740195277019].
[273.111682209458,246.077604845686,150.701068860057].
[273.111682209458,246.077604845686,150.701068860057].
[273.111682209458,246.077604845686,150.701068860057].
[273.111682209458,246.045830788205,150.724807123847].
[273.118033321506,245.886723234382,150.870313734237].
[273.146497030955,245.545307442396,151.244767076847].
[273.193425754168,245.137107622849,151.746559898707].
[273.221889463618,244.795756609193,152.120962795746].
[273.228240575666,244.636694495,152.266434020414].
[273.228240575666,244.604930576471,152.290164388581].
[273.228240575666,244.604930576471,152.290164388581].
[273.228240575666,244.604930576471,152.290164388581].
[273.228240575666,244.604930576471,152.290164388581].
[273.184104451088,244.62655074683,152.278407589264].
[272.986300063959,244.72344562803,152.225717270261].
[272.660175763463,244.883198279686,152.13884562056].
[272.462371376334,244.980093160885,152.086155301557].
[272.418235251756,245.001713331245,152.074398502239].
[272.418235251756,245.001713331245,152.074398502239].
[272.365837745347,245.018440599916,152.035436528008].
[272.131008413563,245.093407017098,151.860821073938].
[271.743840299265,245.217005743693,151.572928860619].
[271.50901096748,245.291972160874,151.398313406548].
[271.456613461072,245.308699429545,151.359351432317].
[271.464942596533,245.313619399311,151.386743195212].
[271.502271191898,245.335669174034,151.509504559594].
[271.56381564108,245.372023106634,151.711903832271].
[271.601144236445,245.394072881357,151.834665196653].
[271.609473371906,245.398992851123,151.862056959548].
[271.609473371906,245.398992851123,151.862056959548].
[271.609473371906,245.398992851123,151.862056959548].
[271.609473371906,245.398992851123,151.862056959548].
[271.609473371906,245.398992851123,151.862056959548].
[271.609473371906,245.398992851123,151.862056959548].
[271.609473371906,245.398992851123,151.862056959548].
[271.609473371906,245.398992851123,151.862056959548].
[271.609473371906,245.398992851123,151.862056959548].
[271.609473371906,245.398992851123,151.862056959548].
[271.609473371906,245.398992851123,151.862056959548].
[271.609473371906,245.398992851123,151.862056959548].
[271.601144236445,245.394072881357,151.834665196653].
[271.56381564108,245.372023106634,151.711903832271].
[271.502271191898,245.335669174034,151.509504559594].
[271.464942596533,245.313619399311,151.386743195212].
[271.456613461072,245.308699429545,151.359351432317].
[271.456613461072,245.308699429545,151.359351432317].
[271.456613461072,245.308699429545,151.359351432317].
[271.456613461072,245.308699429545,151.359351432317].
[271.456613461072,245.308699429545,151.359351432317].
[271.456613461072,245.308699429545,151.359351432317].
[271.456613461072,245.308699429545,151.359351432317].
[271.456613461072,245.308699429545,151.359351432317].
[271.456613461072,245.308699429545,151.359351432317].
[271.456613461072,245.308699429545,151.359351432317].
[271.456613461072,245.308699429545,151.359351432317].
[271.456613461072,245.308699429545,151.359351432317].
[271.456613461072,245.308699429545,151.359351432317].
[271.456613461072,245.308699429545,151.359351432317].
[271.456613461072,245.308699429545,151.359351432317].
[271.456613461072,245.308699429545,151.359351432317].
[271.456613461072,245.308699429545,151.359351432317].
[271.456613461072,245.308699429545,151.359351432317].
[271.456613461072,245.308699429545,151.386743195212].
[271.418914876684,245.250127429552,151.529627848522].
[271.249961543065,244.987625937355,151.849631765623].
[270.971404588171,244.554834143578,152.243965627552].
[270.802451254553,244.292332651381,152.564139221905].
[270.764752670165,244.233760651388,152.707142897598].
[270.764752670165,244.233760651388,152.734561217976].
[270.764752670165,244.233760651388,152.734561217976].
[270.764752670165,244.233760651388,152.734561217976].
[270.764752670165,244.233760651388,152.734561217976].
[270.764752670165,244.233760651388,152.734561217976].
[270.741739692546,244.202015883588,152.743316786421].
[270.638602682278,244.059745704698,152.782556521826].
[270.393164653163,243.810158495529,152.847251908245].
[269.952135865108,243.600558382231,152.88649164365].
[269.372033526258,243.457805319417,152.895247212095].
[269.03414174847,243.390475385009,152.895247212095].
[268.95874790198,243.375452045962,152.895247212095].
[268.95874790198,243.375452045962,152.895247212095].
[268.95874790198,243.375452045962,152.895247212095].
[268.95874790198,243.375452045962,152.895247212095].
[268.90633667518,243.392182166134,152.856441559666].
[268.671445852869,243.467161362856,152.682526691307].
[268.284176357833,243.590781159352,152.395789548554].
[268.049285535522,243.665760356074,152.221874680195].
[267.996874308722,243.682490476246,152.183069027766].
[267.996874308722,243.682490476246,152.183069027766].
[267.996874308722,243.682490476246,152.183069027766].
[267.996874308722,243.682490476246,152.183069027766].
[267.996874308722,243.682490476246,152.183069027766].
[267.996874308722,243.682490476246,152.183069027766].
[267.996874308722,243.682490476246,152.183069027766].
[267.996874308722,243.682490476246,152.183069027766].
[267.996874308722,243.682490476246,152.183069027766].
[267.996874308722,243.682490476246,152.183069027766].
[267.996874308722,243.682490476246,152.183069027766].
[267.996874308722,243.682490476246,152.183069027766].
[268.049285535522,243.665760356074,152.221874680195].
[268.284176357833,243.590781159352,152.395789548554].
[268.671445852869,243.467161362856,152.682526691307].
[268.90633667518,243.392182166134,152.856441559666].
[268.95874790198,243.375452045962,152.895247212095].
[268.95874790198,243.375452045962,152.895247212095].
[268.95874790198,243.375452045962,152.895247212095].
[268.95874790198,243.375452045962,152.895247212095].
[268.95874790198,243.375452045962,152.895247212095].
[268.95874790198,243.375452045962,152.895247212095].
[268.95874790198,243.375452045962,152.895247212095].
[268.95874790198,243.375452045962,152.895247212095].
[268.95874790198,243.375452045962,152.895247212095].
[268.95874790198,243.375452045962,152.895247212095].
[268.95874790198,243.375452045962,152.895247212095].
[268.935730233099,243.360420553052,152.895247212095].
[268.832572198048,243.293054075569,152.895247212095].
[268.610076254075,243.181985531209,152.880224738244].
[268.272001086764,243.114619053726,152.812898681376].
[267.861670545073,243.099587560816,152.701896779345].
[267.626753412813,243.099587560816,152.634570722477].
[267.568329284609,243.07788960836,152.671008158354].
[267.541407640052,242.980646131988,152.929176763427].
[267.488534354288,242.815299716421,153.432848422003].
[267.377566650387,242.653878460927,153.876137285561].
[267.058843134976,242.386480370709,154.102959989616].
[266.461531739766,241.948350864491,154.246974304998].
[265.820131666168,241.550926982841,154.366757832095].
[265.332557476736,241.323159475643,154.416976636956].
[264.847981095944,241.189643368763,154.415094607777].
[264.26817112342,241.068911934928,154.407347600616].
[263.930444425517,241.001708907032,154.405619009667].
[263.855087413328,240.986713884655,154.405619009667].
[263.855087413328,240.986713884655,154.405619009667].
[263.907452264779,240.969978117485,154.444083916825].
[264.089770395747,240.911709379842,154.578006763666].
[264.242014238313,240.863052362171,154.689838366494].
[264.142135247198,240.894973612671,154.616471670824].
[264.194500098649,240.8782378455,154.654936577981].
[264.529062072184,240.771312090187,154.900691027651].
[264.763745054603,240.696307585374,155.07307878165].
[264.816109906054,240.679571818203,155.111543688808].
[264.816109906054,240.679571818203,155.111543688808].
[264.816109906054,240.679571818203,155.111543688808].
[264.816109906054,240.679571818203,155.111543688808].
[264.816109906054,240.679571818203,155.111543688808].
[264.816109906054,240.679571818203,155.111543688808].
[264.816109906054,240.679571818203,155.111543688808].
[264.816109906054,240.679571818203,155.111543688808].
[264.816109906054,240.679571818203,155.111543688808].
[264.816109906054,240.679571818203,155.111543688808].
[264.807484744918,240.67446035153,155.083780887097].
[264.768829454522,240.651552347208,154.987119443819].
[264.705097655021,240.613783433214,154.906402789503].
[264.652075986268,240.56425696338,154.983156329125].
[264.570422898987,240.434720366761,155.062056324597].
[264.425536887866,240.215046458757,155.06053544951].
[264.297292916206,240.05784902341,155.042774001704].
[264.235509452793,240.003087159031,155.03881088701].
[264.18227989243,239.953410583509,155.062609948088].
[264.084063728578,239.819212337983,155.169269940006].
[263.964482648486,239.637653143859,155.345122537413].
[263.822713334888,239.553106947165,155.441120395558].
[263.582315511182,239.60658512685,155.417135088238].
[263.250629731723,239.730112245472,155.338351983653].
[263.054704344164,239.805035230222,155.290567615255].
[263.01098748106,239.821752807808,155.279905481481].
[263.01098748106,239.821752807808,155.279905481481].
[263.01098748106,239.821752807808,155.279905481481].
[263.01098748106,239.821752807808,155.279905481481].
[262.935580169057,239.806733322476,155.279905481481].
[262.597628043028,239.739420659224,155.279905481481].
[262.017438070124,239.613413359763,155.265258998308].
[261.576402101798,239.478752204677,155.19961801475].
[261.278591931443,239.352693828311,155.076740049856].
[260.940459923288,239.285345336478,154.945423143946].
[260.529929898358,239.270317856709,154.822495370618].
[260.2948817325,239.270317856709,154.756819448266].
[260.271881240061,239.221855089318,154.804468662935].
[260.403848350341,239.004660034381,155.08369354988].
[260.621425332093,238.646565927415,155.544057560296].
[260.753392442374,238.429370872478,155.823282447241].
[260.782838284825,238.380908105087,155.885585940982].
[260.782838284825,238.380908105087,155.885585940982].
[260.812266871709,238.332473737377,155.947852924234].
[260.944156647901,238.115405960982,156.226914182515].
[261.161606127298,237.757521700857,156.687008414872].
[261.29349590349,237.540453924463,156.966069673153].
[261.322924490374,237.492019556753,157.028336656405].
[261.322924490374,237.460285675886,157.052152475913].
[261.322924490374,237.318064288848,157.158887573902].
[261.329348645373,237.045619304156,157.397086688461].
[261.375535984993,236.733266014253,157.838004249219].
[261.500969119394,236.421032046309,158.56951279237].
[261.710543191647,236.250900143444,159.271359812489].
[262.052007208019,236.226199420942,159.649866100974].
[262.685579867413,236.287351919921,159.850167343217].
[263.705759870229,236.454657680587,160.033693293836].
[265.157326414033,236.832798947097,160.208731768022].
[266.860453480846,237.489532295227,160.291439340805].
[268.839100795833,238.243531996077,160.286414445986].
[270.892396817016,239.053322639582,160.244462247756].
[273.047027737419,240.006059938788,160.139338524755].
[275.339950397637,241.201544837707,159.817378819907].
[277.561251890016,242.593888249474,159.278830922504].
[279.773707090083,243.988053413447,158.761783196664].
[281.83837727646,245.243328177402,158.252315711039].
[283.73227006179,246.182689977482,157.792077102859].
[285.277168909978,246.796495724428,157.501638611442].
[286.403986766199,247.055923295406,157.365196397514].
[286.910812515052,247.083662660377,157.204152887652].
[286.98243176341,247.030475196151,156.914434670906].
[286.928208063163,246.977224512904,156.625828142846].
[286.89531972648,246.961577507102,156.490874896684].
[286.8737260768,247.0456560656,156.453854912233].
[286.809838389726,247.328769068454,156.400461800805].
[286.704505401111,247.726494807993,156.312431442285].
[286.640617714037,247.95232081786,156.259038330857].
[286.626362444189,248.000708731738,156.247124717354].
[286.626362444189,248.000708731738,156.247124717354].
[286.626362444189,248.000708731738,156.247124717354].
[286.57451863522,248.017494852093,156.20881665922].
[286.3421708032,248.092725024224,156.037131853775].
[285.959093990349,248.216758609213,155.754071463183].
[285.726746158329,248.291988781344,155.582386657738].
[285.67490234936,248.308774901699,155.544078599604].
[285.67490234936,248.308774901699,155.544078599604].
[285.651972554779,248.277145704388,155.567810988759].
[285.52627916791,248.12054252967,155.674172177844].
[285.254088186979,247.820275290309,155.849532132667].
[284.930014929523,247.568788583212,155.941309924687].
[284.571795415207,247.470602059836,155.8996840626].
[284.16549192127,247.455751113012,155.791926523562].
[283.881050657408,247.472537861741,155.688231772297].
[283.596508721195,247.547770850045,155.501836102082].
[283.220463276017,247.67180907812,155.244108505223].
[283.014066137553,247.747042066424,155.186771802882].
[282.984082038776,247.763828815153,155.337173611424].
[282.923848238637,247.705120817344,155.499166268005].
[282.725916805578,247.44200982522,155.737666024419].
[282.435337134534,247.00821313595,156.08877243686].
[282.211778797895,246.745102143826,156.287317133676].
[281.940929663182,246.686394146016,156.270243636355].
[281.534600672813,246.671556468357,156.16375176812].
[281.17637080952,246.594847404661,156.099161185025].
[280.852309012012,246.434813257958,156.096134375372].
[280.53590981554,246.259919004653,156.159538434598].
[280.204314607976,246.11050648131,156.310547507899].
[279.804863931248,245.974741241025,156.504153437536].
[279.48155860841,245.849136093539,156.669522290265].
[279.267471626031,245.695855656577,156.806355590932].
[279.088874887745,245.487717139284,156.965731793409].
[278.904330904753,245.239217303853,157.100082840005].
[278.778712903088,245.065856390779,157.180895429391].
[278.630182418351,244.860874778973,157.320811370778].
[278.358162483154,244.485469791513,157.603122576362].
[278.040316894696,244.046822458321,157.93299314707].
[277.709319918975,243.590025365748,158.276512658583].
[277.301957933657,243.029707913537,158.651727652357].
[276.764379741413,242.469340252383,158.884040817836].
[275.788658294388,241.914465023661,159.017462718997].
[274.54347428023,241.492194278612,159.159022872989].
[273.7599089843,241.202490838771,159.244883446578].
[273.530359759306,241.067211687587,159.264041530114].
[273.507437824967,241.037443694059,159.264041530114].
[273.507437824967,241.037443694059,159.264041530114].
[273.507437824967,241.037443694059,159.264041530114].
[273.507437824967,241.037443694059,159.264041530114].
[273.507437824967,241.037443694059,159.264041530114].
[273.507437824967,241.037443694059,159.264041530114].
[273.507437824967,241.037443694059,159.264041530114].
[273.507437824967,241.037443694059,159.264041530114].
[273.507437824967,241.037443694059,159.264041530114].
[273.507437824967,241.037443694059,159.264041530114].
[273.507437824967,241.037443694059,159.264041530114].
[273.507437824967,241.037443694059,159.264041530114].
[273.507437824967,241.037443694059,159.264041530114].
[273.507437824967,241.037443694059,159.264041530114].
[273.507437824967,241.037443694059,159.264041530114].
[273.507437824967,241.037443694059,159.264041530114].
[273.507437824967,241.037443694059,159.264041530114].
[273.507437824967,241.037443694059,159.264041530114].
[273.455435155659,241.054192354514,159.226032045637].
[273.222375360994,241.129254643017,159.055685354489].
[272.838124720184,241.2530114347,158.7748311414].
[272.611225678708,241.311325062748,158.642493934728].
[272.586833589637,241.194597893497,158.822412603754].
[272.632355740569,240.804193501772,159.342679615268].
[272.630132146581,240.222237267356,160.00329418574].
[272.502585407223,239.668004587988,160.570053920462].
[272.282139020208,239.187580929884,161.036575488461].
[272.14843152766,238.921103251413,161.46906666992].
[272.18617863748,238.83649957571,161.879167728846].
[272.540759960344,238.83649957571,162.385230352019].
[273.317527659873,238.889999915944,163.055775912128].
[274.25887126644,239.029012964919,163.569573335715].
[275.224623432322,239.304168780503,163.863439184334].
[276.373385359224,239.67557068924,164.024563693995].
[277.777612779785,240.071971352019,164.077207870904].
[279.217258288672,240.490453457823,163.996578787394].
[280.573264733883,241.213212062413,163.648983813336].
[281.891254996148,242.462695213859,162.943085923248].
[283.356847119679,243.91621068447,162.1012101933].
[285.135647701617,245.328352188578,161.380046441134].
[287.047452430552,246.748520297085,160.714937355703].
[288.83255575529,247.943816861818,160.151148772782].
[290.548460194171,248.844208828161,159.698940026422].
[291.898237139972,249.550348864665,159.359409762033].
[292.764660736479,249.966071147697,159.117020758838].
[293.183709064828,250.198086164478,158.837381043045].
[293.369206516045,250.410313270632,158.47559005099].
[293.418036072071,250.51807760621,158.262351446064].
[293.280196497349,250.479728569317,158.200924730859].
[292.880813939742,250.37146740704,158.138867897627].
[292.3982650239,250.305803692864,158.036553476686].
[292.144837726865,250.291152137803,157.974496643454].
[292.070538495551,250.276493137732,157.960649892317].
[291.968135166338,250.193921573444,157.970564431014].
[291.747817605249,250.00997920957,158.02549410529].
[291.39182944378,249.804928827483,158.145792075678].
[290.853769055063,249.648911628734,158.26777997019].
[290.286302617458,249.517604471217,158.34896769172].
[289.786031974788,249.420420923962,158.56386686975].
[289.426999234426,249.331555471439,159.183286488854].
[289.186059232555,249.212594368377,160.049182015622].
[288.831850031376,249.047252338837,160.584286392969].
[288.317966861594,248.890408475113,160.729545719541].
[288.009373044595,248.815358440186,160.74058319173].
[287.910722348573,248.765139240552,160.740466343349].
[287.747337730687,248.586088361275,160.739942665238].
[287.342031777953,248.220512038656,160.739079265997].
[286.712159988864,247.799000152747,160.748982045704].
[285.96474536993,247.347175237933,160.79559333937].
[285.336507882866,246.85785538419,160.920306123103].
[284.933533319858,246.38715769541,161.192024628804].
[284.617718045443,245.916519390844,161.618501950674].
[284.325581096363,245.611319753254,161.984973431203].
[283.886336900615,245.427929702034,162.217206802575].
[283.250248487914,245.187638599472,162.315408843458].
[282.693165213624,244.885990830051,162.297489750596].
[282.135898120527,244.617766307092,162.299915900413].
[281.385652179918,244.272683340163,162.387963887228].
[280.726692149581,243.781716067353,162.502634416425].
[280.272180254741,243.247445216902,162.638718889342].
[279.904324714511,242.827300426121,162.762936350725].
[279.379589405892,242.578936961101,162.821006223214].
[278.501084868884,242.389639482671,162.81858427229].
[277.640935773386,242.229178077561,162.759711769417].
[277.219094853985,242.14008580073,162.68769885016].
[277.152337410077,242.130047656964,162.741099060548].
[277.19313143507,242.15489841672,162.913069240026].
[277.177900560843,242.128007076635,163.049209913339].
[277.06127670292,241.978026353825,163.181230117524].
[276.892009565831,241.744030702792,163.357591813313].
[276.670138428108,241.553345070532,163.464560589008].
[276.289874406225,241.418370704212,163.50058006163].
[275.855985330702,241.357457191752,163.529923440222].
[275.602432199686,241.363634447932,163.507149893004].
[275.458381907788,241.397935604544,163.38834288282].
[275.227797604184,241.418740307693,163.343132031104].
[274.873575608897,241.40878448318,163.409024518695].
[274.575027725046,241.343360870127,163.464223909698].
[274.362783647137,241.23549556768,163.476540558652].
[274.260630203772,241.170071954627,163.476540558652].
[274.31793808378,241.094843090063,163.57376949781].
[274.676927626621,240.823114323029,164.009519371757].
[275.276361120422,240.375109324958,164.752812816846].
[275.676755293206,240.103380557924,165.324738037132].
[275.846436527417,240.047360452055,165.716585374211].
[276.038448208573,240.0680245229,166.083495531212].
[276.576665859727,240.108762850567,166.544785399742].
[277.532176670319,240.190718844967,167.106230673891].
[278.562866564529,240.477020049987,167.408799051299].
[280.014580898867,241.262670916363,167.342434864708].
[282.395171352897,242.705973514629,166.974343421992].
[285.240100418615,244.578416543075,166.416251568845].
[288.30282081904,246.57525298501,165.802386013942].
[291.817391223503,248.745514810229,165.091980783746].
[295.600549438236,251.303086715357,164.036916076844].
[299.01554910722,253.859521140043,162.706769118017].
[301.817343098594,255.774619858394,161.587818478519].
[304.006460375172,257.067404500775,160.760939934486].
[305.347927817794,258.100450554638,159.940099898702].
[305.877822179729,258.727092424104,159.204023243432].
[305.898397974556,258.962872645953,158.8043958498].
[305.482471696565,259.144432189657,158.512747306691].
[304.773021035707,259.414749104787,158.120776387303].
[304.275378581922,259.696890438362,157.722174122014].
[303.939531922434,260.1998084607,157.171176121528].
[303.58992501122,260.948654061505,156.515055117355].
[303.388404480016,261.400599759869,156.154980638079].
[303.344806142918,261.501442475924,156.079556521163].
[303.344806142918,261.501442475924,156.079556521163].
[303.344806142918,261.501442475924,156.079556521163].
[303.344806142918,261.501442475924,156.079556521163].
[303.344806142918,261.501442475924,156.079556521163].
[303.344806142918,261.501442475924,156.079556521163].
[303.344806142918,261.501442475924,156.079556521163].
[303.344806142918,261.501442475924,156.079556521163].
[303.344806142918,261.501442475924,156.079556521163].
[303.344806142918,261.501442475924,156.079556521163].
[303.344806142918,261.501442475924,156.079556521163].
[303.344806142918,261.501442475924,156.079556521163].
[303.344806142918,261.501442475924,156.079556521163].
[303.299444668503,261.473200712248,156.079556521163].
[303.045519821683,261.346629908654,156.079556521163].
[302.432785375783,261.137949932519,156.055763549364].
[301.628377686055,261.011379128925,155.949130847699].
[300.981833308051,260.983137365249,155.773323244313].
[300.687813180348,260.955531193771,155.713090230352].
[300.5410812134,260.800455149861,155.921192947088].
[300.318440378483,260.455953765604,156.371364574673].
[300.077498031473,260.100556745919,156.756257170558].
[299.959502592245,259.932432739914,156.909978590431].
[299.936828866563,259.901078972992,156.933925305717].
[299.886199163188,259.901078972992,156.933925305717].
[299.636615263767,259.886967245882,156.933925305717].
[299.13820045196,259.809604919757,156.933925305717].
[298.642101205385,259.642060300957,156.922197261815].
[298.271618468369,259.457256335502,156.893587113994].
[297.92025696521,259.302602430041,156.914270211703].
[297.477870198366,259.115598714434,157.050914427607].
[297.047529053755,258.834460225493,157.201331533703].
[296.661704697635,258.481096505337,157.315637502657].
[296.458419011116,258.277227919217,157.370440380627].
[296.367704178476,258.169013057351,157.430577546835].
[296.164434191035,257.887896279801,157.645290749379].
[295.829298639046,257.424413069103,157.999292973514].
[295.552642585643,257.12914552105,158.202289827514].
[295.10497493658,256.988843520093,158.197689787571].
[294.233682493329,256.820835339743,158.111117030906].
[293.316929378223,256.590061627264,158.094813819051].
[292.711186050662,256.231249290669,158.245360695404].
[292.279869995219,255.722076534574,158.536849806658].
[291.95221695783,255.268892689801,158.830465879339].
[291.637602860492,254.833743278742,159.151117680843].
[291.368357816989,254.461344765445,159.435560971929].
[291.221346219959,254.258009916791,159.579171907946].
[291.074340301493,254.071854640345,159.658084646241].
[290.754324021888,253.776439673829,159.748684160217].
[290.257477081422,253.530952717017,159.803635543199].
[289.757868894337,253.435958899958,159.815896854084].
[289.491679949593,253.394458433725,159.839861872099].
[289.362894187581,253.268019686302,159.959052966743].
[289.148412135854,253.037919288088,160.188959001205].
[288.728357835408,252.840182200123,160.394994325856].
[288.166971160154,252.688599675664,160.535927188817].
[287.759932090645,252.498671154775,160.688728270608].
[287.503108598657,252.242618268195,160.832397368615].
[287.249106385942,252.021283992193,160.900637048465].
[286.785923077022,251.779705710622,160.917203844241].
[286.054925348802,251.461940800846,160.923995247276].
[285.241730849054,251.160949703066,160.928114441439].
[284.612123315039,251.016506699322,160.929033557892].
[284.293623056898,250.92535901318,160.977014462638].
[284.039541021398,250.644131566126,161.192049959022].
[283.704434213844,250.180465892264,161.546583555865].
[283.501181660784,249.899238445211,161.761619052249].
[283.433155335983,249.805114807557,161.833588994572].
[283.308861394042,249.633137297558,161.965088496548].
[283.039701583311,249.260718229351,162.249852021708].
[282.770544364334,248.888302747186,162.534612804866].
[282.646253526123,248.716329531618,162.666109023182].
[282.62357986748,248.684957452697,162.690097117637].
[282.630653154405,248.684957452697,162.713874147708].
[282.662353427107,248.684957452697,162.820435403499].
[282.765405428127,248.672046379902,163.031467011121].
[283.082402136372,248.605391621924,163.355109885635].
[283.723268062422,248.470590909781,163.903062765924].
[284.384003372098,248.347767760891,164.504336263914].
[284.797428885887,248.309584846398,164.844005302203].
[285.286245032228,248.430807807041,164.970778135694].
[286.209639133768,248.910762736882,164.974890646476].
[287.549710975313,249.935585253656,164.721395835443].
[289.282962217444,251.487704093438,163.977348548243].
[291.357182743944,253.462740823673,162.841814001948].
[293.842321682818,255.657229836831,161.643813624459].
[296.54873316584,257.870310729245,160.431058638229].
[299.159246020201,259.799758419335,159.365336879393].
[301.642464503882,261.27708195691,158.587430263141].
[303.929405186533,262.351903477435,157.981401329095].
[305.556361644969,263.171659800159,157.329612076744].
[306.445966074959,263.899269578334,156.599801817881].
[306.944638279001,264.527752494074,156.007058331683].
[307.113788176572,264.853381619553,155.711422628914].
[306.933404701397,264.993747738556,155.505532979858].
[306.561390014853,265.12196775451,155.245131966562].
[306.335751701601,265.199737125375,155.087190768178].
[306.28540498863,265.217089817551,155.051949323288].
[306.28540498863,265.217089817551,155.051949323288].
[306.28540498863,265.217089817551,155.051949323288].
[306.28540498863,265.217089817551,155.051949323288].
[306.262772853828,265.206700895741,155.062482776133].
[306.116998756048,265.160140978416,155.109690436621].
[305.751033040817,265.083376652358,155.187522710607].
[305.321943236129,265.036816735032,155.234730371094].
[305.027606527515,265.012498986672,155.234150598048].
[304.656238375415,264.950074316958,155.184344575035].
[304.117066545823,264.847153436184,155.102228325484].
[303.767417029958,264.753423464149,155.065314064206].
[303.520045656151,264.585253004677,155.111977705978].
[303.025689630663,264.291457134823,155.218348278916].
[302.362239530582,264.016835341896,155.327712504302].
[301.837990769483,263.768774508604,155.441823585164].
[301.225203169231,263.398316591898,155.59152282701].
[300.358654373868,262.842894452575,155.882181623803].
[299.550237913879,262.114632809915,156.328516064571].
[298.976796379108,261.413226803805,156.746962225793].
[298.459986428591,260.807717576198,157.007421673085].
[297.720918981727,260.300090188657,157.14066856614].
[296.677315736876,259.91380149238,157.234957336761].
[295.662093160583,259.544313149973,157.332479041474].
[294.94811933729,259.098682011361,157.531301023857].
[294.303694275942,258.646989041911,157.854555346193].
[293.49356083599,258.234497563623,158.117088674893].
[292.63170216575,257.818541338928,158.278691586036].
[291.814891790715,257.420075699264,158.437963078781].
[291.27437061152,257.080344174556,158.585100523744].
[290.947711981943,256.845694359237,158.678197374443].
[290.485843368369,256.587759709715,158.81175578707].
[289.807712950472,256.193708149145,159.047304067969].
[289.201194641962,255.7355361582,159.263595933667].
[288.823619126159,255.360380853092,159.414768938912].
[288.45901674042,255.003182920247,159.597088019968].
[287.925012006873,254.6401084358,159.857624650086].
[287.247827578015,254.228805098504,160.179197765375].
[286.645320095831,253.755079713581,160.546471434001].
[286.199816959602,253.259982188096,161.016642960261].
[285.801802966877,252.704978574929,161.537645492286].
[285.374937804319,252.095067286511,162.040056926311].
[284.776930143543,251.261696410061,162.682911324353].
[284.093343336991,250.315276027176,163.398566252028].
[283.40229792541,249.445842369925,164.017337599958].
[282.570577992907,248.685641229271,164.499069858969].
[281.636448174038,248.119252144408,164.791362229954].
[280.799255965513,247.717853823379,164.95586034743].
[280.135721712181,247.49057730273,165.114820907875].
[279.830701683308,247.423556111778,165.307599257481].
[279.827909924986,247.455845065775,165.586747300826].
[279.934257975754,247.541424477465,165.94715446925].
[280.011126039716,247.734613574529,166.164974453536].
[280.069129553652,248.300701521852,166.243382959182].
[280.243715887071,249.314264637635,166.264827752294].
[280.855857355234,250.339226400238,166.159575227483].
[282.209975457672,251.326040824827,165.936490835409].
[284.198739178371,252.565970073597,165.720680482427].
[286.694526539448,254.291122189166,165.307043888357].
[289.770504476866,256.461827760236,164.396255122378].
[293.560485345131,259.007149652945,163.097826579534].
[297.783539488602,261.775847367417,161.626010262326].
[302.157741052466,264.684809920041,159.984052128932].
[306.528884098893,267.608168340973,158.242307644961].
[310.525743799674,270.192185732506,156.69390090383].
[313.691011194748,272.250031090369,155.328712421046].
[315.948899567476,273.765047021962,154.142030398677].
[317.460446113954,274.526967783311,153.454393164307].
[318.115167351349,274.724984821295,153.07669452868].
[318.219644704749,274.728759731591,152.747698619851].
[318.107803579036,274.692038430325,152.47853914737].
[317.687063265684,274.60326309086,152.31213558734].
[316.822360039272,274.438197881516,152.170785191667].
[315.962914460502,274.276240837812,152.049587828139].
[315.566008154759,274.201446373225,151.99361686382].
[315.448501277075,274.160494139479,152.003883517056].
[315.146584304814,274.002984937291,152.102914267763].
[314.320938043269,273.616448340285,152.286741839377].
[313.179165209737,273.112016615555,152.432125835018].
[312.302672085861,272.659574258262,152.512346459528].
[311.678005983546,272.162300251218,152.655338598885].
[310.736161232858,271.40262929396,152.931691270088].
[309.356517620426,270.542933103505,153.240578254824].
[308.052426210247,269.772100292619,153.562578262888].
[307.217750397108,269.092185742223,153.971693931522].
[306.629891527525,268.36501455619,154.511037459145].
[306.049059695407,267.560766332526,155.130703185195].
[305.461197785601,266.833609966381,155.661992583972].
[304.626260201699,266.153498475912,156.029484305747].
[303.36604102207,265.44423246568,156.2533694749].
[302.140456390089,264.799962903098,156.450370138204].
[301.319608101966,264.180353989858,156.71668139708].
[300.588170528542,263.333045092076,157.024340620777].
[299.697391979014,262.401186569292,157.314715317103].
[298.592419965308,261.6533588181,157.661834353957].
[297.347700994923,261.018719247997,158.082544735004].
[296.292768068817,260.318138566292,158.514986110795].
[295.481645943823,259.542492827644,158.906488255685].
[294.694980525909,258.89563459836,159.197926392132].
[293.756729107202,258.370062749479,159.410859435265].
[292.802410159551,257.844468902735,159.661674317563].
[291.914997214914,257.384542705955,160.012343577351].
[291.047977681393,256.980455564534,160.332463875838].
[290.069845526138,256.566357770983,160.593638244713].
[289.028862422704,256.114282145397,160.889824584681].
[288.273352002634,255.596993605295,161.252084285757].
[287.735907182406,255.051796815772,161.578012704348].
[287.045614156395,254.573116984474,161.792550818937].
[286.033429158444,254.205249101584,161.95804936066].
[285.021140713225,253.837321227547,162.123574048496].
[284.330698996052,253.358506086307,162.338199397675].
[283.793072251896,252.78798485445,162.65399670657].
[283.001215934417,252.168875918365,162.969854786746].
[281.821425477673,251.569495162489,163.188150322013].
[280.684580786446,251.02969556368,163.414324526998].
[279.870008375588,250.37916669913,163.796069848043].
[279.188004066356,249.608640453191,164.296906745372].
[278.373164395589,248.957950498552,164.678700591643].
[277.2355588864,248.417684749808,164.894748217353].
[276.054791750456,247.834958304476,165.053535453421].
[275.234390128172,247.318807505816,165.252399128202].
[274.585774159599,246.994081907304,165.505558048841].
[273.826854426207,246.819156640313,165.759823163015].
[273.146424264871,246.746577573699,165.929163743204].
[272.834295235805,246.77609022605,166.07778285467].
[272.790598589939,246.809068750147,166.283482011677].
[272.906680693219,246.790709976647,166.531559644836].
[273.298204540489,246.774013672034,166.913314357892].
[274.02327336257,246.843027663372,167.434339840646].
[274.873205538226,247.026086109597,167.953962577458].
[275.785330733809,247.440291216931,168.316494246861].
[277.136399345712,248.149693396505,168.43767385116].
[279.110390107624,249.026086123856,168.28599450948].
[281.507079117231,250.337819357698,167.741890922747].
[284.59190380041,252.456632231516,166.716622841011].
[288.577211704101,255.195148175118,165.306013306073].
[293.264855908049,258.149075119776,163.740426277251].
[298.409042793441,261.116089133141,162.192984466065].
[303.596640271995,264.150412779893,160.56380758215].
[308.192943729419,267.107444161381,158.766842265268].
[311.961606997334,269.916932683514,156.836594840083].
[314.859571433254,272.24902093653,155.102127258171].
[316.914058986926,273.59451678074,154.052922108358].
[317.984340873899,274.202357054561,153.549904719161].
[318.301450973386,274.481050065367,153.291994855195].
[318.317342601149,274.649507402159,153.063570306503].
[318.27806001707,274.728301571173,152.852293961565].
[318.254233925434,274.745882926723,152.748280646118].
[318.248917605792,274.745882926723,152.728205871258].
[318.248917605792,274.745882926723,152.728205871258].
[318.248917605792,274.745882926723,152.728205871258].
[318.248917605792,274.745882926723,152.728205871258].
[318.238213392274,274.739621492759,152.687786052495].
[318.190240435543,274.711559692599,152.506636992523].
[318.111146401363,274.665293605781,152.207972684179].
[318.063173444632,274.637231805621,152.026823624206].
[318.052469231114,274.630970371657,151.986403805444].
[318.052469231114,274.630970371657,151.986403805444].
[318.052469231114,274.630970371657,151.986403805444].
[318.052469231114,274.630970371657,151.986403805444].
[318.052469231114,274.630970371657,151.986403805444].
[318.052469231114,274.630970371657,151.986403805444].
[318.052469231114,274.630970371657,151.986403805444].
[318.007359506325,274.568532336389,152.034506155859].
[317.805191745771,274.288704476158,152.250085933972].
[317.471873458696,273.82734633086,152.60551689968].
[317.269705698142,273.547518470628,152.821096677792].
[317.224595973353,273.485080435361,152.869199028208].
[317.224595973353,273.485080435361,152.869199028208].
[317.224595973353,273.485080435361,152.869199028208].
[317.224595973353,273.485080435361,152.869199028208].
[317.224595973353,273.485080435361,152.869199028208].
[317.224595973353,273.485080435361,152.869199028208].
[317.224595973353,273.485080435361,152.869199028208].
[317.224595973353,273.485080435361,152.869199028208].
[317.202042612796,273.485080435361,152.869199028208].
[317.10096546329,273.457714961487,152.869199028208].
[316.911765057498,273.331219951309,152.893248601944].
[316.659712607029,273.111753861038,152.99068167815].
[316.21950592972,272.96450308986,153.08758816438].
[315.604500335751,272.91960024074,152.999080376698].
[315.054994290717,272.848080760852,152.890398729521].
[314.670637252967,272.629805746935,153.041521722406].
[314.339964226316,272.302783544975,153.262603455555].
[313.984030790494,272.004304726667,153.358437262151].
[313.781829635598,271.864025994787,153.37214202634].
[313.736712459524,271.836636970913,153.37214202634].
[313.736712459524,271.836636970913,153.37214202634].
[313.736712459524,271.836636970913,153.37214202634].
[313.736712459524,271.836636970913,153.37214202634].
[313.736712459524,271.836636970913,153.37214202634].
[313.691599290335,271.809226209495,153.37214202634].
[313.43945395014,271.686379699639,153.37214202634].
[312.837883906746,271.483840045807,153.372367832166].
[312.067937197343,271.360993535951,153.373379823672].
[311.471488963461,271.336887106466,153.375048315592].
[311.222936385226,271.351696094773,153.376060307098].
[311.178624869589,271.376111988791,153.397127735762].
[311.178624869589,271.390920977098,153.490533409041].
[311.139198814577,271.335094201209,153.692717114092].
[310.962503494747,271.070086961568,154.002067528682].
[310.671182162511,270.633163888681,154.378941839815].
[310.494486842681,270.36815664904,154.594886581127].
[310.455060787669,270.309025541218,154.643070365839].
[310.205300843207,270.334354221291,154.520496182359].
[309.04084787727,270.465441027506,153.936961679933].
[306.988293693766,270.776261238836,152.863957977607].
[305.513645552539,271.238494558856,151.986437098946].
[305.031413132663,271.753267372107,151.550503359923].
[304.985065467895,272.102077092059,151.338850161511].
[304.997495419803,272.225806567574,151.171500106648].
[304.98015506921,272.243392452891,150.999050474999].
[304.959389301235,272.243392452891,150.902078428482].
[304.953425021382,272.243392452891,150.880441040213].
[304.953425021382,272.243392452891,150.880441040213].
[304.953425021382,272.243392452891,150.880441040213].
[304.953425021382,272.243392452891,150.880441040213].
[304.930867484924,272.212141292715,150.904567299475].
[304.807215115734,272.040833579081,151.036818847556].
[304.539444973285,271.669865427134,151.323210577053].
[304.271677830837,271.298901431382,151.60959909792].
[304.148029054268,271.127598694958,151.741846803538].
[304.125472549673,271.096348964321,151.765971959178].
[304.125472549673,271.096348964321,151.765971959178].
[304.125472549673,271.096348964321,151.765971959178].
[304.075426420679,271.113928120436,151.73176200907].
[303.801067398993,271.210299211881,151.544218863729].
[303.206885287259,271.419011060587,151.13805477459].
[302.612640075876,271.627745073615,150.731847552528].
[302.338205489821,271.72414270773,150.544252753774].
[302.310701653468,271.772993574955,150.485890783824].
[302.434391496414,271.944375013092,150.353577140862].
[302.702247571037,272.31550944248,150.067045828518].
[302.970106647958,272.686648031775,149.780511304552].
[303.093800086277,272.858034451569,149.648193815542].
[303.116365114936,272.889299969991,149.624055526785].
[303.116365114936,272.889299969991,149.624055526785].
[303.116365114936,272.889299969991,149.624055526785].
[303.116365114936,272.889299969991,149.624055526785].
[303.116365114936,272.889299969991,149.624055526785].
[303.116365114936,272.889299969991,149.624055526785].
[303.116365114936,272.889299969991,149.624055526785].
[303.116365114936,272.889299969991,149.624055526785].
[303.116365114936,272.889299969991,149.624055526785].
[303.116365114936,272.889299969991,149.624055526785].
[303.116365114936,272.889299969991,149.624055526785].
[303.116365114936,272.889299969991,149.624055526785].
[303.116365114936,272.889299969991,149.624055526785].
[303.116365114936,272.889299969991,149.624055526785].
[303.166425454362,272.871698829478,149.658292344556].
[303.390780330423,272.792815990417,149.811731116564].
[303.810717625086,272.676419255142,150.064708883724].
[304.28188868797,272.662694223976,150.183910837961].
[304.813390613427,272.784223880846,150.063200976891].
[305.251853171783,272.966603711033,149.781655921594].
[305.481336917062,273.149671548339,149.519332556756].
[305.55141389803,273.245649582032,149.317187491045].
[305.562016689038,273.266185583329,149.217936999561].
[305.584603734378,273.297468445447,149.172022663914].
[305.685831848611,273.437668506691,149.063991472325].
[305.875316843882,273.700103583578,148.861772059442].
[306.077777575558,273.980509942975,148.645704870412].
[306.267268990567,274.242953911143,148.443478606351].
[306.368501608011,274.383160209296,148.33544260891].
[306.391089658153,274.414444463056,148.311336519499].
[306.391089658153,274.414444463056,148.311336519499].
[306.391089658153,274.414444463056,148.311336519499].
[306.391089658153,274.414444463056,148.311336519499].
[306.391089658153,274.414444463056,148.311336519499].
[306.391089658153,274.414444463056,148.311336519499].
[306.391089658153,274.414444463056,148.311336519499].
[306.391089658153,274.414444463056,148.311336519499].
[306.391089658153,274.414444463056,148.311336519499].
[306.385097088181,274.41106097482,148.289452860664].
[306.358240252833,274.395897232573,148.191377106039].
[306.313960817131,274.370896448186,148.029677523251].
[306.287103981783,274.355732705939,147.931601768627].
[306.28111141181,274.352349217703,147.909718109791].
[306.28111141181,274.352349217703,147.909718109791].
[306.28111141181,274.352349217703,147.909718109791].
[306.28111141181,274.352349217703,147.909718109791].
[306.28111141181,274.352349217703,147.909718109791].
[306.28111141181,274.352349217703,147.909718109791].
[306.275091552551,274.348950321556,147.887734795973].
[306.248112415103,274.333717525845,147.789212418706].
[306.203631337327,274.308602891543,147.626776479667].
[306.176652199878,274.293370095831,147.5282541024].
[306.170632340619,274.289971199684,147.506270788583].
[306.170632340619,274.289971199684,147.506270788583].
[306.170632340619,274.289971199684,147.506270788583].
[306.170632340619,274.289971199684,147.506270788583].
[306.08125730089,274.248338303308,147.531182719149].
[305.607883313157,274.048013325833,147.645761091882].
[304.604665403427,273.650970738509,147.85062570442].
[303.440397842118,273.207120103351,148.0539769933].
[302.177128517115,272.696740763694,148.313602333262].
[300.660334132062,271.985996054005,148.640628271007].
[299.273949828293,271.044567939406,148.906443350453].
[297.834402653649,270.036069439446,149.219828197148].
[296.037940109794,268.964039994863,149.732795963353].
[294.182185565166,267.678532874442,150.324171467338].
[292.422304770471,266.457858939333,150.831502391083].
[291.071572388109,265.641591998402,151.140003775865].
[290.270910674224,265.142305793238,151.310943278217].
[289.518636944419,264.656887200186,151.483374616324].
[288.513271510316,264.200674949166,151.642429197058].
[287.533794624366,263.871926128237,151.715882862579].
[287.053949036338,263.729965137003,151.729283576648].
[286.958151212287,263.702185684009,151.729283576648].
[286.98606426223,263.684730582682,151.764109696542].
[287.11116187308,263.588671525386,151.920189537435].
[287.289499915058,263.37978305748,152.16681361414].
[287.266868627318,263.169802526898,152.27490318382].
[286.987104190426,263.072435680582,152.230606722779].
[286.694782724873,263.054604960125,152.182616451566].
[286.586444192056,263.009744432111,152.207097881007].
[286.657932462266,262.808693494026,152.364806306972].
[286.813109379449,262.477216535909,152.624823543429].
[286.879266745855,262.289658694909,152.747568626015].
[286.774949809663,262.305270032627,152.602061748427].
[286.545690872995,262.404971283937,152.236148158287].
[286.311878332254,262.461477746809,151.902104524663].
[286.085185102874,262.457199141241,151.759573696779].
[285.931915697301,262.42789855706,151.735572146735].
[285.855204858786,262.378745630392,151.759664592181].
[285.746649456074,262.234139338854,151.867639441614].
[285.55656881745,261.970881807988,152.069751306266].
[285.330821963583,261.658227348384,152.309786892767].
[285.039208562772,261.254349160575,152.619858074252].
[284.747600782624,260.85047875726,152.929923279313].
[284.521870034003,260.53784660307,153.16994174118].
[284.331811438169,260.274619600986,153.372030167836].
[284.230276860534,260.133996429687,153.479991415027].
[284.184966958744,260.071243205817,153.528169224215].
[284.060783120815,259.899251303941,153.660213325209].
[283.79186188189,259.526801264475,153.946156035826].
[283.500290835998,259.122981737302,154.245187845611].
[283.201214676303,258.79637215644,154.446897213221].
[282.659686446817,258.438981077224,154.619098235238].
[281.891815520324,258.040148123927,154.76843374984].
[281.220645150315,257.651226869743,154.857329041748].
[280.650886012951,257.375573972139,154.940118075249].
[280.129023773029,257.189538855705,155.082169049468].
[279.777365227732,256.984423155082,155.228244797437].
[279.559197214181,256.802968015374,155.297954000596].
[279.457655373741,256.722718693156,155.311055207791].
[279.434998326622,256.70868351498,155.311055207791].
[279.434998326622,256.70868351498,155.311055207791].
[279.434998326622,256.70868351498,155.311055207791].
[279.434998326622,256.70868351498,155.311055207791].
[279.434998326622,256.70868351498,155.311055207791].
[279.450347870624,256.735896180497,155.286960334533].
[279.519139754215,256.857854886117,155.154441440775].
[279.632558395943,257.058930798222,154.866453059303].
[279.701350279534,257.180889503842,154.577190406877].
[279.716699823536,257.208102169359,154.443145522351].
[279.716699823536,257.208102169359,154.418612358729].
[279.716699823536,257.208102169359,154.418612358729].
[279.716699823536,257.208102169359,154.418612358729].
[279.716699823536,257.208102169359,154.418612358729].
[279.716699823536,257.208102169359,154.418612358729].
[279.716699823536,257.212272699604,154.421770346903].
[279.716699823536,257.230963719421,154.457298643434].
[279.607173665324,257.261780001365,154.576430085395].
[279.101051868134,257.28460456982,154.755759218962].
[278.136842183456,257.310688542216,154.887133031477].
[277.013993334428,257.372418890717,154.961957993242].
[275.471151720211,257.529211718915,154.970558714687].
[273.34915994764,257.913906673216,154.834956018186].
[270.839981916524,258.594295809084,154.481727614745].
[267.803722418142,259.415158126012,153.981441993873].
[263.707465096664,260.227633189576,153.381093784568].
[258.500466593221,261.149096735828,152.594155771586].
[252.702779438185,262.245859265338,151.67119373116].
[246.454750211284,263.584515309005,150.661607701621].
[239.512428717934,265.290648924007,149.524117488716].
[231.790500811015,267.366956371795,148.13874368391].
[223.363826607805,269.797537913151,146.58147245234].
[214.562831217338,272.41199968618,144.916059802079].
[205.636670409848,274.995773514472,143.24412963262].
[196.577772859736,277.33834740011,141.889561476434].
[187.268784756,279.265978574535,140.941396768604].
[177.881978767184,280.743324743695,140.403994547941].
[168.542170670806,281.568754542857,140.259427980726].
[159.262788729476,281.727577426842,140.520574961695].
[150.081301425275,281.197031411194,141.333291687617].
[141.075852496038,279.861393111321,142.632189196139].
[132.153617897828,277.949947275494,144.113718813412].
[123.282030793099,275.491812220962,145.774304677853].
[114.800122247483,272.266731358285,147.948121895445].
[107.08483694474,268.522570457311,150.568181594602].
[100.0477140682,264.739344839919,153.246674530394].
[93.6113386084927,260.983770055339,155.711484311109].
[87.9667970725567,257.219635490388,157.98053387324].
[83.0523254404991,253.67626192763,159.845123761162].
[78.9878627005257,250.607525878152,160.822387629298].
[76.0468415350537,247.960799227532,161.058406033085].
[74.0390251140939,245.699894272322,160.825530446116].
[72.8621251564623,244.12950751279,159.848741663981].
[72.3981706339927,243.396943094038,157.732538985476].
[72.3054461744413,243.141443637113,154.628463195495].
[72.5346631322972,243.377647947469,150.750405534845].
[73.2535920692362,244.439765041733,145.884463120673].
[74.2399175472349,245.944748468017,140.619791506061].
[75.0872902908471,246.691878322993,137.134312333851].
[76.0611565556621,246.300214201981,136.074476658563].
[77.4353186380765,244.908215281471,136.566092057713].
[78.8137501604256,242.98653555409,137.719788512863].
[79.7677252925756,241.036363917283,138.646868761931].
[80.5101030862981,239.19593925435,139.450415469013].
[81.1434844194732,237.154717364073,140.689997924903].
[81.5427771852391,234.709937063098,142.36148139134].
[81.8798578337321,232.137523821316,144.303954783044].
[82.2828228707986,229.704449432555,146.069271567525].
[82.6931287098998,227.284765221827,147.550576265461].
[83.3185661009904,224.991873202782,148.786036174842].
[84.1982932506635,223.095500101957,149.796319205392].
[84.8024272758095,221.356025856271,150.535716205997].
[85.2254699742178,219.467988435182,151.116697111598].
[85.9196561135426,217.789472871451,151.553631005314].
[86.7655344315735,216.610232758626,151.940962444631].
[87.279135758505,215.915759261182,152.305908896613].
[87.4648711193842,215.46992711191,152.56176090163].
[87.553114327918,215.061598490918,152.52016887646].
[87.5987966192933,214.80106825924,152.428989270358].
[87.596678750275,214.61427515328,152.439062794843].
[87.518971767179,214.233373907029,152.501518829652].
[87.30448739146,213.580237797658,152.679902360836].
[86.9818349712321,212.952796964067,153.04010383782].
[86.6595490831654,212.385041768172,153.418442118004].
[86.3230101497051,211.777477708625,153.699733765152].
[85.8628151143657,211.129518981643,153.935564896139].
[85.4046273264376,210.53935166113,154.148074082421].
[85.0191414185592,210.108420281776,154.326329945654].
[84.5581634882671,209.871453672994,154.435889530802].
[83.9343045452836,209.675478343052,154.498089656606].
[83.3745244549012,209.340088447887,154.528293484996].
[82.7672714842185,208.858433343116,154.574493850242].
[81.9300341112911,208.516823442248,154.732719908487].
[80.8600893198762,208.34505005787,155.021434202123].
[79.745060801888,208.250085672261,155.314412997168].
[78.5172410660304,208.200436084995,155.565863259232].
[77.3903882508495,208.168699263364,155.795923810866].
[76.2187980070534,208.119388597919,156.017025335429].
[74.9372104266769,208.059885781888,156.271486728472].
[73.6946439565072,208.067115206564,156.576110952827].
[72.4756253824886,208.110219764743,156.886290039596].
[71.4007637094774,208.156449611499,157.085136552338].
[70.3677769275118,208.2187162039,157.171909050456].
[69.3335885918386,208.308247217596,157.198878347856].
[68.3700183375464,208.378014051505,157.203862846979].
[67.842166053719,208.404335446763,157.209199085083].
[67.5214265254076,208.408131575486,157.239960973055].
[66.9336831560391,208.389742059893,157.328184536177].
[66.1416737482085,208.307325968854,157.483851726907].
[65.5880078756313,208.139886977538,157.67864103426].
[65.2903200715615,207.88448260125,157.878489666413].
[65.002239663399,207.491486748747,158.086618720973].
[64.7152090930837,207.10743751337,158.243002594208].
[64.4744823270832,206.860531118258,158.396149555225].
[64.1716176388419,206.586052008586,158.544844998308].
[63.8100353073322,206.168841594528,158.550471847632].
[63.5012552300921,205.774985292142,158.407439710747].
[63.2821117606118,205.559092451279,158.233187542327].
[63.1008777082994,205.456963230472,158.069371939757].
[63.0045417972929,205.414171587804,157.981734827404].
[62.983046350042,205.404623481723,157.96218034449].
[62.9614413029883,205.395026692284,157.917449373814].
[62.8646141997439,205.352016865946,157.716979071432].
[62.7049732950446,205.281105650412,157.38645941975].
[62.6081461918002,205.238095824074,157.185989117368].
[62.5865411447466,205.228499034635,157.141258146692].
[62.5865411447466,205.228499034635,157.141258146692].
[62.5865411447466,205.228499034635,157.141258146692].
[62.533926047923,205.228499034635,157.141258146692].
[61.8550732580813,205.081136663853,157.147472296226].
[59.4806926973658,204.420704337341,157.17532218227].
[55.9711795571033,203.331835512763,157.221238881779].
[53.9329598016442,202.671403186251,157.249088767823].
[53.4899115161714,202.524040815469,157.255302917356].
[53.4899115161714,202.524040815469,157.255302917356].
[53.4518691654963,202.559293951336,157.19076999283].
[53.2588220657964,202.780618627626,156.897539272577].
[52.8317253447892,203.334812345275,156.384430651362].
[52.2779848419566,204.050214109562,155.983624249511].
[51.7385031267776,204.644798454503,155.766023391854].
[51.4018105145123,205.086299969549,155.680080554762].
[51.2884667165071,205.298702010916,155.661799808801].
[51.2732001112487,205.34389165699,155.661799808801].
[51.3180390933683,205.385298311335,155.661799808801].
[51.519072494199,205.570870061548,155.661799808801].
[51.8731397891295,205.876826153365,155.675824620215].
[52.2577444631908,206.048860010704,155.73867946424].
[52.8390417368744,206.029594038518,155.842309582551].
[53.6111520899935,205.884455405856,155.905164426576].
[54.2980963609905,205.611837148963,155.919189237989].
[54.9894808814536,205.221117164654,155.911064941424].
[55.7210703313794,204.919837623843,155.85569595014].
[56.4539745910859,204.710882013461,155.699041300862].
[57.0380789011974,204.548332749878,155.450985945251].
[57.4685544821547,204.683761025832,155.089463985879].
[57.8057776432451,205.229904287596,154.446488774303].
[58.1322260589632,205.891158117298,153.59092396235].
[58.5101665052973,206.492322395329,152.893758282175].
[58.8353671900022,207.188341130911,152.292126844536].
[59.1926904104321,207.912426666826,151.721923283292].
[59.7068297372227,208.700007442584,151.101718430647].
[60.409913891689,209.69030019414,150.337186898192].
[61.3196552332019,210.78744689967,149.563893343521].
[62.5748406709282,211.729746155597,149.018662070336].
[63.9367439004518,212.329429602819,148.618468668674].
[64.6632842405069,212.718386003324,147.904591812454].
[64.8691064689885,213.139341040362,146.860634840346].
[65.0774928867892,213.623902073908,146.0831024054].
[65.4880201155418,214.152118165275,145.610867481576].
[66.0516078153363,214.514130540527,145.363793655499].
[66.7562984341296,214.744871054388,145.294039573365].
[67.3147411309066,214.912050677657,145.32979446628].
[67.7288645423531,214.98924625821,145.424494497635].
[68.1428158892937,215.00332787412,145.519187051798].
[68.4331444092666,214.985644360866,145.595849818874].
[68.72340300201,214.90639235279,145.751444853799].
[69.1675575436327,214.758051072126,146.027753273799].
[69.6420507763578,214.599577101439,146.322935385313].
[70.0860770713396,214.451278653323,146.599164023112].
[70.3232787075393,214.372056690712,146.746727096722].
[70.3762055466119,214.354379881508,146.779652868969].
[70.3762055466119,214.354379881508,146.779652868969].
[70.3762055466119,214.354379881508,146.779652868969].
[70.3762055466119,214.354379881508,146.779652868969].
[70.3762055466119,214.354379881508,146.779652868969].
[70.3762055466119,214.354379881508,146.779652868969].
[70.3762055466119,214.354379881508,146.779652868969].
[70.3762055466119,214.354379881508,146.779652868969].
[70.3762055466119,214.354379881508,146.779652868969].
[70.3762055466119,214.354379881508,146.779652868969].
[70.3762055466119,214.354379881508,146.779652868969].
[70.3762055466119,214.354379881508,146.779652868969].
[70.3987737521532,214.386133948863,146.754693704928].
[70.4999174322646,214.528445805466,146.642834492245].
[70.6666751690611,214.76307839052,146.45840982897].
[70.7678188491725,214.905390247124,146.346550616286].
[70.7903870547138,214.937144314478,146.321591452246].
[70.7903870547138,214.937144314478,146.321591452246].
[70.7903870547138,214.937144314478,146.29663086806].
[70.7903870547138,214.937144314478,146.184765290722].
[70.7903870547138,214.937144314478,146.008215261701].
[70.7903870547138,214.937144314478,145.899095344432].
