[NaN,NaN,NaN].
[NaN,NaN,NaN].
[NaN,NaN,NaN].
[NaN,NaN,NaN].
[NaN,NaN,NaN].
[NaN,NaN,NaN].
[NaN,NaN,NaN].
[NaN,NaN,NaN].
[NaN,NaN,NaN].
[NaN,NaN,NaN].
[NaN,NaN,NaN].
[NaN,NaN,NaN].
[NaN,NaN,NaN].
[NaN,NaN,NaN].
[NaN,NaN,NaN].
[NaN,NaN,NaN].
[NaN,NaN,NaN].
[NaN,NaN,NaN].
[NaN,NaN,NaN].
[NaN,NaN,NaN].
[NaN,NaN,NaN].
[NaN,NaN,NaN].
[NaN,NaN,NaN].
[NaN,NaN,NaN].
[NaN,NaN,NaN].
[NaN,NaN,NaN].
[NaN,NaN,NaN].
[NaN,NaN,NaN].
[NaN,NaN,NaN].
[NaN,NaN,NaN].
[NaN,NaN,NaN].
[NaN,NaN,NaN].
[NaN,NaN,NaN].
[NaN,NaN,NaN].
[NaN,NaN,NaN].
[NaN,NaN,NaN].
[NaN,NaN,NaN].
[NaN,NaN,NaN].
[NaN,NaN,NaN].
[NaN,NaN,NaN].
[NaN,NaN,NaN].
[NaN,NaN,NaN].
[NaN,NaN,NaN].
[NaN,NaN,NaN].
[NaN,NaN,NaN].
[NaN,NaN,NaN].
[NaN,NaN,NaN].
[NaN,NaN,NaN].
[NaN,NaN,NaN].
[NaN,NaN,NaN].
[NaN,NaN,NaN].
[NaN,NaN,NaN].
[NaN,NaN,NaN].
[NaN,NaN,NaN].
[NaN,NaN,NaN].
[NaN,NaN,NaN].
[NaN,NaN,NaN].
[NaN,NaN,NaN].
[NaN,NaN,NaN].
[NaN,NaN,NaN].
[NaN,NaN,NaN].
[NaN,NaN,NaN].
[NaN,NaN,NaN].
[NaN,NaN,NaN].
[NaN,NaN,NaN].
[NaN,NaN,NaN].
[NaN,NaN,NaN].
[NaN,NaN,NaN].
[NaN,NaN,NaN].
[NaN,NaN,NaN].
[NaN,NaN,NaN].
[NaN,NaN,NaN].
[NaN,NaN,NaN].
[NaN,NaN,NaN].
[NaN,NaN,NaN].
[NaN,NaN,NaN].
[NaN,NaN,NaN].
[NaN,NaN,NaN].
[NaN,NaN,NaN].
[NaN,NaN,NaN].
[NaN,NaN,NaN].
[NaN,NaN,NaN].
[NaN,NaN,NaN].
[NaN,NaN,NaN].
[NaN,NaN,NaN].
[NaN,NaN,NaN].
[NaN,NaN,NaN].
[NaN,NaN,NaN].
[NaN,NaN,NaN].
[NaN,NaN,NaN].
[NaN,NaN,NaN].
[NaN,NaN,NaN].
[NaN,NaN,NaN].
[NaN,NaN,NaN].
[NaN,NaN,NaN].
[NaN,NaN,NaN].
[NaN,NaN,NaN].
[NaN,NaN,NaN].
[NaN,NaN,NaN].
[NaN,NaN,NaN].
[NaN,NaN,NaN].
[NaN,NaN,NaN].
[NaN,NaN,NaN].
[NaN,NaN,NaN].
[NaN,NaN,NaN].
[NaN,NaN,NaN].
[NaN,NaN,NaN].
[NaN,NaN,NaN].
[NaN,NaN,NaN].
[NaN,NaN,NaN].
[NaN,NaN,NaN].
[NaN,NaN,NaN].
[NaN,NaN,NaN].
[NaN,NaN,NaN].
[NaN,NaN,NaN].
[NaN,NaN,NaN].
[NaN,NaN,NaN].
[NaN,NaN,NaN].
[NaN,NaN,NaN].
[NaN,NaN,NaN].
[NaN,NaN,NaN].
[NaN,NaN,NaN].
[NaN,NaN,NaN].
[NaN,NaN,NaN].
[NaN,NaN,NaN].
[NaN,NaN,NaN].
[NaN,NaN,NaN].
[NaN,NaN,NaN].
[NaN,NaN,NaN].
[NaN,NaN,NaN].
[NaN,NaN,NaN].
[NaN,NaN,NaN].
[NaN,NaN,NaN].
[NaN,NaN,NaN].
[NaN,NaN,NaN].
[NaN,NaN,NaN].
[NaN,NaN,NaN].
[NaN,NaN,NaN].
[NaN,NaN,NaN].
[NaN,NaN,NaN].
[NaN,NaN,NaN].
[NaN,NaN,NaN].
[NaN,NaN,NaN].
[NaN,NaN,NaN].
[NaN,NaN,NaN].
[NaN,NaN,NaN].
[NaN,NaN,NaN].
[NaN,NaN,NaN].
[NaN,NaN,NaN].
[NaN,NaN,NaN].
[NaN,NaN,NaN].
[NaN,NaN,NaN].
[NaN,NaN,NaN].
[NaN,NaN,NaN].
[NaN,NaN,NaN].
[NaN,NaN,NaN].
[NaN,NaN,NaN].
[NaN,NaN,NaN].
[NaN,NaN,NaN].
[NaN,NaN,NaN].
[NaN,NaN,NaN].
[NaN,NaN,NaN].
[NaN,NaN,NaN].
[NaN,NaN,NaN].
[NaN,NaN,NaN].
[NaN,NaN,NaN].
[NaN,NaN,NaN].
[NaN,NaN,NaN].
[NaN,NaN,NaN].
[NaN,NaN,NaN].
[NaN,NaN,NaN].
[NaN,NaN,NaN].
[NaN,NaN,NaN].
[100.679511753119,513.725251951388,2035.11786802314].
[311.60789374084,413.743509218497,1046.37123771886].
[439.542424419971,353.101516839498,446.666091751757].
[468.08847673892,339.570459368252,312.853786490281].
[468.08847673892,339.570459368252,312.853786490281].
[468.08847673892,339.570459368252,312.853786490281].
[468.08847673892,339.570459368252,312.853786490281].
[468.08847673892,339.570459368252,312.853786490281].
[468.08847673892,339.570459368252,312.853786490281].
[468.08847673892,339.570459368252,312.853786490281].
[468.08847673892,339.570459368252,312.853786490281].
[468.08847673892,339.570459368252,312.853786490281].
[468.08847673892,339.570459368252,312.853786490281].
[468.08847673892,339.570459368252,312.853786490281].
[468.08847673892,339.570459368252,312.853786490281].
[468.08847673892,339.570459368252,312.853786490281].
[468.08847673892,339.570459368252,312.853786490281].
[468.08847673892,339.570459368252,312.853786490281].
[468.08847673892,339.570459368252,312.853786490281].
[468.08847673892,339.570459368252,312.853786490281].
[468.08847673892,339.570459368252,312.853786490281].
[468.08847673892,339.570459368252,312.853786490281].
[468.08847673892,339.570459368252,312.853786490281].
[468.08847673892,339.570459368252,312.853786490281].
[468.119951915433,339.570459368252,312.768791115357].
[468.298843197088,339.555295205195,312.165586221039].
[468.700954323826,339.487334141359,310.54135158688].
[469.121539298446,339.375285289833,308.517974195812].
[469.306721194873,339.283251389334,307.479584442227].
[469.257774648917,339.160200257314,307.491908258967].
[469.069889984995,338.982324716754,307.999870243784].
[468.844391324745,338.913674747511,308.729431704298].
[468.588914145955,339.065449943647,309.957521063867].
[468.257567756745,339.394220992415,311.858155877854].
[467.905980711206,339.768033431662,313.87847156311].
[467.501255675933,340.263412627148,316.087894048588].
[467.086275562267,340.953944388118,318.386344719942].
[466.58475042302,341.834918126988,321.484400013169].
[465.848226682371,342.592319247177,325.896877561502].
[464.930554238841,342.911015828428,330.715885911445].
[463.944932648174,342.806134444311,334.630908935455].
[462.597157051874,342.228589278849,339.102558540242].
[460.655823803385,341.081392526032,345.767456880781].
[458.225728595214,339.365753301984,354.232214503413].
[455.200419574539,336.739529807014,364.374688476769].
[451.293121914608,332.550590896858,376.681172061345].
[446.531100844788,326.223704493288,390.464498317415].
[441.168471758789,317.507890437941,404.403634676937].
[435.167201701385,306.681016834384,418.935341408516].
[429.005422065043,295.325420513855,433.617818789831].
[424.293086217005,286.653303375233,444.858739480832].
[422.277164077513,282.948543863503,449.672686606652].
[421.910342835641,282.274418381022,450.548642095411].
[421.910342835641,282.274418381022,450.548642095411].
[421.910342835641,282.274418381022,450.548642095411].
[421.910342835641,282.274418381022,450.548642095411].
[421.910342835641,282.274418381022,450.548642095411].
[421.910342835641,282.274418381022,450.548642095411].
[421.910342835641,282.274418381022,450.548642095411].
[421.910342835641,282.274418381022,450.548642095411].
[421.910342835641,282.274418381022,450.548642095411].
[421.910342835641,282.274418381022,450.548642095411].
[395.880476288039,298.927461755564,576.85813580571].
[279.222707879294,373.561224235117,1142.9380132471].
[86.8865637113865,496.611495947537,2076.24594810003].
[NaN,NaN,NaN].
[NaN,NaN,NaN].
[NaN,NaN,NaN].
[NaN,NaN,NaN].
[NaN,NaN,NaN].
[NaN,NaN,NaN].
[NaN,NaN,NaN].
[NaN,NaN,NaN].
[NaN,NaN,NaN].
[NaN,NaN,NaN].
[NaN,NaN,NaN].
[NaN,NaN,NaN].
[NaN,NaN,NaN].
[NaN,NaN,NaN].
[NaN,NaN,NaN].
[NaN,NaN,NaN].
[NaN,NaN,NaN].
[NaN,NaN,NaN].
[NaN,NaN,NaN].
[NaN,NaN,NaN].
[NaN,NaN,NaN].
[NaN,NaN,NaN].
[NaN,NaN,NaN].
[NaN,NaN,NaN].
[NaN,NaN,NaN].
[NaN,NaN,NaN].
[NaN,NaN,NaN].
[NaN,NaN,NaN].
[98.2583777670552,511.007003184721,2042.62155374075].
[305.923186316644,407.36119042341,1063.98953482809].
[431.878259645324,344.49682723284,470.419210781088].
[459.96524795623,330.501899387046,338.080915426402].
[459.870013725186,330.677211518504,338.656822390198].
[459.644691422087,331.143023694468,340.070166342084].
[459.335382363362,331.940990079477,342.168016465865].
[458.987293882956,332.95807682852,344.647334430467].
[458.604697543252,333.889216286437,347.186643564912].
[458.25739455283,334.57739923147,349.33547127337].
[458.087848681681,334.911484697367,350.359641055797].
[458.049994466721,335.162203601908,350.688628456052].
[458.032770163714,335.712949331899,351.242290181562].
[458.004372088974,336.443070596943,352.155124045183].
[458.002099559908,336.869277789423,352.668689255189].
[458.080229351485,337.080515340882,352.572398865971].
[458.270753553157,337.377464019059,352.096278195739].
[458.50650998565,337.778010289577,351.620063361987].
[458.684445209513,338.209286228323,351.421687138078].
[458.757587555291,338.643317996447,351.478208366511].
[458.770568932101,338.995249034459,351.637557494691].
[458.772563498418,339.124491284506,351.672480736568].
[458.796490574188,339.018367204153,351.377211770825].
[458.878400315141,338.79314411061,350.740972217155].
[458.998086881274,338.633421229407,350.167337267846].
[459.084311169117,338.491834490476,349.823101517296].
[459.17574761547,338.287410859823,349.324104842171].
[459.31892348538,338.120864692522,348.464838931255].
[459.47216012182,338.030365435634,347.545193616166].
[459.630901236179,337.967175770015,346.642531586113].
[459.775276785009,337.933396860701,346.000232092732].
[459.903843191295,337.925859767257,345.598232137404].
[459.971430500336,337.925859767257,345.416775081035].
[459.986511267426,337.925859767257,345.376286538987].
[459.986511267426,337.925859767257,345.376286538987].
[460.001604289978,337.949093467872,345.33576509372].
[460.069246524188,338.053219689981,345.154160575354].
[460.180769714528,338.224894807212,344.854745343067].
[460.248411948738,338.329021029321,344.673140824701].
[460.263504971291,338.352254729937,344.632619379434].
[460.263504971291,338.352254729937,344.632619379434].
[460.263504971291,338.352254729937,344.632619379434].
[460.263504971291,338.352254729937,344.632619379434].
[460.263504971291,338.352254729937,344.632619379434].
[460.263504971291,338.352254729937,344.632619379434].
[460.263504971291,338.352254729937,344.632619379434].
[460.280796367931,338.321444189836,344.529068672531].
[460.375659701207,338.152412700086,343.960973137837].
[460.581267779261,337.786051551496,342.729675153617].
[460.787100519168,337.419290090936,341.497031766582].
[460.882232894058,337.249779211486,340.927325057848].
[460.899601564001,337.218830982554,340.823311594505].
[460.899601564001,337.218830982554,340.823311594505].
[460.912537295772,337.265512699527,340.823311594505].
[460.970511223462,337.474725640273,340.823311594505].
[461.081264806139,337.850528761621,340.805164442326].
[461.207229250834,338.198088288115,340.723834548746].
[461.334542287385,338.472864963741,340.52621713476].
[461.427962382527,338.627100306586,340.119291399156].
[461.543378202956,338.729178071442,339.407574767274].
[461.73422718594,338.846580988973,338.637354945114].
[461.917174450102,338.917789457995,338.088219498657].
[462.015853276422,338.957085926078,337.822984760605].
[462.099363653634,339.061992008567,337.59852066987].
[462.211948455196,339.234952898192,337.295908635811].
[462.280234589162,339.339858980681,337.112365159156].
[462.295471285169,339.363266691667,337.071411073816].
[462.295471285169,339.363266691667,337.071411073816].
[462.295471285169,339.363266691667,337.071411073816].
[462.295471285169,339.363266691667,337.071411073816].
[462.295471285169,339.363266691667,337.071411073816].
[462.295471285169,339.363266691667,337.071411073816].
[462.295471285169,339.363266691667,337.071411073816].
[462.295471285169,339.363266691667,337.071411073816].
[462.295471285169,339.363266691667,337.071411073816].
[462.295471285169,339.363266691667,337.071411073816].
[462.295471285169,339.363266691667,337.071411073816].
[462.295471285169,339.363266691667,337.071411073816].
[462.295471285169,339.363266691667,337.071411073816].
[462.295471285169,339.363266691667,337.071411073816].
[462.295471285169,339.363266691667,337.071411073816].
[462.295471285169,339.363266691667,337.071411073816].
[462.295471285169,339.363266691667,337.071411073816].
[462.295471285169,339.363266691667,337.071411073816].
[462.295471285169,339.363266691667,337.071411073816].
[462.293105169775,339.417404087693,337.135240211619].
[462.282500976273,339.660031063759,337.421302560882].
[462.265017616887,340.060055320044,337.892939640857].
[462.239205514297,340.302682296109,338.219855249095].
[462.168682278962,340.333432630839,338.466775991138].
[462.056310185564,340.228619093838,338.768643013535].
[461.988153065623,340.055810785928,338.951734617775].
[461.972945156535,339.950997248928,338.992587876751].
[461.972945156535,339.927610187631,338.992587876751].
[462.00576834507,339.920286718199,338.846917882288].
[462.152871670382,339.887465205285,338.194070260226].
[462.395404051814,339.833351678808,337.117706499207].
[462.542507377126,339.800530165895,336.464858877145].
[462.575330565661,339.793206696462,336.319188882682].
[462.575330565661,339.793206696462,336.319188882682].
[462.590592213069,339.81665273959,336.278167731503].
[462.674264317553,339.945195859332,336.05326894072].
[462.855487460046,340.223603917179,335.566166747465].
[463.036746940819,340.502067800513,335.078966882049].
[463.120462561857,340.630677773523,334.853951124919].
[463.135736707956,340.654143018039,334.812896379027].
[463.135736707956,340.654143018039,334.812896379027].
[463.135736707956,340.654143018039,334.812896379027].
[463.151023368105,340.677627487543,334.771807997135].
[463.219533425819,340.782877577839,334.587662645094].
[463.332487415228,340.956405640454,334.284058286283].
[463.400997472942,341.06165573075,334.099912934241].
[463.416284133091,341.085140200254,334.05882455235].
[463.431583322677,341.10864391838,334.017702493105].
[463.500149533427,341.21398027502,333.833406209638].
[463.613196103542,341.38765056679,333.529553006975].
[463.681762314292,341.492986923429,333.345256723508].
[463.697061503878,341.516490641556,333.304134664263].
[463.697061503878,341.516490641556,333.304134664263].
[463.699581475286,341.485802687405,333.23956284752].
[463.710875203602,341.348268818697,332.950172042173].
[463.729495413703,341.097969855471,332.473047265851].
[463.738269170612,340.831394706789,332.224880536586].
[463.716687065901,340.521309148523,332.34506221106].
[463.640663823444,340.241967728961,332.649669221863].
[463.550056813891,340.112993732252,332.793198636996].
[463.5588305708,340.112993732252,332.649669221863].
[463.674624944588,340.241967728961,332.303804270426].
[463.812074898608,340.521309148523,331.934145517606].
[463.940758070121,340.800706752639,331.588064203652].
[464.00951126347,340.929748032612,331.403158942048].
[464.024852174512,340.953291981057,331.361901001414].
[464.006991292062,340.983979935208,331.467730758791].
[463.926944370397,341.121513803916,331.942026825743].
[463.794969307993,341.348268818697,332.724008839935].
[463.714922386328,341.485802687405,333.198304906886].
[463.697061503878,341.516490641556,333.304134664263].
[463.697061503878,341.516490641556,333.304134664263].
[463.714922386329,341.509365984564,333.198304906886].
[463.794969307994,341.477435487196,332.724008839935].
[463.942297888794,341.424790997002,331.900734978812].
[464.091154506049,341.392860499634,331.241381692779].
[464.23782953855,341.409318512377,330.789118366964].
[464.375505501653,341.515008705577,330.418851783925].
[464.504400300132,341.689262375209,330.072201319104].
[464.573266567645,341.794952568408,329.886991955146].
[464.588632708944,341.818535238143,329.845666160105].
[464.588632708944,341.818535238143,329.845666160105].
[464.588632708944,341.818535238143,329.845666160105].
[464.588632708944,341.818535238143,329.845666160105].
[464.588632708944,341.818535238143,329.845666160105].
[464.588632708944,341.818535238143,329.845666160105].
[464.588632708944,341.818535238143,329.845666160105].
[464.573266567645,341.794952568408,329.886991955146].
[464.504400300132,341.689262375209,330.072201319104].
[464.39085902005,341.515008705577,330.377559936994].
[464.321992752537,341.409318512377,330.562769300952].
[464.306626611238,341.385735842642,330.604095095993].
[464.306626611238,341.409318512377,330.604095095993].
[464.306626611238,341.515008705577,330.604095095993].
[464.304048239537,341.69632735289,330.668871383997].
[464.292492779267,341.833680579344,330.959178565962].
[464.258116751412,341.909466765501,331.479003730188].
[464.177882567008,341.941129798756,331.95390961569].
[464.062072121985,341.948194776437,332.32303771276].
[463.993393397852,341.948194776437,332.507636416298].
[463.978069103137,341.948194776437,332.548825954581].
[463.978069103137,341.948194776437,332.548825954581].
[463.962757368705,341.924671786012,332.589981732601].
[463.894134935853,341.819249056926,332.774429133132].
[463.780995671162,341.645436361066,333.078531485713].
[463.71237323831,341.54001363198,333.262978886243].
[463.697061503878,341.516490641556,333.304134664263].
[463.697061503878,341.516490641556,333.304134664263].
[463.697061503878,341.516490641556,333.304134664263].
[463.697061503878,341.516490641556,333.304134664263].
[463.697061503878,341.516490641556,333.304134664263].
[463.697061503878,341.516490641556,333.304134664263].
[463.697061503878,341.516490641556,333.304134664263].
[463.697061503878,341.516490641556,333.304134664263].
[463.697061503878,341.516490641556,333.304134664263].
[463.679280587395,341.547041200931,333.409490605246].
[463.599592048331,341.683959308974,333.881663174443].
[463.468207858946,341.90969910605,334.66014413272].
[463.370817833536,342.077031299339,335.237202001425].
[463.273704359164,342.243888332142,335.812621242846].
[463.142907083514,342.468619714218,336.587624604856].
[463.063574525625,342.604926187646,337.057687905295].
[463.045873039278,342.635340272891,337.162573204801].
[463.045873039278,342.635340272891,337.162573204801].
[463.045873039278,342.635340272891,337.162573204801].
[463.045873039278,342.635340272891,337.162573204801].
[463.045873039278,342.635340272891,337.162573204801].
[463.045873039278,342.635340272891,337.162573204801].
[463.045873039278,342.635340272891,337.162573204801].
[463.045873039278,342.635340272891,337.162573204801].
[463.045873039278,342.635340272891,337.162573204801].
[463.045873039278,342.635340272891,337.162573204801].
[463.045873039278,342.635340272891,337.162573204801].
[463.045873039278,342.635340272891,337.162573204801].
[463.03065663609,342.611916644198,337.203425899935].
[462.96246144823,342.506939223496,337.386514977206].
[462.865242994635,342.357284345735,337.647525138204].
[462.865242994635,342.357284345735,337.647525138204].
[462.96246144823,342.506939223496,337.386514977206].
[463.03065663609,342.611916644198,337.203425899935].
[463.045873039278,342.635340272891,337.162573204801].
[463.045873039278,342.635340272891,337.162573204801].
[463.045873039278,342.635340272891,337.162573204801].
[463.045873039278,342.635340272891,337.162573204801].
[463.045873039278,342.635340272891,337.162573204801].
[463.045873039278,342.635340272891,337.162573204801].
[463.045873039278,342.635340272891,337.162573204801].
[463.045873039278,342.635340272891,337.162573204801].
[463.045873039278,342.635340272891,337.162573204801].
[463.045873039278,342.635340272891,337.162573204801].
[463.045873039278,342.635340272891,337.162573204801].
[463.045873039278,342.635340272891,337.162573204801].
[463.045873039278,342.635340272891,337.162573204801].
[463.045873039278,342.635340272891,337.162573204801].
[463.045873039278,342.635340272891,337.162573204801].
[463.045873039278,342.635340272891,337.162573204801].
[463.045873039278,342.635340272891,337.162573204801].
[463.045873039278,342.635340272891,337.162573204801].
[463.03065663609,342.611916644198,337.203425899935].
[462.96246144823,342.506939223496,337.386514977206].
[462.850026591447,342.333860717042,337.688377833337].
[462.781831403587,342.22888329634,337.871466910609].
[462.766615000399,342.182055136363,337.912319605742].
[462.766615000399,342.077163304311,337.912319605742].
[462.769029982372,341.873731933825,337.84852207872].
[462.779853180687,341.632175583453,337.562601399151].
[462.797697617964,341.383449353865,337.091197893011].
[462.808520816279,341.246784835545,336.805277213441].
[462.810935798252,341.216290859686,336.741479686419].
[462.810935798252,341.216290859686,336.741479686419].
[462.810935798252,341.216290859686,336.741479686419].
[462.810935798252,341.216290859686,336.741479686419].
[462.810935798252,341.216290859686,336.741479686419].
[462.810935798252,341.216290859686,336.741479686419].
[462.810935798252,341.216290859686,336.741479686419].
[462.828633772562,341.185660163272,336.636393718955].
[462.907950590596,341.048382905938,336.165431087124].
[463.021023941302,340.852681668201,335.494030945785].
[463.003404962154,340.883175644061,335.598647860521].
[462.811368825174,341.215541400117,336.738908485202].
[462.601864381817,341.578140355756,337.98289136891].
[462.505203621232,341.745435570489,338.556837819716].
[462.487584642085,341.775929546349,338.661454734452].
[462.487584642085,341.775929546349,338.661454734452].
[462.487584642085,341.775929546349,338.661454734452].
[462.487584642085,341.775929546349,338.661454734452].
[462.487584642085,341.775929546349,338.661454734452].
[462.487584642085,341.775929546349,338.661454734452].
[462.487584642085,341.775929546349,338.661454734452].
[462.487584642085,341.775929546349,338.661454734452].
[462.487584642085,341.775929546349,338.661454734452].
[462.487584642085,341.752544089128,338.661454734452].
[462.489970853424,341.617203932867,338.597757857087].
[462.500665110699,341.307564442945,338.312288257987].
[462.518296960143,340.97714207299,337.841628457814].
[462.546647813438,340.786242929811,337.451207599771].
[462.628165398179,340.618252798695,336.917151812285].
[462.758630976688,340.391625635359,336.141661072303].
[462.837762350091,340.254169312472,335.671302162181].
[462.855418946111,340.223498661132,335.566350903238].
[462.837762350091,340.254169312472,335.671302162181].
[462.758630976688,340.391625635359,336.141661072303].
[462.628165398179,340.618252798695,336.917151812285].
[462.549034024777,340.755709121581,337.387510722407].
[462.546610196565,340.809805062512,337.451541943979].
[462.614878725564,340.914789926842,337.268151059736].
[462.727434501444,341.087880705765,336.965790608032].
[462.795703030443,341.192865570095,336.78239972379].
[462.813359626463,341.185660163272,336.677448464847].
[462.824222470867,341.024917661421,336.390480438968].
[462.842132273496,340.693421797388,335.917350150689].
[462.852995117899,340.382758531946,335.63038212481].
[462.840157298703,340.223517862522,335.607372054417].
[462.771759340317,340.09497474278,335.791216099308].
[462.658990171455,339.921730614815,336.094323686612].
[462.590592213069,339.81665273959,336.278167731503].
[462.575330565661,339.793206696462,336.319188882682].
[462.575330565661,339.793206696462,336.319188882682].
[462.575330565661,339.793206696462,336.319188882682].
[462.575330565661,339.793206696462,336.319188882682].
[462.575330565661,339.793206696462,336.319188882682].
[462.575330565661,339.793206696462,336.319188882682].
[462.575330565661,339.793206696462,336.319188882682].
[462.575330565661,339.793206696462,336.319188882682].
[462.575330565661,339.793206696462,336.319188882682].
[462.575330565661,339.793206696462,336.319188882682].
[462.575330565661,339.793206696462,336.319188882682].
[462.575330565661,339.793206696462,336.319188882682].
[462.575330565661,339.793206696462,336.319188882682].
[462.575330565661,339.793206696462,336.319188882682].
[462.557715286213,339.823917227192,336.424005618169].
[462.478769080843,339.961552277105,336.893761635991].
[462.331072075362,340.219047676994,337.772607640223].
[462.173531755085,340.493703941258,338.710024621228].
[462.026336686639,340.750324262624,339.58588393419].
[461.882744088613,340.90156746177,340.341730593468].
[461.556680963227,341.009953063748,341.840341748106].
[460.95211697466,341.178113259925,344.612519997626].
[460.288567553227,341.362014988652,347.683385491418].
[459.601812162188,341.495620063061,350.807636296543].
[458.874951372148,341.547641525313,353.999741184643].
[458.07167256518,341.419389095008,357.203190682898].
[457.156103978478,341.105579429806,360.69182410921].
[456.106834643854,340.70479374103,364.593010349995].
[454.937788973208,340.393019851719,369.177884567162].
[453.702228627537,340.06716137709,374.065883295895].
[452.44655572697,339.507595954878,378.757283551092].
[451.111181415513,338.825917481068,383.646266429649].
[449.724364041745,338.326689773695,388.999381676115].
[448.408671903141,337.976217676231,394.280977509952].
[447.210097112471,337.555785326636,398.924243926523].
[446.149438572845,336.973018846744,402.780848433605].
[445.129540554067,336.313349631004,406.410298946219].
[444.209967161041,335.633874919673,409.596423755665].
[443.284224328129,335.034582207971,412.866165676486].
[442.280145631583,334.566534253728,416.642428915777].
[441.179640049288,334.060763521294,420.866067776341].
[439.913895951528,333.266266154887,425.420794237897].
[438.438413115947,332.12485403991,430.469004042888].
[436.763197840325,330.656556435656,436.05628453892].
[434.868833508729,328.967411136286,442.362776663643].
[432.756396856087,327.61340391576,449.922057631154].
[430.598744090981,326.720150790319,458.130310260466].
[428.507012581924,325.991892452852,466.22476342612].
[426.501509930048,325.196576158705,473.888963275066].
[424.596067379621,324.341245396288,481.071602822508].
[422.856422174313,323.603113639797,487.671813008674].
[421.412240672139,322.931560934691,493.092556646442].
[420.223930595696,322.157630647459,497.332687254987].
[419.19586927846,321.382014931147,500.89552090309].
[418.307433672735,320.827082473395,504.086898050944].
[417.490888796915,320.557306973665,507.239979270193].
[416.66062466831,320.509034633094,510.639990981177].
[415.822757298678,320.684660009182,514.315753812969].
[414.921652500918,321.161854286432,518.635778129033].
[413.942087924883,321.828326381704,523.526249179724].
[412.871939270543,322.382679464869,528.571657075238].
[411.751193425103,322.329313796512,532.932488805063].
[410.766895662495,321.034731853891,536.012307011933].
[409.873910017122,318.767897337244,538.926922362915].
[408.667296165112,317.285229887797,542.669404782254].
[406.9916061735,316.784233262749,548.349502456175].
[405.004217587048,316.270687552762,555.715483930178].
[402.795539455501,315.168176250765,563.859254311521].
[400.380385362062,313.676336895146,572.557704777538].
[397.745108985427,312.027490657522,582.028023409287].
[394.935591142394,310.213791819017,592.068968796042].
[391.999721440819,308.170463665448,602.414197948782].
[389.012147698675,305.980444997397,612.831494015625].
[385.976568988789,303.72096901712,623.382089521246].
[382.854568019557,301.503703894684,634.339036975132].
[379.699786233092,299.442365798716,645.589299855613].
[376.572518281048,297.423855439229,656.766165506027].
[373.510741609795,295.581631029932,667.842276435203].
[370.605652279686,293.960959584614,678.478173019779].
[368.070896456438,292.520572749132,687.732055670107].
[366.344475621408,291.36016520173,693.856450166235].
[365.616911832156,290.75568264574,696.322599977174].
[365.463671416716,290.591855876796,696.805705231734].
[365.454612239085,290.576395857049,696.828520454753].
[365.454612239085,290.576395857049,696.828520454753].
[365.454612239085,290.576395857049,696.828520454753].
[365.454612239085,290.576395857049,696.828520454753].
[365.454612239085,290.576395857049,696.828520454753].
[353.561015639209,283.091833803982,668.455213647532].
[296.400264510039,247.683355023429,541.29487464026].
[191.073240688241,183.902085678378,331.64291892953].
[108.406207644053,135.925201695506,204.533789504914].
[77.2020224468941,118.549134551191,176.441235450969].
[70.6158196043404,114.616185972675,177.100585624457].
[67.7882852075881,112.413798571477,178.03481845394].
[65.2297103311658,110.147869910325,179.222066178393].
[63.1164028035539,107.778566724192,180.741499300598].
[61.2225042668687,105.296839546293,182.409209492045].
[59.038290645519,102.603966754736,183.840718615397].
[55.9490522962947,99.5155760842269,184.686622631219].
[52.3466300922907,96.3335650913212,184.973528934506].
[49.555162371269,93.7031925674225,185.01911676682].
