[260.272772747761,103.622434995234,278.282505609642].
[261.350372382659,104.08094317856,278.292223798291].
[263.145771250675,104.721551594523,278.297953552063].
[265.583302281013,105.424619055835,278.275107963999].
[268.323074386459,106.325214461889,278.224169346058].
[270.885514338363,107.493288737509,278.162892827544].
[273.04175235678,108.590290040953,278.117868446738].
[275.351232035151,109.397771143053,278.095593507308].
[277.856063230574,110.057267954067,278.125763046223].
[280.131672672526,110.815716102673,278.303610046953].
[282.138999628502,111.690249410964,278.63839049932].
[284.414715379056,112.517507022798,278.989788136501].
[286.821021522953,113.294259393996,279.305244622271].
[288.950057332077,114.038808087323,279.554659445622].
[290.834940581236,114.646798780027,279.959941415977].
[292.543231927449,115.089145317281,280.681918403453].
[293.999334101435,115.386932457365,281.465269633683].
[295.124751661667,115.515715423337,282.083509716195].
[295.802644186265,115.578028034284,282.408060125162].
[296.587930467844,115.747544554025,282.644956505409].
[297.707940212644,116.027030045858,282.940867657708].
[298.392466936735,116.201892739677,283.120346844129].
[298.613122340219,116.326334701776,283.132394820689].
[298.874315978479,116.672684258067,282.968287124393].
[299.323835019381,117.307645554515,282.566092062938].
[299.711427261927,118.001862652018,281.968992457041].
[299.940220200944,118.825171240573,281.128495026677].
[300.095003928274,119.921459974079,279.955311398249].
[300.273144190025,121.041722866046,278.856173626356].
[300.558608673545,121.923108040016,278.178590772334].
[301.002579297594,122.68320876503,277.606564405143].
[301.562576165766,123.483054757408,276.889492777866].
[302.131485078572,124.282394896464,276.116941681797].
[302.636680562618,125.004405887323,275.331000141047].
[302.957925062855,125.471588421977,274.731205609149].
[303.133943305533,125.719192168266,274.376534148549].
[303.403193805009,126.089709398525,273.987552482182].
[304.034541940749,126.95592718152,273.388795765915].
[305.119226935568,128.427708099254,272.569162296299].
[306.716038899656,130.422952604258,271.521635975891].
[308.978541093415,132.57312537738,270.580835307335].
[311.925810936966,134.580642664471,270.08219388891].
[314.831071906297,136.369329712599,269.809782975776].
[317.112625902168,137.806211876548,269.46903288442].
[318.856267735326,138.781328457844,269.092828978774].
[320.090402396821,139.555461060626,268.843037888516].
[321.426053521143,140.464841059203,268.559716509812].
[323.264530955119,141.733963211776,267.966587845879].
[325.37296246989,143.689138771394,267.007538348856].
[328.058921370663,146.432492834249,265.660437205443].
[331.445275408718,149.817996377091,263.872299312405].
[334.689137090221,153.335369915357,261.761710978171].
[337.893618143874,156.633057357209,259.855015359251].
[341.586281900961,159.525131607072,258.658633918403].
[345.393917465974,161.907086082028,258.086501503057].
[348.719876507941,163.840730675954,257.756920293847].
[351.376956219838,165.563767373666,257.365012291272].
[353.523546666544,167.169778132435,256.908886971068].
[355.343951974072,168.447965720305,256.496562209098].
[357.080025905653,169.423064846959,256.103595604418].
[358.64182404031,170.36504662301,255.748156044971].
[360.263201914195,171.441070867507,255.334093153654].
[362.028261314527,172.878034555055,254.580299732342].
[363.993640595641,174.950679439602,253.278832619052].
[366.657364946494,177.772696617487,251.535907332253].
[370.186255436135,181.215156122755,249.518806927414].
[374.257215393233,185.304019722629,247.100333994261].
[378.639369476383,189.74175741767,244.585445634275].
[382.947895230784,193.979459928864,242.335571123292].
[387.294499219617,197.622896966058,240.741331233559].
[391.563309073481,200.752625744784,239.644775483881].
[395.34377423249,203.630525295291,238.58981812464].
[398.564895525669,206.228826319711,237.514095427119].
[401.574399083565,208.221923205348,236.782800341058].
[403.964277590821,209.531186207663,236.42530213324].
[405.510413081395,210.576910014958,236.298671395893].
[406.843351466144,211.496861962111,236.227457870808].
[408.237900390043,212.184832338562,236.07252111291].
[409.274812155246,212.832420655123,235.95142018832].
[410.13602235222,213.580366640391,236.110539184666].
[411.060371614493,214.02906382586,236.332091771302].
[411.972712930324,214.150235454621,236.442597248699].
[412.500993405342,214.230511877334,236.440729075871].
[412.860612921809,214.574747470724,236.255274551419].
[413.396280046393,215.302324946055,235.800163452332].
[413.945517397949,216.055532581421,235.269953135803].
[414.332825873765,216.587623955765,234.874099820994].
[414.767278847773,217.183233618201,234.445551673835].
[415.342164885432,217.977256516215,233.883618247702].
[415.918567222876,218.865073778124,233.222686560453].
[416.518846439977,219.970819419049,232.326574351186].
[417.406808393194,221.390439508122,231.227065989607].
[418.691146068438,222.906846000385,230.255263038677].
[419.761912424588,224.10154045805,229.552567710099].
[420.418897163102,224.923556748218,229.051481146608].
[421.077017730904,225.741770196968,228.55433904663].
[422.230685080396,226.871234293551,228.008667574791].
[423.874583991468,228.147121783934,227.5873095349].
[425.498755074122,229.231877693477,227.312958697196].
[427.046024650818,230.164917668232,227.009963336782].
[428.632490874125,230.960613139825,226.64847897926].
[430.190863638252,231.910067852868,226.357864433871].
[431.885820715923,233.094712950477,226.131294199444].
[433.738141723359,234.495713331264,225.698906680912].
[435.897859857089,236.189849845993,225.038451569695].
[438.421740083834,237.907261168071,224.611050701082].
[440.880342918031,239.407122397506,224.422532000933].
[443.204257880965,240.643385898938,224.245648889625].
[445.525951128168,241.723922390542,224.053321447722].
[447.790410979526,242.965131498274,223.823460251304].
[450.018084991957,244.441221801079,223.493306141404].
[452.205153701359,245.930366140459,223.109410626452].
[454.215276328189,247.127382222272,222.891661011606].
[456.03676659194,247.984322463683,222.83241683632].
[457.692339020188,248.579009709258,222.853586903624].
[459.379600657931,249.267715827824,223.015705448182].
[461.174782633137,250.175724365148,223.296907111655].
[495.898495170977,257.543145817937,233.776095864767].
[645.34370382233,287.832096614853,280.00860784877].
[NaN,NaN,NaN].
[NaN,NaN,NaN].
[NaN,NaN,NaN].
[NaN,NaN,NaN].
[NaN,NaN,NaN].
[NaN,NaN,NaN].
[NaN,NaN,NaN].
[NaN,NaN,NaN].
[NaN,NaN,NaN].
[NaN,NaN,NaN].
[NaN,NaN,NaN].
[NaN,NaN,NaN].
[NaN,NaN,NaN].
[NaN,NaN,NaN].
[NaN,NaN,NaN].
[NaN,NaN,NaN].
[NaN,NaN,NaN].
[NaN,NaN,NaN].
[NaN,NaN,NaN].
[NaN,NaN,NaN].
[NaN,NaN,NaN].
[NaN,NaN,NaN].
[NaN,NaN,NaN].
[NaN,NaN,NaN].
[NaN,NaN,NaN].
[NaN,NaN,NaN].
[NaN,NaN,NaN].
[NaN,NaN,NaN].
[NaN,NaN,NaN].
[NaN,NaN,NaN].
[NaN,NaN,NaN].
[NaN,NaN,NaN].
[NaN,NaN,NaN].
[NaN,NaN,NaN].
[NaN,NaN,NaN].
[NaN,NaN,NaN].
[NaN,NaN,NaN].
[NaN,NaN,NaN].
[NaN,NaN,NaN].
[NaN,NaN,NaN].
[NaN,NaN,NaN].
[NaN,NaN,NaN].
[NaN,NaN,NaN].
[NaN,NaN,NaN].
[NaN,NaN,NaN].
[NaN,NaN,NaN].
[NaN,NaN,NaN].
[NaN,NaN,NaN].
[NaN,NaN,NaN].
[NaN,NaN,NaN].
[NaN,NaN,NaN].
[NaN,NaN,NaN].
[NaN,NaN,NaN].
[NaN,NaN,NaN].
[NaN,NaN,NaN].
[NaN,NaN,NaN].
[NaN,NaN,NaN].
[NaN,NaN,NaN].
[NaN,NaN,NaN].
[NaN,NaN,NaN].
[NaN,NaN,NaN].
[NaN,NaN,NaN].
[NaN,NaN,NaN].
[NaN,NaN,NaN].
[NaN,NaN,NaN].
[NaN,NaN,NaN].
[NaN,NaN,NaN].
[NaN,NaN,NaN].
[NaN,NaN,NaN].
[NaN,NaN,NaN].
[NaN,NaN,NaN].
[NaN,NaN,NaN].
[NaN,NaN,NaN].
[NaN,NaN,NaN].
[NaN,NaN,NaN].
[NaN,NaN,NaN].
[NaN,NaN,NaN].
[NaN,NaN,NaN].
[NaN,NaN,NaN].
[NaN,NaN,NaN].
[NaN,NaN,NaN].
[NaN,NaN,NaN].
[NaN,NaN,NaN].
[NaN,NaN,NaN].
[NaN,NaN,NaN].
[NaN,NaN,NaN].
[NaN,NaN,NaN].
[NaN,NaN,NaN].
[NaN,NaN,NaN].
[NaN,NaN,NaN].
[NaN,NaN,NaN].
[NaN,NaN,NaN].
[NaN,NaN,NaN].
[NaN,NaN,NaN].
[NaN,NaN,NaN].
[NaN,NaN,NaN].
[NaN,NaN,NaN].
[NaN,NaN,NaN].
[NaN,NaN,NaN].
[NaN,NaN,NaN].
[NaN,NaN,NaN].
[NaN,NaN,NaN].
[NaN,NaN,NaN].
[NaN,NaN,NaN].
[NaN,NaN,NaN].
[NaN,NaN,NaN].
[NaN,NaN,NaN].
[NaN,NaN,NaN].
[NaN,NaN,NaN].
[NaN,NaN,NaN].
[NaN,NaN,NaN].
[NaN,NaN,NaN].
[NaN,NaN,NaN].
[NaN,NaN,NaN].
[NaN,NaN,NaN].
[NaN,NaN,NaN].
[NaN,NaN,NaN].
[NaN,NaN,NaN].
[NaN,NaN,NaN].
[NaN,NaN,NaN].
[NaN,NaN,NaN].
[NaN,NaN,NaN].
[NaN,NaN,NaN].
[NaN,NaN,NaN].
[NaN,NaN,NaN].
[NaN,NaN,NaN].
[NaN,NaN,NaN].
[NaN,NaN,NaN].
[NaN,NaN,NaN].
[NaN,NaN,NaN].
[NaN,NaN,NaN].
[NaN,NaN,NaN].
[NaN,NaN,NaN].
[NaN,NaN,NaN].
[NaN,NaN,NaN].
[NaN,NaN,NaN].
[NaN,NaN,NaN].
[643.60113390631,297.462357467816,262.061570953354].
[489.406012318131,269.987728424943,216.943515845193].
[452.937214006344,262.063512241063,207.187145627446].
[450.150461280411,259.866691372273,207.87565947857].
[447.617282975217,257.768498431745,208.842765264239].
[445.405397834693,255.480058206159,210.143606632667].
[442.287546059611,252.510697257107,211.607652733524].
[438.18708631268,249.127419508689,213.030718387031].
[435.040053252049,247.015628290625,213.776804502072].
[433.218495507314,246.171548594715,213.92954608956].
[431.771162234708,245.590256573069,213.914461383447].
[430.589024366453,244.720873232251,213.949257412917].
[429.634558052843,243.580000245903,214.237676675687].
[428.616765947203,242.100968033903,215.117131447727].
[427.49687139809,240.109613926888,216.759166414926].
[426.458039382949,237.699037922381,219.023067422738].
[425.278280534401,235.010229697606,221.582212315552].
[423.781284738326,232.045667581913,224.254878555079].
[422.091619746447,228.665209941067,227.187987011783].
[419.829201584674,224.587027759983,230.484840279736].
[416.837524546542,220.038316554193,233.844244346232].
[413.278273910749,215.164152118774,237.230331325723].
[409.127619691612,209.921496111805,240.901519169665].
[404.41468244977,204.48334573336,245.192472741351].
[399.27197209753,198.879469620188,250.02722764758].
[393.656836786198,193.107635014556,254.195080527708].
[387.711147622727,187.445296019009,257.323171528079].
[381.87073698771,182.022952725504,260.02366932028].
[376.729600500265,177.240777767817,262.340402989967].
[372.569785772776,173.472642273509,263.943342026091].
[369.218443106181,170.547029062595,264.978017772154].
[366.44417867236,168.530731700656,265.549186581795].
[364.676104804175,167.481606053426,265.735776697017].
[364.293706959326,167.666829054023,265.208957543646].
[365.387870864363,169.975144549001,263.161703255517].
[367.38417613521,173.868053903869,259.993570960443].
[368.630721052185,176.158281166218,258.21210978669].
[368.878904939719,176.310475511953,258.32056660055].
[368.730082366808,175.385273691179,259.552776484442].
[368.443848543038,173.841335594049,261.446230739865].
[367.957643265692,171.645673231738,263.942372852199].
[367.240667537377,169.232231680523,266.549635064391].
[366.487215019916,167.2383055872,268.737258606822].
[365.875836794065,166.008207734804,270.063129797538].
[365.474162722215,165.371862452458,270.675269401032].
[364.882209074872,164.690177342896,271.273571033051].
[363.44095519161,163.29945590195,272.468414972957].
[361.39723067434,161.309805656477,274.086426143023].
[360.274693069707,160.259177426636,274.944237739418].
[360.323346777318,160.688256874656,274.679706279129].
[360.959348659249,162.268870497738,273.456867112921].
[361.645422104417,164.248878350544,271.796044844737].
[362.138307854985,166.076847784364,270.366935724378].
[362.320499578232,167.639178538887,269.190602901751].
[362.2044041126,168.928252162483,268.140300571745].
[361.820004739664,169.806637821065,267.33370482196].
[361.298296825578,170.305552974172,266.799551129104].
[360.736929371434,170.733059979742,266.26393591436].
[360.103249660917,171.322551578569,265.538349567398].
[359.504139544086,172.047199590008,264.682506381601].
[358.794791571178,172.899464708033,263.661953195694].
[357.999342729716,173.611633750552,262.714696110675].
[357.366450319222,174.308697399515,261.707924332844].
[357.05818105782,175.11830422493,260.651618310095].
[356.940786816499,175.765654234332,260.010876589272].
[356.899378697875,176.265198514071,259.65751770285].
[356.890139297735,176.614581198525,259.325763779463].
[356.885515533083,176.912113119984,258.995321057196].
[356.864793257576,177.359359094031,258.528543892408].
[356.830628001169,177.838426384369,257.994218572487].
[356.812441184207,178.099158144076,257.706454690863].
[356.821704946352,178.2110984039,257.637066609099].
[356.874014888808,178.301842427109,257.634555018713].
[357.003801198831,178.423526977327,257.663859871786].
[357.184648153185,178.619334154036,257.680130171371].
[357.320420919598,178.788310921307,257.63708786461].
[357.463407117401,178.977368070474,257.574609751303].
[357.672446048841,179.256722220651,257.482499463743].
[357.892741679085,179.552082320847,257.335482326142].
[358.112750193902,179.850518471202,257.16714401893].
[358.314632129963,180.12712307191,256.994586002363].
[358.501255162025,180.38363925,256.810975048211].
[358.600955225032,180.520678493417,256.707655058969].
[358.667695518834,180.612414035924,256.638491547637].
[358.867104701107,180.886504970723,256.431842184077].
[359.195874861495,181.338404525032,256.0911349828].
[359.395284043769,181.689167254505,255.8034446837].
[359.439778246544,182.093944352873,255.394134703051].
[359.479792359127,182.721658101421,254.758939836768].
[359.66156760907,183.341941770095,254.222951522641].
[359.990436426766,183.912329518699,253.816079618578].
[360.309781597714,184.35923844965,253.521252337719].
[360.624843429347,184.74868023417,253.321763937706].
[360.942691729525,185.07591186757,253.156398464965].
[361.312087140143,185.294427903734,252.978841708088].
[361.814092001361,185.457883853535,252.84818111226].
[362.295249445468,185.731788365943,252.700863565678].
[362.731250631506,186.210131835682,252.394897713914].
[363.204179649972,186.851725075898,251.914640857159].
[363.668109906981,187.474852102926,251.406814110963].
[363.985913148082,187.832786070334,251.106521619475].
[364.210105995792,187.978497251602,251.020257345089].
[364.410920627064,188.027124986981,251.022496686833].
[364.633189810163,188.037444640163,251.041922269343].
[364.842217526398,188.021928741197,251.076728508464].
[365.031126837742,187.952391306388,251.182544008683].
[365.179894136583,187.822657045833,251.364871336629].
[365.470579148654,187.685085619892,251.557948298495].
[366.051785027655,187.556206875693,251.828917225402].
[366.632916525186,187.485480661956,252.143747919912].
[366.954553003561,187.457515899976,252.36694682607].
[367.2869145055,187.390069939024,252.657773867914].
[367.880272182625,187.229219074875,253.127802561105].
[368.448038038857,187.046421586234,253.492988690827].
[368.700807033952,186.945791498005,253.623055421628].
[368.745312767015,186.911542678275,253.640204466244].
[368.743143120938,186.90154866265,253.631269574483].
[368.733419441831,186.899318696343,253.591226167729].
[368.668454771726,186.91254068008,253.489900901311].
[368.437233944731,186.987267275029,253.265512786515].
[368.06366027374,187.156595510766,252.869445480748].
[367.828142301749,187.340465165979,252.476972873974].
[367.81609186969,187.452469280831,252.265803709039].
[368.047766759527,187.534086781004,252.26916991585].
[368.573947012142,187.628454085299,252.472589327311].
[369.285540685763,187.682096160272,252.796395938955].
[369.97766203265,187.684697134432,253.069338962326].
[370.379537032245,187.653010524202,253.228922940025].
[370.653225448418,187.571811771447,253.330636260446].
[370.979461711741,187.445819022079,253.446296998948].
[371.185870882031,187.360556282041,253.551958429509].
[371.23788615235,187.335357989896,253.600311538407].
[371.23998965635,187.335357989896,253.609057439783].
[371.237695865753,187.360556282041,253.582349869587].
[371.205154763312,187.445819022079,253.462654844144].
[371.088438728497,187.584754971338,253.265311109701].
[370.935931599304,187.723961121578,253.145616084258].
[370.938025974367,187.837983926645,253.131371043957].
[371.122174641124,187.848356579944,253.210177213565].
[371.405024476266,187.772595944193,253.426100688947].
[371.84162325394,187.705784536524,253.75401321647].
[372.37985987428,187.639790793978,254.074440222691].
[372.863915427895,187.595676349562,254.308459399144].
[373.306576200912,187.656968034573,254.457159037118].
[373.626834305769,187.786642993297,254.520057265454].
[373.839865060707,187.920763305667,254.532199186105].
[373.890718250212,188.005854087302,254.497076181071].
[373.694367514985,188.090340983927,254.339665793296].
[373.333989893061,188.204812621799,254.080139938742].
[373.11540981629,188.274243179835,253.922729550967].
[373.066638008754,188.289735231369,253.887606545933].
[373.066638008754,188.305235368417,253.885039826741].
[373.088873087543,188.389751297739,253.86990855045].
[373.188523797127,188.571728221636,253.817896186538].
[373.35282004166,188.752393915658,253.704351099244].
[373.456472999708,188.835339594411,253.5782716209].
[373.496644911692,188.850388728933,253.57001018898].
[373.550728169179,188.850388728933,253.656497778993].
[373.698767123626,188.834888485954,253.720471354479].
[373.974650561223,188.765421216406,253.819463799439].
[374.234156905818,188.650889051486,253.984600690355].
[374.34943965251,188.581421781938,254.087571572648].
[374.294375640042,188.610284986198,254.017281220194].
[373.88367507345,188.826311640799,253.578397406428].
[372.999317092631,189.257900870904,252.795609921009].
[372.121266936318,189.703433548825,252.22323682918].
[411.439095847047,199.758514802254,257.602025351368].
[589.383009616363,243.531021530418,282.524835744577].
[NaN,NaN,NaN].
[NaN,NaN,NaN].
[NaN,NaN,NaN].
[NaN,NaN,NaN].
[NaN,NaN,NaN].
[NaN,NaN,NaN].
[NaN,NaN,NaN].
[NaN,NaN,NaN].
[NaN,NaN,NaN].
[NaN,NaN,NaN].
[NaN,NaN,NaN].
[NaN,NaN,NaN].
[NaN,NaN,NaN].
[NaN,NaN,NaN].
[NaN,NaN,NaN].
[NaN,NaN,NaN].
[NaN,NaN,NaN].
[NaN,NaN,NaN].
[NaN,NaN,NaN].
[NaN,NaN,NaN].
[NaN,NaN,NaN].
[NaN,NaN,NaN].
[NaN,NaN,NaN].
[NaN,NaN,NaN].
[NaN,NaN,NaN].
[NaN,NaN,NaN].
[NaN,NaN,NaN].
[NaN,NaN,NaN].
[NaN,NaN,NaN].
[NaN,NaN,NaN].
[NaN,NaN,NaN].
[NaN,NaN,NaN].
[NaN,NaN,NaN].
[NaN,NaN,NaN].
[NaN,NaN,NaN].
[NaN,NaN,NaN].
[NaN,NaN,NaN].
[NaN,NaN,NaN].
[NaN,NaN,NaN].
[NaN,NaN,NaN].
[NaN,NaN,NaN].
[NaN,NaN,NaN].
[NaN,NaN,NaN].
[NaN,NaN,NaN].
[NaN,NaN,NaN].
[NaN,NaN,NaN].
[NaN,NaN,NaN].
[NaN,NaN,NaN].
[NaN,NaN,NaN].
[NaN,NaN,NaN].
[NaN,NaN,NaN].
[NaN,NaN,NaN].
[NaN,NaN,NaN].
[NaN,NaN,NaN].
[NaN,NaN,NaN].
[NaN,NaN,NaN].
[NaN,NaN,NaN].
[NaN,NaN,NaN].
[NaN,NaN,NaN].
[NaN,NaN,NaN].
[NaN,NaN,NaN].
[NaN,NaN,NaN].
[NaN,NaN,NaN].
[NaN,NaN,NaN].
[NaN,NaN,NaN].
[NaN,NaN,NaN].
[NaN,NaN,NaN].
[NaN,NaN,NaN].
[NaN,NaN,NaN].
[NaN,NaN,NaN].
[NaN,NaN,NaN].
[NaN,NaN,NaN].
[NaN,NaN,NaN].
[NaN,NaN,NaN].
[NaN,NaN,NaN].
[NaN,NaN,NaN].
[NaN,NaN,NaN].
[NaN,NaN,NaN].
[NaN,NaN,NaN].
[NaN,NaN,NaN].
[NaN,NaN,NaN].
[NaN,NaN,NaN].
[NaN,NaN,NaN].
[NaN,NaN,NaN].
[NaN,NaN,NaN].
[NaN,NaN,NaN].
[NaN,NaN,NaN].
[NaN,NaN,NaN].
[NaN,NaN,NaN].
[NaN,NaN,NaN].
[NaN,NaN,NaN].
[NaN,NaN,NaN].
[NaN,NaN,NaN].
[NaN,NaN,NaN].
[NaN,NaN,NaN].
[NaN,NaN,NaN].
[NaN,NaN,NaN].
[NaN,NaN,NaN].
[NaN,NaN,NaN].
[NaN,NaN,NaN].
[NaN,NaN,NaN].
[NaN,NaN,NaN].
[NaN,NaN,NaN].
[NaN,NaN,NaN].
[NaN,NaN,NaN].
[NaN,NaN,NaN].
[NaN,NaN,NaN].
[NaN,NaN,NaN].
[NaN,NaN,NaN].
[NaN,NaN,NaN].
[NaN,NaN,NaN].
[NaN,NaN,NaN].
[NaN,NaN,NaN].
[NaN,NaN,NaN].
[NaN,NaN,NaN].
[NaN,NaN,NaN].
[NaN,NaN,NaN].
[NaN,NaN,NaN].
[NaN,NaN,NaN].
[NaN,NaN,NaN].
[NaN,NaN,NaN].
[NaN,NaN,NaN].
[NaN,NaN,NaN].
[NaN,NaN,NaN].
[NaN,NaN,NaN].
[NaN,NaN,NaN].
[NaN,NaN,NaN].
[NaN,NaN,NaN].
[NaN,NaN,NaN].
[NaN,NaN,NaN].
[NaN,NaN,NaN].
[NaN,NaN,NaN].
[NaN,NaN,NaN].
[NaN,NaN,NaN].
[NaN,NaN,NaN].
[NaN,NaN,NaN].
[NaN,NaN,NaN].
[NaN,NaN,NaN].
[NaN,NaN,NaN].
[NaN,NaN,NaN].
[NaN,NaN,NaN].
[NaN,NaN,NaN].
[NaN,NaN,NaN].
[NaN,NaN,NaN].
[NaN,NaN,NaN].
[NaN,NaN,NaN].
[NaN,NaN,NaN].
[NaN,NaN,NaN].
[NaN,NaN,NaN].
[NaN,NaN,NaN].
[NaN,NaN,NaN].
[NaN,NaN,NaN].
[NaN,NaN,NaN].
[NaN,NaN,NaN].
[NaN,NaN,NaN].
[NaN,NaN,NaN].
[NaN,NaN,NaN].
[NaN,NaN,NaN].
[NaN,NaN,NaN].
[NaN,NaN,NaN].
[NaN,NaN,NaN].
[NaN,NaN,NaN].
[NaN,NaN,NaN].
[NaN,NaN,NaN].
[NaN,NaN,NaN].
[NaN,NaN,NaN].
[NaN,NaN,NaN].
[NaN,NaN,NaN].
[NaN,NaN,NaN].
[NaN,NaN,NaN].
[NaN,NaN,NaN].
[NaN,NaN,NaN].
[NaN,NaN,NaN].
[NaN,NaN,NaN].
[NaN,NaN,NaN].
[NaN,NaN,NaN].
[NaN,NaN,NaN].
[NaN,NaN,NaN].
[NaN,NaN,NaN].
[NaN,NaN,NaN].
[NaN,NaN,NaN].
[NaN,NaN,NaN].
[NaN,NaN,NaN].
[NaN,NaN,NaN].
[NaN,NaN,NaN].
[NaN,NaN,NaN].
[NaN,NaN,NaN].
[NaN,NaN,NaN].
[NaN,NaN,NaN].
[NaN,NaN,NaN].
[NaN,NaN,NaN].
[NaN,NaN,NaN].
[NaN,NaN,NaN].
[NaN,NaN,NaN].
[NaN,NaN,NaN].
[NaN,NaN,NaN].
[NaN,NaN,NaN].
[NaN,NaN,NaN].
[NaN,NaN,NaN].
[NaN,NaN,NaN].
[NaN,NaN,NaN].
[NaN,NaN,NaN].
[NaN,NaN,NaN].
[NaN,NaN,NaN].
[NaN,NaN,NaN].
[NaN,NaN,NaN].
[NaN,NaN,NaN].
[NaN,NaN,NaN].
[NaN,NaN,NaN].
[NaN,NaN,NaN].
[NaN,NaN,NaN].
[NaN,NaN,NaN].
[NaN,NaN,NaN].
[NaN,NaN,NaN].
[NaN,NaN,NaN].
[NaN,NaN,NaN].
[NaN,NaN,NaN].
[NaN,NaN,NaN].
[NaN,NaN,NaN].
[NaN,NaN,NaN].
[NaN,NaN,NaN].
[NaN,NaN,NaN].
[NaN,NaN,NaN].
[NaN,NaN,NaN].
[NaN,NaN,NaN].
[NaN,NaN,NaN].
[NaN,NaN,NaN].
[NaN,NaN,NaN].
[NaN,NaN,NaN].
[NaN,NaN,NaN].
[NaN,NaN,NaN].
[NaN,NaN,NaN].
[NaN,NaN,NaN].
[NaN,NaN,NaN].
[NaN,NaN,NaN].
[NaN,NaN,NaN].
[NaN,NaN,NaN].
[NaN,NaN,NaN].
[NaN,NaN,NaN].
[NaN,NaN,NaN].
[NaN,NaN,NaN].
[NaN,NaN,NaN].
[NaN,NaN,NaN].
[NaN,NaN,NaN].
[NaN,NaN,NaN].
[NaN,NaN,NaN].
[NaN,NaN,NaN].
[NaN,NaN,NaN].
[NaN,NaN,NaN].
[NaN,NaN,NaN].
[NaN,NaN,NaN].
[NaN,NaN,NaN].
[NaN,NaN,NaN].
[NaN,NaN,NaN].
[NaN,NaN,NaN].
[NaN,NaN,NaN].
[NaN,NaN,NaN].
[NaN,NaN,NaN].
[NaN,NaN,NaN].
[NaN,NaN,NaN].
[NaN,NaN,NaN].
[NaN,NaN,NaN].
[NaN,NaN,NaN].
[NaN,NaN,NaN].
[NaN,NaN,NaN].
[NaN,NaN,NaN].
[NaN,NaN,NaN].
[NaN,NaN,NaN].
[NaN,NaN,NaN].
[NaN,NaN,NaN].
[NaN,NaN,NaN].
[NaN,NaN,NaN].
[NaN,NaN,NaN].
[NaN,NaN,NaN].
[NaN,NaN,NaN].
[NaN,NaN,NaN].
[NaN,NaN,NaN].
[NaN,NaN,NaN].
[NaN,NaN,NaN].
[NaN,NaN,NaN].
[NaN,NaN,NaN].
[NaN,NaN,NaN].
[NaN,NaN,NaN].
[NaN,NaN,NaN].
[NaN,NaN,NaN].
[NaN,NaN,NaN].
[NaN,NaN,NaN].
[NaN,NaN,NaN].
[NaN,NaN,NaN].
[NaN,NaN,NaN].
[NaN,NaN,NaN].
[NaN,NaN,NaN].
[NaN,NaN,NaN].
[NaN,NaN,NaN].
[NaN,NaN,NaN].
[NaN,NaN,NaN].
[NaN,NaN,NaN].
[NaN,NaN,NaN].
[NaN,NaN,NaN].
[NaN,NaN,NaN].
[NaN,NaN,NaN].
[NaN,NaN,NaN].
[NaN,NaN,NaN].
[NaN,NaN,NaN].
[NaN,NaN,NaN].
[NaN,NaN,NaN].
[NaN,NaN,NaN].
[NaN,NaN,NaN].
[NaN,NaN,NaN].
[NaN,NaN,NaN].
[NaN,NaN,NaN].
[NaN,NaN,NaN].
[NaN,NaN,NaN].
[NaN,NaN,NaN].
[NaN,NaN,NaN].
[NaN,NaN,NaN].
[NaN,NaN,NaN].
[NaN,NaN,NaN].
[NaN,NaN,NaN].
[NaN,NaN,NaN].
[NaN,NaN,NaN].
[NaN,NaN,NaN].
[NaN,NaN,NaN].
[NaN,NaN,NaN].
[NaN,NaN,NaN].
[NaN,NaN,NaN].
[NaN,NaN,NaN].
[NaN,NaN,NaN].
[NaN,NaN,NaN].
[NaN,NaN,NaN].
[NaN,NaN,NaN].
[NaN,NaN,NaN].
[NaN,NaN,NaN].
[NaN,NaN,NaN].
[NaN,NaN,NaN].
[NaN,NaN,NaN].
[NaN,NaN,NaN].
[NaN,NaN,NaN].
[NaN,NaN,NaN].
[NaN,NaN,NaN].
[NaN,NaN,NaN].
[NaN,NaN,NaN].
[NaN,NaN,NaN].
[NaN,NaN,NaN].
[NaN,NaN,NaN].
[NaN,NaN,NaN].
[NaN,NaN,NaN].
[NaN,NaN,NaN].
[NaN,NaN,NaN].
[NaN,NaN,NaN].
[NaN,NaN,NaN].
[NaN,NaN,NaN].
[NaN,NaN,NaN].
[NaN,NaN,NaN].
[NaN,NaN,NaN].
[NaN,NaN,NaN].
[NaN,NaN,NaN].
[NaN,NaN,NaN].
[NaN,NaN,NaN].
[NaN,NaN,NaN].
[NaN,NaN,NaN].
[NaN,NaN,NaN].
[NaN,NaN,NaN].
[NaN,NaN,NaN].
[NaN,NaN,NaN].
[NaN,NaN,NaN].
[NaN,NaN,NaN].
[NaN,NaN,NaN].
[NaN,NaN,NaN].
[NaN,NaN,NaN].
[NaN,NaN,NaN].
[NaN,NaN,NaN].
[NaN,NaN,NaN].
[NaN,NaN,NaN].
