[218.488514874881,123.731220404526,265.177902366956].
[220.201711357219,124.202926948118,265.282734224765].
[222.442428024439,124.747381258493,265.219949175167].
[224.562199521603,125.368449635193,264.86504647719].
[226.355638873752,126.043004768697,264.403426142835].
[228.459011575295,126.637784353503,264.121237427656].
[230.881374831463,127.1520855727,263.985421700841].
[233.225862530278,127.745446881343,263.891207815039].
[235.243122018219,128.436983963846,263.788925889591].
[237.230335148436,129.10392982277,263.658130872532].
[239.490875259049,129.744585340202,263.508795355866].
[241.686740098684,130.475718073779,263.503482459254].
[243.682789966112,131.320505494613,263.641192410967].
[245.920457575984,132.117044527746,263.783308891801].
[248.110622991193,132.775071126384,264.026043586668].
[249.751141042988,133.249063107158,264.45598990174].
[250.900374007049,133.577800505037,264.841988189481].
[251.692836292386,133.891254798362,265.111209443911].
[252.623855654918,134.124594324008,265.464395524476].
[253.707496211629,134.216874226235,265.879558959447].
[254.324121841794,134.263271925745,266.079185325178].
[254.57145532124,134.433352699735,265.996767191691].
[254.83768468104,134.800424185551,265.718589963089].
[255.142697318302,135.229347793536,265.393539434345].
[255.44552049364,135.70697167855,265.031582448359].
[255.804168351938,136.379655024554,264.498570018443].
[256.133698465037,137.154073152414,263.807566331118].
[256.417675338118,138.003783275837,262.991951864723].
[256.650007643203,138.883597852531,262.197821555075].
[256.880371872903,139.704625522157,261.448193670848].
[257.179530623196,140.554920844742,260.632028431232].
[257.538936524252,141.439289237607,259.809037805393].
[257.962622269279,142.247912546338,258.955272634588].
[258.418957305717,142.978216412047,257.994122686128].
[258.785692041614,143.550032180373,257.12424167494].
[259.003886716179,143.912941354193,256.463052840411].
[259.275738078121,144.227865520657,256.13145681962].
[260.032633279269,144.861778423182,255.89763341337].
[261.501698416051,146.106992273556,255.412055233948].
[263.511432771373,147.960046210542,254.677188150101].
[265.932815498223,150.052329230898,253.892771025119].
[268.477199890203,152.045526448211,253.028237928336].
[270.839963824412,153.731725795187,252.201789252004].
[272.885087150264,155.002373574986,251.541201636861].
[274.676703854236,155.944640078671,250.986202875784].
[276.242614277398,156.660970086308,250.581447521436].
[277.630378309606,157.49320236611,250.130245046387].
[278.872269329829,158.740212955378,249.293579443712].
[280.333423918715,160.583208587361,247.946990134293].
[282.453967377053,163.034982142323,246.243393910885].
[285.364984623062,165.938557445749,244.425166576057].
[288.752733857226,169.118916022401,242.49067799184].
[292.125329010392,172.123167078466,240.631983063284].
[295.419832126141,174.628659602374,239.333707621046].
[298.768821902931,176.642413053782,238.736858833172].
[301.896154983419,178.350189166446,238.387603742276].
[304.451351240305,179.83447257026,237.906741550351].
[306.484614671718,181.089571979625,237.294451343731].
[308.069237235486,182.125765035486,236.601721555617].
[309.348525875885,183.077478506229,235.846082232159].
[310.597386671254,184.036820762125,235.06343155612].
[311.96581911107,185.117227798299,234.161612239856].
[313.703200270307,186.45263830156,233.184767081717].
[315.769159039915,188.238377518267,231.883262189741].
[318.245370963011,190.747775181667,230.013996602501].
[321.45111365969,194.007244123153,227.709511348729].
[325.348956268461,197.833101527837,225.137641453895].
[329.602098668516,201.752164025317,222.737824928674].
[333.853232492853,205.3243659265,220.806662542294].
[337.855797017188,208.511324094318,219.144167191807].
[341.663931678604,211.489973145068,217.546188397948].
[345.163613970291,214.299535458086,215.932688291463].
[348.362548843633,216.701495421861,214.58386918913].
[351.278749568148,218.547030584559,213.769503956805].
[353.610793075863,219.907272373025,213.353281911216].
[355.291080299226,220.868254814964,213.164488716939].
[356.679239564879,221.553361901142,213.030044626837].
[358.086283677294,222.15835283316,212.829056075314].
[359.143070092396,222.857244489596,212.529745662105].
[359.891679513377,223.620911376156,212.175180152956].
[360.655581077375,224.164099434321,212.002007817514].
[361.56955404155,224.394658231437,212.077748448897].
[362.336181525068,224.518539890854,212.275275499211].
[362.786902161151,224.732289100482,212.371817979198].
[363.140764606551,225.099520358126,212.271025102575].
[363.555078214003,225.626939520145,211.948333073351].
[364.044551351513,226.289321109995,211.463632462503].
[364.540742260231,226.973501799933,210.933728439809].
[364.997201239774,227.608073024314,210.392992923278].
[365.598302041084,228.445867855275,209.658866985532].
[366.363952847381,229.505806193935,208.797882938523].
[367.229332303795,230.69787247358,207.897663780392].
[368.211724100011,232.048038778012,206.923437086112].
[369.177937501095,233.370977378355,205.980887385651].
[369.891182662453,234.341746190283,205.306200431565].
[370.66891737217,235.237366007693,204.794818974152].
[371.890757267511,236.163831744463,204.335625822907].
[373.489658782037,237.037873469541,203.912869727904].
[375.022613243767,237.933473859708,203.562876731299].
[376.52673798153,238.838161376921,203.269546723216].
[377.981363906856,239.759003368496,202.90300845623].
[379.386768299634,240.772526651572,202.396375108736].
[381.086139242956,242.030759586579,201.749932811537].
[383.114168309301,243.742431678489,200.749636693789].
[385.221195830957,245.72581460924,199.47017215593].
[387.437921025843,247.616125309376,198.335876005577].
[389.772032137115,249.369921006448,197.45497014816].
[392.242967240703,251.228032464844,196.525514013875].
[394.863395113116,253.295205029035,195.408866681663].
[397.541882931094,255.527544473067,194.132242736636].
[400.133892931969,257.848927048772,192.730179520785].
[402.816230227731,260.247965908967,191.273101135749].
[405.774557032202,262.544149688912,189.995966760928].
[408.663994229434,264.783936817803,188.724023142495].
[411.355843578099,267.247677346818,187.173383037312].
[413.993404416192,270.043565367826,185.29206952888].
[416.770013911833,273.077806109723,183.227645904219].
[419.527101707266,276.120080808166,181.181497884831].
[422.147111412365,278.852712967677,179.485279409914].
[424.564585938387,280.967228860997,178.317317564551].
[426.738936639308,282.265545801187,177.691114723356].
[428.467641535778,283.195620856636,177.305800571801].
[429.8008662691,284.113055203727,176.959511247401].
[430.912787451933,284.939036765425,176.660301543279].
[431.646288447087,285.571149349736,176.369186730906].
[432.011343499484,285.986501350909,176.133668480572].
[432.142677680382,286.193385518353,175.989939976228].
[432.192680440163,286.397312044904,175.826310761195].
[432.313183236547,286.780576335504,175.534312695816].
[432.563903293091,287.283816538311,175.087403305557].
[432.804961743978,287.854426292641,174.537242009131].
[432.983180368674,288.430150850815,174.046332546879].
[433.340376387363,288.815133158785,173.75462332174].
[434.006040282338,289.177192298359,173.570109327355].
[434.687765844965,289.741644067561,173.270886164356].
[435.234016536163,290.409471382515,172.8334153975].
[435.702376324619,291.053397775432,172.359569652714].
[436.323288049392,291.907060829152,171.714594250195].
[437.100090055782,292.975050281521,170.907686976971].
[437.899316862341,294.073870563184,170.07748582164].
[438.597196720053,295.033919474585,169.344986303781].
[439.147338063333,295.793380453296,168.732080757439].
[439.668408048158,296.516466153433,168.101282710234].
[440.254711493259,297.329202319244,167.40320517868].
[440.860762659933,298.165446972668,166.733349485576].
[441.481169301799,299.018878379162,166.082705850328].
[442.11554123393,299.890939544681,165.42518998944].
[442.837490484322,300.8833918788,164.676901707999].
[443.685456590257,301.965863477805,163.884074449446].
[444.700473551237,302.988250267244,163.217790796596].
[445.754544133033,303.822383761045,162.761287301654].
[446.572057259309,304.491067929099,162.372066719261].
[447.360606697298,305.123518460498,161.978560612628].
[448.325896252075,305.760013455818,161.632623486358].
[449.259017630736,306.301596456709,161.369537632932].
[450.093061789631,306.751266747024,161.137965034143].
[450.741620931272,307.269932385823,160.845983857265].
[451.301282906874,307.955947749504,160.386906746928].
[451.878171131707,308.74879506231,159.803853976296].
[452.460206670759,309.465592324124,159.288193273945].
[453.186535724077,310.09128675667,158.923378048693].
[454.039186296538,310.648916208599,158.678499772043].
[454.699529405099,311.184349422386,158.375710832688].
[455.309123958696,311.863711903155,157.891352565127].
[456.072564257596,312.593193095952,157.419953282065].
[456.9123285579,313.302106925632,157.003576129109].
[457.478995451108,314.029066406426,156.392251676919].
[457.852004250842,314.869089110037,155.562894617849].
[458.238879823529,315.769521822591,154.768070472954].
[458.735868498113,316.62860732355,154.113019128527].
[459.357957994434,317.435283113841,153.565843824798].
[460.084386935006,318.060962309221,153.195536221054].
[460.871768253417,318.528723982862,152.94064501856].
[461.497651419413,319.016226009928,152.674081861687].
[461.957010962675,319.56430544872,152.321061015447].
[462.367141171763,320.128650829229,151.900469529896].
[462.77238148678,320.689030118354,151.436372170606].
[463.151841535289,321.21587959928,150.978959116352].
[463.459110435153,321.640236288893,150.62829141912].
[463.705708422419,321.978690486536,150.36498402875].
[463.992446130165,322.373794068911,150.100169726836].
[464.326582667916,322.751132989137,149.862554470433].
[464.786083973967,323.01035637405,149.685647038555].
[465.450471603569,323.309036030423,149.550254981006].
[466.052674428231,323.764650539248,149.334822851846].
[466.483897854754,324.277293762664,148.978933582275].
[466.785427922521,324.69700618064,148.603271496709].
[467.025581827949,325.030234459873,148.30807774826].
[467.335587819273,325.452752153974,148.001947601105].
[467.77284210158,325.93864294263,147.728338761354].
[468.424214121333,326.30939929611,147.60820451994].
[469.280177144193,326.491789415827,147.613003785485].
[469.992647606585,326.621999714568,147.658918173531].
[470.398708492345,326.828856660276,147.674199863824].
[470.708138659247,327.125943355653,147.609298440873].
[471.038632360954,327.435404931843,147.45013601516].
[471.497644334555,327.658980270944,147.299290762716].
[472.187780004838,327.848112796079,147.286723968936].
[472.880578856188,328.023405143407,147.35823809691].
[473.446567104477,328.219884712078,147.309244731201].
[473.883047443879,328.559741091049,147.099459479459].
[474.260227492126,328.961548519872,146.906390195102].
[474.481911965209,329.205812484599,146.805842804836].
[474.648725323959,329.418034744665,146.667680069763].
[474.91326757509,329.78235042457,146.394843398173].
[475.178107624032,330.146910473939,146.118071392664].
[475.32401108731,330.34702947576,145.947557815188].
[475.466653940013,330.544490746042,145.752046093041].
[475.725985497476,330.904570123111,145.432897127628].
[476.010255805439,331.297512948641,145.115986220673].
[476.255316230772,331.634611909339,144.860516625181].
[476.544230018523,332.031357350374,144.565234125369].
[476.810698535147,332.397280243749,144.292891672202].
[476.956197433622,332.56625734367,144.167128461551].
[477.101699517213,332.597083202733,144.144185950355].
[477.373771944989,332.562148195886,144.220713987051].
[477.665321232419,332.374772383973,144.58661749966].
[477.830175107399,331.948142412018,145.277774667831].
[477.879314639683,331.427207266297,145.892927410617].
[477.886262557812,331.027685331727,146.245241756021].
[477.863877597676,330.828045490077,146.417273443495].
[477.768002708296,330.632257946699,146.621447666988].
[477.61213977596,330.274453064185,146.950969693564].
[477.542615418443,329.894877538745,147.28342948132].
[477.635178099364,329.628715324207,147.618722568368].
[477.830300039105,329.389111737599,148.077467148144].
[477.961570305786,329.120133396313,148.560612770571].
[477.976726162065,328.722731565461,148.970466628367].
[477.859053009948,328.129766246537,149.373960844264].
[477.503078428548,327.611846254754,149.69879884558].
[476.771417693751,327.23850404289,149.966801719409].
[475.72663581665,326.819338896075,150.195285343655].
[474.782862658315,326.25414271494,150.465259288646].
[473.885384164919,325.359447574326,150.937847306004].
[472.564974603179,323.949836577771,151.811961659332].
[470.776245171746,322.182482864302,152.989124685814].
[468.80939982105,320.214175385302,154.384059680462].
[466.721636652859,318.029944475515,155.987675611211].
[464.692322827553,315.766611847431,157.71580860407].
[462.456827550861,313.506085254364,159.392410497273].
[459.875671819114,311.167197756075,161.044866693758].
[457.526640190206,308.665916272248,162.948019707279].
[455.400836820838,306.060714226125,165.036541592531].
[452.870384879695,303.475216775579,166.96237851506].
[449.633554601752,301.14199662059,168.374394168149].
[445.949404340452,298.937015018601,169.487326489368].
[442.184427034905,296.78940936445,170.492832779026].
[438.390450434783,294.607736823732,171.47008173609].
[434.566978319938,292.388062280771,172.463919934339].
[430.595423949324,289.963013938048,173.654795150801].
[426.567141010969,287.461173222468,174.909967425001].
[422.628905398417,285.088053635904,176.030155483981].
[418.686766639345,282.712157415372,177.141636250266].
[414.597421090281,280.136670978873,178.392988509943].
[410.39649485769,277.414480932624,179.702987013313].
[406.310769633472,274.686243546079,181.052997539633].
[402.717433932072,272.053904819573,182.494971091091].
[399.671235689274,269.606115898218,183.944263077072].
[396.785310212864,267.491270484188,185.110317377445].
[394.172712586837,265.802899168392,185.925083780868].
[391.621538325773,264.20440729303,186.629319737007].
[389.274554251642,262.677280016705,187.284980867773].
[387.706426278308,261.363493547534,187.947974487769].
[386.619288664257,260.217334364089,188.53673958388].
[385.337500647253,259.218410857352,188.961387656404].
[383.690628095138,258.363863318022,189.26626961523].
[382.022482835458,257.569569382962,189.521250068464].
[380.476080083668,256.840719426935,189.853144172363].
[379.303743883265,255.967107720273,190.41917343728].
[378.341701554254,254.715988736005,191.38761891717].
[377.49559220771,253.072962109911,192.893622766986].
[376.683384043428,250.910774648075,195.127741581422].
[375.664808398182,248.271752866055,197.856771411443].
[374.414806268742,245.309493581413,200.754735787429].
[373.038255030231,242.13848577464,203.652147850828].
[370.977848392447,238.55172097735,206.620972110582].
[368.06924368016,234.34991074905,209.886585566564].
[364.500716656319,229.595133910742,213.438528088262].
[360.189843336353,224.422351887389,217.057373743486].
[355.268316921451,219.077484378038,220.504268921164].
[350.105338469981,213.685197327491,223.733698255126].
[344.525323836082,208.390318904679,226.586363305614].
[338.598904212094,203.204346493468,229.21270683246].
[332.69816815369,198.133571064073,231.795995243311].
[327.339826524173,193.433668772385,234.218901531604].
[322.962008706992,189.474978788188,236.147615516007].
[319.464720336677,186.366781885972,237.40645401595].
[316.704289426063,184.055865761154,238.032666040375].
[314.828571313217,182.348437501933,238.331290656472].
[313.939444516955,181.045601584938,238.665912940352].
[313.609252439071,180.014897517789,239.23252219871].
[313.501066452693,179.134400623601,239.953256401861].
[313.443570120233,178.239005372834,240.847976810725].
[313.273942649518,177.1271460951,242.047904163292].
[312.919003259156,175.705482855447,243.523224965335].
[312.471533773501,173.828489734916,245.441514256991].
[311.982933683948,171.519398418481,247.800607075653].
[311.507655653984,169.004855506719,250.465121816302].
[310.953416248944,166.618778250116,253.07602713375].
[310.338326206596,164.930966719231,254.98612584075].
[309.960847611417,164.258942229482,255.928861678823].
[309.804476963158,164.243855873029,256.170115783773].
[309.770851749762,164.604070238487,255.984226792978].
[309.867747529101,165.302164732504,255.419510369992].
[310.042924927009,166.259848701096,254.631939355036].
[310.18080875624,167.49386843424,253.779398725556].
[310.328823922454,169.047379940103,252.744946552909].
[310.518716492025,170.781631092349,251.524532006651].
[310.644293020449,172.393562141994,250.388429299456].
[310.683529945701,173.690757344482,249.500334279996].
[310.645221605756,174.640318852254,248.880678302267].
[310.410873760175,175.357642039993,248.361275757313].
[309.851484061992,175.86977044306,247.909916601223].
[309.089009638987,176.278339243373,247.457927548972].
[308.329992098031,176.748704021777,246.891944886539].
[307.647562067464,177.333439251706,246.21214729543].
[306.933368565892,177.967958589789,245.40427015615].
[306.145482929506,178.738733399014,244.375954987029].
[305.363654538835,179.585144270789,243.315294764397].
[304.792258755064,180.367662719143,242.551645275882].
[304.378957652792,181.062327594968,241.985867197236].
[304.110739627373,181.499759297135,241.495825054797].
[303.829890101507,181.721949020728,241.123784341855].
[303.478282763848,181.871791019673,240.893181406128].
[303.31769824441,182.009857886297,240.75284893805].
[303.472375187723,182.301295467472,240.523731581262].
[303.801116916419,182.755046226272,240.174468429607].
[304.005190987019,183.03419172504,239.978294060246].
[304.075326902499,183.117135691192,240.01682565139].
[304.130815718666,183.163731600745,240.202467804577].
[304.186245117317,183.210277615319,240.387911171836].
[304.234043364274,183.262434163928,240.449812040657].
[304.360530250071,183.434532858892,240.351212045873].
[304.628967061426,183.8026155578,240.13982329376].
[304.913487889982,184.184184393742,239.973505482791].
[305.069444883789,184.380985895848,239.913283687381].
[305.112369597207,184.4596934988,239.881450886651].
[305.116988362618,184.63169602452,239.751671761963].
[305.112010041671,185.008267613189,239.42245474464].
[305.089698755097,185.475319181603,238.876799596878].
[305.052913662346,185.984867637407,238.165085542708].
[305.075032313159,186.652577021935,237.491466164338].
[305.286616213578,187.465469898286,236.966508019416].
[305.697852362293,188.35341130042,236.4036745348].
[306.064696246864,189.272906277538,235.660900570797].
[306.345222028637,190.245593344659,234.779505773637].
[306.783618751507,191.141096770224,234.040504827855].
[307.537350368795,191.904516599027,233.514544780077].
[308.381359673322,192.453028056354,233.185853766261].
[308.932344906288,192.835660988921,232.973919509706].
[309.225198620508,193.155682771656,232.768328652317].
[309.555705964319,193.612107255757,232.424485689505].
[310.018769859561,194.251589867713,231.930393051058].
[310.513540344218,194.934858688925,231.40246924464].
[310.978711350152,195.57725118149,230.906128303329].
[311.550943246955,196.367492769686,230.295552590991].
[312.123199492453,197.157767982978,229.684950898413].
[312.566214485312,197.769563434276,229.212250588708].
[312.939246668836,198.284713929738,228.81422245981].
[313.138534015952,198.55992604317,228.60158137041].
[313.18300103363,198.621334166115,228.554134730078].
[313.18300103363,198.621334166115,228.554134730078].
[313.232139164293,198.604801193242,228.586712435152].
[313.501478515664,198.514179508417,228.765279625951].
[314.084692409207,198.317951867052,229.151940045511].
[314.667846403945,198.121744379187,229.53856075323].
[314.945723092078,198.03114682899,229.747156176299].
[315.12298801928,197.98856591769,229.94952191677].
[315.587999949882,197.871796090234,230.328663639102].
[316.296801532434,197.679275191932,230.722154879862].
[316.744560141274,197.562505364477,230.909140700343].
[316.93238410846,197.5908333365,230.896746828874].
[317.131563644472,197.834560326554,230.684291318894].
[317.406138409785,198.267079968895,230.310307137625].
[317.567567449179,198.695535746297,229.935351487666].
[317.625810161466,199.259219612573,229.350437559197].
[317.729910965832,200.125104259066,228.287210516692].
[317.914304193791,201.167117303581,226.984724871296].
[318.047182052265,201.986405580277,226.084435988217].
[318.183262472029,202.361152042756,225.761854516138].
[318.656705897945,202.566348438623,225.709103686306].
[319.591302294904,202.864364041662,225.675911906618].
[320.48783116237,203.201213794985,225.580698518839].
[321.028620470128,203.51564915856,225.409009084159].
[321.280513576044,203.772409354643,225.173788802038].
[321.3652571914,203.893742343847,224.92295255779].
[321.379200810897,203.917650476626,224.7316558639].
[321.423754154728,203.979138501266,224.63234332839].
[321.631695390499,204.26147121906,224.538494997813].
[321.997952678521,204.746117148832,224.408357619944].
[322.258712251778,205.07165592116,224.329425310293].
[322.34031572667,205.163451412096,224.311813131399].
[322.348582728347,205.170213921904,224.311813131399].
[322.446757549061,205.143723725492,224.377523917069].
[322.886746570036,205.025002901763,224.672019227009].
[323.620179136347,204.829265354405,225.157559908629].
[324.140539011679,204.771916346845,225.433582691638].
[324.497170193532,205.020475548187,225.416505355256].
[324.90604558335,205.535332842159,225.232593336544].
[325.357034432892,206.146840304535,224.889872934799].
[325.929305469727,206.936834281959,224.308499888237].
[326.457130784873,207.726861848805,223.698160330167].
[326.718627494942,208.3551138039,223.193027607216].
[326.842654179165,208.975418482788,222.62518831296].
[326.951587580927,209.541867019862,222.041464427696].
[326.953715221501,210.055787065576,221.533531050173].
[326.920607328156,210.500382146966,221.058366358041].
[327.047114024118,210.840698010493,220.574286912985].
[327.27103231232,211.277883577209,220.051060012028].
[327.558573842535,212.014609646681,219.440580569097].
[327.959560339267,212.805417112485,218.875904156869].
[328.414590355138,213.451844952034,218.42448389147].
[329.074124035366,214.117401538671,218.028929673718].
[330.076240488599,214.750220097804,217.733810573929].
[331.301799865073,215.251706104628,217.555563144375].
[332.434325725816,215.623858256003,217.416335257748].
[333.484491754224,215.952555308902,217.304555981206].
[334.442646226708,216.276119575234,217.168951155872].
[335.134011304016,216.73110862942,216.864812190766].
[335.793233104065,217.541056471392,216.245007204785].
[336.508739654423,218.535720350376,215.456159711488].
[337.086286266654,219.342967229359,214.746131562747].
[337.425994366197,219.830487067801,214.19099589973].
[337.67394132456,220.30173525008,213.616229982572].
[337.881148110749,220.993793554058,212.897330197371].
[338.031785291764,221.796022223403,212.110550389743].
[338.247021184042,222.483932176712,211.489640027441].
[338.573179900866,223.202284452003,210.8959324753].
[338.888329340451,223.979961787991,210.205879267177].
[339.233486702517,224.85120843534,209.404861564176].
[339.719071617694,225.767350905049,208.698606701192].
[340.464442892485,226.52493676082,208.262428361788].
[341.46373572511,227.036703399778,208.04822577286].
[342.464016755126,227.425153192847,207.923825225205].
[343.132334557635,227.843286065082,207.697470459806].
[343.60014704074,228.387644690391,207.30006558109].
[344.000012955816,228.939366541727,206.875439842742].
[344.41888718462,229.517315439793,206.4306287899].
[344.818788162573,230.069085669734,206.005965817571].
[345.237699121833,230.647085247276,205.561115759911].
[345.659947061256,231.229689080406,205.112722095227].
[346.156577833214,231.914923901891,204.585339789613].
[346.708166719812,232.57883262975,204.084186983416].
[347.455398816544,233.123667873442,203.688154725411].
[348.482798492224,233.579078809835,203.338207681727].
[349.478153002781,234.066596786858,202.947264427405].
[350.236714293655,234.66424675538,202.558217951992].
[350.773218134646,235.278213853208,202.158757582168].
[351.202054167014,235.854867934748,201.721069438254].
[351.597060762863,236.408447716377,201.226585436857].
[351.979195005676,236.951874341751,200.679582462865].
[352.359544297062,237.493943208817,200.135173327207].
[352.790900743198,238.020832481869,199.655148295786].
[353.451581688259,238.480055734323,199.346233500045].
[354.451085401564,238.865362573621,199.168089141826].
[355.530278971164,239.359479439446,198.930858625737].
[356.369120970607,240.056734844072,198.509424874716].
[356.913004094373,240.731496672331,197.968078555459].
[357.32044030978,241.308161768735,197.41342104996].
[357.726638293773,241.883898928943,196.845768732068].
[358.223241964749,242.576951169093,196.247593911489].
[358.818387803006,243.399340511856,195.603192625207].
[359.451979767348,244.272862654236,194.93480694653].
[360.128292205731,245.205282765825,194.221354798197].
[360.72672207483,246.030327543439,193.590062141869].
[361.21743865801,246.7039094467,193.117381092662].
[361.913816751354,247.487895658269,192.666235735248].
[363.022944392282,248.265968541143,192.208673225446].
[364.35323120208,248.886116342835,191.670925508688].
[365.36889897194,249.557819631653,191.108970678279].
[366.074154821215,250.369691693864,190.506818131193].
[366.784064762963,251.352253934246,189.740958479169].
[367.535197759075,252.403312003495,188.819540481951].
[368.240437929596,253.316879023187,187.957671014268].
[369.039411635866,253.970872375091,187.442726533989].
[370.171991370997,254.532865580898,187.180586245373].
[371.42553107923,255.261457570842,186.863371178555].
[372.39543863563,256.06587568055,186.323385558201].
[373.228386061228,256.691248911363,185.786565845865].
[374.319539328636,257.20759195715,185.463734413279].
[375.473025331745,257.7981311465,185.255950670247].
[376.325177886025,258.406104457854,185.00439371557].
[377.152032900654,258.952886227918,184.746692661807].
[378.217970422975,259.43950339,184.496031508978].
[379.192438940281,259.909443384124,184.185732889691].
[379.89993664144,260.349717028408,183.858113446535].
[380.605170576144,260.693956723154,183.675185239656].
[381.605017714402,261.062439785878,183.588188379262].
[382.588256380635,261.514079006074,183.504015952566].
[383.304288436361,261.96355635572,183.444327292352].
[383.874004178868,262.244376818046,183.388860858297].
[384.51241165803,262.402801217664,183.312220704926].
[385.152432839106,262.541854385777,183.241419012513].
[385.83795035923,262.800163129627,183.102429481994].
[386.447198200123,263.27423243888,182.777788806992].
[387.026239604562,263.989998145066,182.243344854944].
[387.704706390379,264.923998966167,181.535928013707].
[388.400935298165,265.885232293504,180.782504267565].
[389.015523022551,266.743751304604,180.018556672347].
[389.603629220768,267.573870129969,179.202591783311].
[390.218580464288,268.43279809861,178.451865145054].
[390.964373991829,269.377830695114,177.766872214219].
[391.862785120203,270.236741359857,177.214679287099].
[392.831187840666,270.862755707981,176.862919822906].
[393.782577033613,271.417078221667,176.645212117989].
[394.737322297252,271.925975031191,176.505783873193].
[395.629918289004,272.282086460008,176.451423202338].
[396.674940810121,272.573950082519,176.46207311372].
[397.827957549699,272.811530797897,176.504862630632].
[399.005586401444,273.000958699129,176.543398719847].
[400.024155489195,273.279418549131,176.53631682393].
[400.722575003423,273.75754928458,176.367287868108].
[401.288646430528,274.45995136181,175.847106896696].
[402.009046787455,275.384390730393,175.027182371568].
[403.061075296562,276.381186572591,174.314031986538].
[404.437365345502,277.276719441202,173.954923618466].
[405.807707440538,277.993280500085,173.80362134756].
[407.03224227449,278.474585615557,173.632010682809].
[408.242591943865,278.84028116244,173.363496213962].
[409.177618396516,279.383723642121,173.000656556975].
[409.916893970239,280.145842052165,172.578534765149].
[410.770200342194,280.941048981056,172.183862681321].
[411.881154334754,281.764330548887,171.819943153791].
[412.99743495253,282.546838043524,171.441255579793].
[413.960967324177,283.169593468101,171.122160916181].
[414.822894832499,283.817736736573,170.826693056044].
[415.997890307042,284.604352306819,170.414930216559].
[417.523575612922,285.460290261963,169.901658437912].
[418.791700695973,286.448061087328,169.393069783283].
[419.720404735583,287.553546930577,168.764530681753].
[420.542350979523,288.685437965232,167.941651596624].
[421.399019114651,289.789208210305,167.032593879095].
[422.469105372168,290.81316182131,166.265321669339].
[423.849438939106,291.728093335855,165.73391147635].
[425.228180787688,292.641749632877,165.193365809044].
[426.306831345856,293.672557886718,164.473091128649].
[427.226772274602,294.771071242417,163.682357635521].
[428.318718589361,295.812531774587,163.039727632995].
[429.743210415881,296.775745027789,162.614186119947].
[431.294272515691,297.82929678042,162.145870856305].
[432.817678945399,299.004955279215,161.538821362913].
[434.367632116088,300.057775676533,161.07669922093].
[435.90974359996,301.016457223892,160.718374760744].
[437.532439177486,302.02258313951,160.330132491709].
[439.279890130565,302.984612432478,160.014485491496].
[440.685739562741,303.728563182683,159.758266509786].
[441.861418264065,304.290390724188,159.467681272793].
[443.056563470909,304.951916570185,159.075369762293].
[444.101673015541,305.887426350017,158.560271618528].
[445.020102495904,307.048615405453,157.834975306705].
[446.141291035717,308.423181353335,156.919845912983].
[447.722251678732,309.85202354795,156.041739499656].
[449.543629358584,310.96214556546,155.523408732086].
[451.269301607997,311.841997490103,155.289443352283].
[452.997371471884,312.650797296603,155.08153163473].
[454.7305287223,313.537185428926,154.776486293846].
[456.564152768848,314.657848314656,154.290197394091].
[458.248158567757,316.057716832996,153.651793706576].
[459.800021541629,317.277074970419,153.089473312082].
[461.375087069598,318.21278409066,152.626667784969].
[462.718004023767,319.149309422512,152.219918759981].
[464.062944347649,320.087689430753,151.815732148119].
[465.642144931365,321.027084167712,151.353043748699].
[467.195054326606,322.247329604917,150.785253714344].
[468.874006884558,323.643299543591,150.085348676999].
[470.650072233215,324.774280372681,149.493851428031].
[472.207836924798,325.715249506161,149.131867048738].
[473.718844973578,326.638160185942,148.881262405423].
[475.214499624016,327.704845168033,148.472248125624].
[476.495805457655,328.9240450888,147.817879299154].
[477.58709898245,329.964707130177,147.247065126804].
[478.604192030546,330.714238962969,146.92435268091].
[479.405543760923,331.295598326222,146.799549412701].
[479.866196678807,331.570885453337,146.799693924018].
[480.047395479613,331.530263196393,146.951395981416].
[480.069318798694,331.262805666327,147.272318372077].
[479.928985593738,330.893117404228,147.612117413812].
[479.536164352098,330.557235141725,147.886944282171].
[478.974437716686,330.253873610736,148.14263622063].
[478.394717690607,329.812055416872,148.460239024565].
[477.571020294932,328.888339609331,149.107882280515].
[476.186978884807,327.374110453614,150.152263758275].
[474.334835466277,325.604166621668,151.297870412912].
[472.061250513167,323.757309422972,152.351934808043].
[469.148798203397,321.968991925989,153.093504816465].
[465.713537446287,320.121776577569,153.715947110493].
[461.920377433802,317.947481818626,154.581787324191].
[457.817426501431,315.347636041255,155.796329994366].
[453.43461058921,312.282736000436,157.374885493604].
[448.905098122607,308.648004772482,159.449034248714].
[444.431216893317,304.560906510629,161.993564359166].
[439.762206030313,300.120806990634,164.85762689702].
[434.655143871742,295.233259916303,168.069978492069].
[429.341522857013,289.901070558726,171.686358677593].
[423.816348004323,284.360063084693,175.457421464579].
[418.087879913153,279.069699827346,178.928480343909].
[412.471146987349,274.308253644182,181.89048792918].
[407.15118222607,270.038838575628,184.457155767209].
[402.279903612724,266.390576720364,186.485276602351].
[398.063893980398,263.683570840197,187.666135376955].
[394.609260915993,262.12529526129,188.037975521387].
[391.884188511623,261.608671681122,187.84714577997].
[389.779334082565,261.76779703162,187.061180503367].
[388.211329814177,262.484912274004,185.604880258568].
[387.186904850519,263.79806029537,183.622440459047].
[386.769713209339,265.601392936874,181.352033869113].
[386.801224917795,267.602954935241,179.150650523115].
[387.324727612139,269.741445533545,177.222700334677].
[388.499161581312,271.980688398732,175.462283770739].
[390.061213799417,274.249960399962,173.73643337953].
[391.708992779776,276.51955941913,172.01033428123].
[393.312095547857,278.727622826559,170.331034887653].
[394.716378332511,280.660418017245,168.873511884205].
[395.751862570386,282.08029831559,167.849341598935].
[396.430264175558,283.010857995214,167.221016497457].
[396.864567664744,283.658170247138,166.728715837768].
[397.216032282361,284.353370966635,166.098280438244].
[397.414522035791,285.098752837633,165.375670107448].
[397.449613045595,285.840743810459,164.611677108953].
[397.40839028727,286.532603532465,163.885374880862].
[397.363370173493,287.075970253238,163.284791277938].
[397.391304328348,287.323125867164,163.020628860076].
[397.677050324004,287.371368909477,163.080283458538].
[398.378492234599,287.393443995041,163.308790931716].
[399.341048158025,287.497598250885,163.492266521353].
[400.422384669119,287.708261772463,163.524253419561].
[401.577344230422,287.984959485521,163.435782837942].
[402.445265485444,288.358172944973,163.273103350892].
[403.21418042782,288.792421286357,163.045284215645].
[404.295161495968,289.295583013929,162.785086149558].
[405.51165827107,289.981428538743,162.432575507705].
[406.375730156785,290.711477114003,161.981409156547].
[406.872465852438,291.31099896449,161.550283711461].
[407.249704892408,291.830319262032,161.156947949675].
[407.451239068993,292.107758173332,160.946814346112].
[407.49620742209,292.169663162042,160.899927201497].
[407.49620742209,292.169663162042,160.899927201497].
[407.593513002359,292.135124058448,160.971968070832].
[408.029606357933,291.98033053537,161.294832847547].
[408.748602749279,291.725119161306,161.827146872478].
[409.184696104853,291.570325638228,162.150011649193].
[409.282001685122,291.535786534634,162.222052518528].
[409.282001685122,291.535786534634,162.222052518528].
[409.282001685122,291.535786534634,162.211833751133].
[409.326953716817,291.597663442522,162.129390832525].
[409.528414745954,291.874976504311,161.88964968956].
[409.860567829909,292.332188447926,161.573076101623].
[410.106983885386,292.671382539762,161.351755766912].
[410.353410367289,293.010590983673,161.105064758866].
[410.685585578848,293.46783338615,160.75875839459].
[410.887060029056,293.745164922173,160.538566068346].
[410.950693224867,293.835162805486,160.412633862028].
[411.034402972836,293.961173799457,160.187120201179].
[411.172417014878,294.16893080556,159.893450318501].
[411.278621418578,294.325900749285,159.709366210505].
[411.398113640775,294.492765989288,159.570907202916].
[411.605532109751,294.780642451248,159.3573639516].
[411.984736875831,295.211766164808,159.043820109668].
[412.78041997078,295.819719304279,158.601225734162].
[413.920791873791,296.409326769199,158.212978658912].
[415.085673348013,296.946436447819,157.998131205668].
[416.412606317781,297.565799861533,157.851816621231].
[417.915695592713,298.262866718915,157.71187962456].
[419.072745482557,298.914880649852,157.566213075874].
[420.074295836368,299.371775527226,157.401164956327].
[421.285187413745,299.799572683598,157.278685471007].
[422.317419774968,300.306316589604,157.190487503498].
[423.348735611124,300.812521457649,157.124355098558].
[424.508295412291,301.173953187894,157.09451650117].
[425.302242155223,301.34929955503,157.11634471875].
[426.078863277209,301.497868454842,157.2380321085].
[427.127713446127,301.69974605762,157.438660696356].
[427.76387323102,301.822191013215,157.560348086106].
[427.954259308587,301.832246843124,157.624331845641].
[428.17135072667,301.754868990526,157.78939977168].
[428.577688111366,301.610038234267,158.09836301839].
[429.011756678504,301.455323257959,158.428411984713].
[429.417931162291,301.31055056444,158.737251367866].
[429.634908311346,301.23321344073,158.902232408151].
[429.683322457363,301.215957195931,158.939044654092].
[429.683322457363,301.215957195931,158.939044654092].
[429.683322457363,301.215957195931,158.939044654092].
[429.683322457363,301.215957195931,158.939044654092].
[429.683322457363,301.215957195931,158.939044654092].
[429.683322457363,301.215957195931,158.939044654092].
[429.70579786733,301.246864530083,158.915785614671].
[429.829001730712,301.416289825554,158.788286115466].
[430.11828124543,301.814096078615,158.488920557889].
[430.508296979802,302.350430972833,158.085306503511].
[430.898321449958,302.886777880171,157.681683408766].
[431.232574453701,303.346429975216,157.349352679269].
[431.602229081967,303.806545557018,157.060605210727].
[432.184260018965,304.403468752718,156.686519017853].
[432.900004476113,305.04066735772,156.212418531673].
[433.633885037535,305.714638816009,155.6959442478].
[434.376541083787,306.310144766849,155.334297753919].
[435.138001254601,306.782624799368,155.135393693593].
[436.010983073874,307.319990208467,154.885607785576].
[436.709026267065,307.91002324282,154.486828071167].
[437.186756325111,308.486541350892,154.062847734193].
[437.668950730086,309.049167968862,153.73304779055].
[438.424698264913,309.586100564842,153.497143850918].
[439.498520945195,310.078358382913,153.281796571823].
[440.567966293254,310.571904786812,153.143811795519].
[441.597393498072,311.079594655792,153.090751551781].
[442.708891941122,311.487913520503,153.044654628].
[443.716187131942,311.862489435626,152.953030811348].
[444.463501571654,312.347812187495,152.807574502673].
[445.310201459092,312.952465041042,152.617674727908].
[446.580876458572,313.582001585897,152.45640089822].
[447.957723051299,314.125519842895,152.28470711806].
[449.110293640956,314.661306492938,152.076408717447].
[450.214611553185,315.356642866613,151.864611407575].
[451.49618392052,316.204477637342,151.611477803243].
[452.963540956891,317.083177094238,151.26067526338].
[454.516639276842,317.905545257027,150.854306805308].
[455.714762376699,318.723540354294,150.468865987679].
[456.708799180428,319.466446612362,150.184322541449].
[457.901150538414,320.098971062889,150.033826072739].
[459.109982690035,320.64564320728,149.959886333034].
[460.160970868735,321.184569135151,149.883869412048].
[461.230903535979,321.677644345949,149.771078553342].
[462.305260858957,322.171979721384,149.60737628076].
[463.064258898297,322.713228837785,149.413621693479].
[463.622813934843,323.293979907058,149.174758027056].
[464.403265301025,323.907100504566,148.953918878996].
[465.575674763457,324.52826771017,148.753222750055].
[466.737735213399,325.135691621168,148.509175951364].
[467.523646368002,325.758608705224,148.20542233014].
[467.996284147768,326.324662379707,147.863147028295].
[468.372402849901,326.841521110503,147.492714198166].
[468.573338295751,327.118142639504,147.284975353765].
[468.571146807953,327.199559776557,147.206455906713].
[468.313381530017,327.299583290113,147.030375519403].
[467.755225531887,327.510995905617,146.649641168999].
[467.197121810652,327.722525954313,146.269625407447].
[466.939419136404,327.822774111803,146.094405559219].
[466.914830109132,327.873520159206,146.039254142568].
[467.015306162597,328.012144403148,145.935135844146].
[467.203383088387,328.270648382793,145.744972362276].
[467.404338248893,328.546852965057,145.557936413542].
[467.593069861689,328.805875443883,145.397996387156].
[467.696463562861,328.946276770675,145.315078736844].
[467.723688835445,328.980879034393,145.296577308251].
[467.72725107015,328.983686364976,145.296577308251].
[467.752572201753,329.016787454848,145.273323415678].
[467.877332901536,329.187171610252,145.145852084227].
[468.141546705281,329.551447972309,144.869807812412].
[468.405390580191,329.915433988192,144.593761439456].
[468.527623136075,330.083827183115,144.461597494044].
[468.550039747366,330.114639683379,144.417323318904].
[468.571820733697,330.144954507513,144.359433166472].
[468.69122467497,330.311139018585,144.206378907533].
[468.949814138243,330.671034742216,143.904949988367].
[469.208424960666,331.030953931063,143.594636711762].
[469.372711088837,331.258816500957,143.399914434291].
[469.640392066998,331.627088961201,143.117484219407].
[470.218353991046,332.421062524814,142.524400577943].
[470.977058649954,333.462176422093,141.765812178369].
[471.681871504743,334.428169812936,141.110112936591].
[472.336707906968,335.160388010027,140.695049957309].
[473.29812364867,335.736711094944,140.446948548252].
[474.600618012032,336.299063781029,140.220522507132].
[475.686888884139,336.964295462568,139.960611356541].
[476.594453321938,337.673368774497,139.659872894666].
[477.504833504433,338.228107372781,139.425946007897].
[478.364281035354,338.665295450491,139.272080443878].
[479.173895417415,339.081782442092,139.106508769622].
[479.798452895162,339.567928740902,138.863005183208].
[480.329164061021,340.130115803632,138.540208714974].
[481.056787323793,340.756372211649,138.214088798011].
[482.008387532677,341.45014857815,137.879062963134].
[482.903164749224,342.224997148605,137.424908045782].
[483.862443569044,343.088878721446,136.899551769414].
[484.88956164091,343.887915611975,136.480467373149].
[485.658244785283,344.524140895862,136.159916004967].
[486.242154217852,345.022263432337,135.902889325138].
[486.828013244215,345.442577903062,135.655788432467].
[487.326194492554,345.900769941438,135.305704153769].
[487.632553659421,346.46090580234,134.783482581879].
[487.793223739856,347.090494799779,134.242781053027].
[488.014367547167,347.661679341648,133.803360876373].
[488.345510197355,348.178634834666,133.416218020741].
[488.546358367432,348.454931661301,133.207707867067].
[488.544650134277,348.523405411536,133.131112980252].
[488.335766088922,348.550734212779,132.996348666841].
[487.921397586732,348.593650432636,132.77415987679].
[487.379695690492,348.589012539607,132.656535500155].
[486.725153495874,348.45904553636,132.706607905734].
[486.210592425001,348.19223972253,132.869594674803].
[485.798404295501,347.846213397595,133.09571554291].
[485.199031695194,347.376568478641,133.439829632624].
[484.46486316601,346.861518308958,133.866758885718].
[483.82401629878,346.414160979109,134.215432348006].
[483.277572590678,346.15503980042,134.378194964783].
[482.664219638959,346.016161346515,134.416719040572].
[482.10633862671,345.919411181871,134.419604255183].
[481.636861027094,345.837343572978,134.419010174434].
