[386.739596186908,225.267739599187,202.731353938755].
[386.739596186908,225.267739599187,202.731353938755].
[386.739596186908,225.267739599187,202.731353938755].
[386.739596186908,225.267739599187,202.731353938755].
[386.739596186908,225.267739599187,202.731353938755].
[386.739596186908,225.267739599187,202.731353938755].
[386.739596186908,225.267739599187,202.731353938755].
[386.739596186908,225.267739599187,202.731353938755].
[386.739596186908,225.267739599187,202.731353938755].
[386.739596186908,225.267739599187,202.731353938755].
[386.739596186908,225.267739599187,202.731353938755].
[386.739596186908,225.267739599187,202.731353938755].
[386.739596186908,225.267739599187,202.731353938755].
[386.739596186908,225.267739599187,202.731353938755].
[386.71648177987,225.236162444066,202.75266383761].
[386.612890194483,225.094643453087,202.848168178401].
[386.442096544189,224.86131808245,203.005628216507].
[386.286129517211,224.733387345909,203.05137093183].
[386.028284666042,224.76270852219,202.849664697701].
[385.64127958992,224.863112896523,202.481973255539].
[385.383421667484,224.906004314475,202.258957122555].
[385.177890066939,224.838891181714,202.19414923365].
[384.785129368097,224.705837088064,202.126716559261].
[384.315676647645,224.627901390753,202.015538874656].
[384.073595326234,224.625040652702,201.961469834702].
[384.037160723015,224.65780657282,202.006315225655].
[384.058711800091,224.690530404056,202.105059870182].
[384.071783189088,224.705626176326,202.16495152457].
[383.999192655383,224.690455272054,202.150279842306].
[383.660793064871,224.610133913807,202.024634269868].
[383.102866461997,224.477706381973,201.81747974202].
[382.764466871485,224.397385023726,201.691834169582].
[382.613378008536,224.361523092955,201.635735855026].
[382.274644293318,224.281122428021,201.509966224253].
[381.716166811937,224.148564141568,201.302607158789].
[381.377433096719,224.068163476634,201.176837528016].
[381.301851388595,224.050223663392,201.14877453016].
[381.301851388595,224.050223663392,201.14877453016].
[381.255514227653,224.069634075704,201.127143987663].
[381.047845479909,224.156625508414,201.030202621768].
[380.653017381206,224.300050133892,200.842715611624].
[380.187185827274,224.36918476404,200.621820952437].
[379.649649449505,224.308566539476,200.395825978717].
[379.220487842884,224.164629301877,200.271872685425].
[378.914470682187,224.030854807835,200.245045155121].
[378.513529532817,223.924386067351,200.248765799064].
[378.068863012527,223.870640210185,200.254900103874].
[377.838925141109,223.858647888469,200.258620747817].
[377.740332941703,223.872479194395,200.210660503525].
[377.505268341125,223.934466806994,199.991996956928].
[377.117712334164,224.036667102407,199.631481716527].
[376.882647733587,224.098654715006,199.41281816993].
[376.830197731615,224.112486020933,199.364027737759].
[376.830197731615,224.112486020933,199.364027737759].
[376.780971422305,224.12633013745,199.329750826456].
[376.560354409901,224.188375163135,199.176132367704].
[376.193346176883,224.290670116724,198.922858347188].
[375.95806385887,224.352715142409,198.769239888437].
[375.864788918393,224.337929605193,198.756543709546].
[375.761074109774,224.209620398967,198.853261842129].
[375.610984028028,223.998074281437,199.012723084581].
[375.521934525019,223.869765075212,199.109441217164].
[375.505332428614,223.844125380517,199.145530366263].
[375.519976497624,223.857525447259,199.210552578751].
[375.54412048569,223.879618422327,199.317756083548].
[375.558764554699,223.893018489069,199.382778296037].
[375.562032088162,223.896008448108,199.397286712723].
[375.562032088162,223.896008448108,199.397286712723].
[375.562032088162,223.896008448108,199.397286712723].
[375.562032088162,223.896008448108,199.397286712723].
[375.562032088162,223.896008448108,199.397286712723].
[375.562032088162,223.896008448108,199.397286712723].
[375.562032088162,223.896008448108,199.397286712723].
[375.562032088162,223.896008448108,199.397286712723].
[375.538901727359,223.864399628572,199.418893562761].
[375.435238642155,223.722738727531,199.515728746421].
[375.264327108591,223.48917938676,199.675382973475].
[375.177242230542,223.373131751962,199.736102890411].
[375.228410239553,223.456313627797,199.595852344301].
[375.354192162428,223.64857708319,199.314410327751].
[375.443211178623,223.776837917488,199.087190702269].
[375.503929258453,223.821654094041,198.943311337743].
[375.607699407843,223.821654094041,198.87794910841].
[375.787157777926,223.788621476065,198.912191296688].
[376.007771477016,223.713170887453,199.131016366969].
[376.244553795423,223.607976807432,199.491797914904].
[376.376117991503,223.545996357746,199.710622985185].
[376.405473931645,223.532166650081,199.759449458161].
[376.405473931645,223.532166650081,199.759449458161].
[376.405473931645,223.532166650081,199.759449458161].
[376.428616572802,223.563787489218,199.737903448774].
[376.532334694735,223.70550225837,199.641340933995].
[376.703336968524,223.939150412644,199.482136261925].
[376.807055090457,224.080865181796,199.385573747146].
[376.830197731615,224.112486020933,199.364027737759].
[376.830197731615,224.112486020933,199.364027737759].
[376.830197731615,224.112486020933,199.364027737759].
[376.826964675088,224.109515610701,199.349600403729].
[376.812475120991,224.09620315563,199.284941578491].
[376.788585884948,224.07425462779,199.178337197984].
[376.774096330851,224.060942172719,199.113678372747].
[376.770863274324,224.057971762487,199.099251038717].
[376.767613246404,224.054985759579,199.084747970788].
[376.753047631793,224.041603422982,199.019749729763].
[376.729032993165,224.019539679982,198.912585747228].
[376.714467378554,224.006157343385,198.847587506203].
[376.711217350634,224.003171340476,198.833084438274].
[376.711217350634,224.003171340476,198.833084438274].
[376.711217350634,224.003171340476,198.833084438274].
[376.711217350634,224.003171340476,198.833084438274].
[376.711217350634,224.003171340476,198.833084438274].
[376.711217350634,224.003171340476,198.833084438274].
[376.711217350634,224.003171340476,198.833084438274].
[376.76377963389,223.989414574962,198.882290428721].
[376.999347444274,223.927761029312,199.102816378306].
[377.387733103946,223.826111517186,199.466402202127].
[377.62330091433,223.764457971536,199.686928151711].
[377.675863197587,223.750701206022,199.736134142159].
[377.675863197587,223.750701206022,199.736134142159].
[377.675863197587,223.750701206022,199.736134142159].
[377.675863197587,223.750701206022,199.736134142159].
[377.675863197587,223.750701206022,199.736134142159].
[377.675863197587,223.750701206022,199.736134142159].
[377.675863197587,223.750701206022,199.736134142159].
[377.675863197587,223.750701206022,199.736134142159].
[377.675863197587,223.750701206022,199.736134142159].
[377.675863197587,223.750701206022,199.736134142159].
[377.675863197587,223.750701206022,199.736134142159].
[377.675863197587,223.750701206022,199.736134142159].
[377.675863197587,223.750701206022,199.736134142159].
[377.675863197587,223.750701206022,199.736134142159].
[377.675863197587,223.750701206022,199.736134142159].
[377.675863197587,223.750701206022,199.736134142159].
[377.675863197587,223.750701206022,199.736134142159].
[377.675863197587,223.750701206022,199.736134142159].
[377.675863197587,223.750701206022,199.736134142159].
[377.675863197587,223.750701206022,199.736134142159].
[377.675863197587,223.750701206022,199.736134142159].
[377.675863197587,223.750701206022,199.736134142159].
[377.675863197587,223.750701206022,199.736134142159].
[377.675863197587,223.750701206022,199.736134142159].
[377.675863197587,223.750701206022,199.736134142159].
[377.675863197587,223.750701206022,199.736134142159].
[377.675863197587,223.750701206022,199.736134142159].
[377.69901788452,223.782333850051,199.714649754006].
[377.802789991874,223.924101525064,199.618363406435].
[377.973881272576,224.157836906356,199.459614057119].
[378.077653379931,224.299604581369,199.363327709549].
[378.130166380526,224.317478775814,199.391012365352].
[378.284884103491,224.255817682685,199.611372732254].
[378.605533565041,224.154155726868,199.974685556384].
[378.884969617812,224.060876572193,200.216521122145].
[378.914327931475,223.905415801749,200.361935330116].
[378.766466712169,223.671788171241,200.520616779227].
[378.662747477242,223.530085850381,200.616861943241].
[378.639604587742,223.498467788835,200.638337142101].
[378.639604587742,223.498467788835,200.638337142101].
[378.639604587742,223.498467788835,200.638337142101].
[378.639604587742,223.498467788835,200.638337142101].
[378.639604587742,223.530085850381,200.616861943241].
[378.61024627408,223.685546620825,200.47144773527].
[378.478671440614,223.980835344463,200.092405919257].
[378.261741213992,224.224199621138,199.632847931114].
[378.130166380526,224.317478775814,199.391012365352].
[378.100808066864,224.331237225399,199.341843321395].
[378.100808066864,224.331237225399,199.341843321395].
[378.100808066864,224.331237225399,199.341843321395].
[378.100808066864,224.331237225399,199.341843321395].
[378.077653379931,224.299604581369,199.363327709549].
[377.973881272576,224.157836906356,199.459614057119].
[377.802789991874,223.924101525064,199.618363406435].
[377.69901788452,223.782333850051,199.714649754006].
[377.675863197587,223.750701206022,199.736134142159].
[377.675863197587,223.750701206022,199.736134142159].
[377.62330091433,223.764457971536,199.686928151711].
[377.387733103946,223.826111517186,199.466402202127].
[376.999347444274,223.927761029312,199.102816378306].
[376.76377963389,223.989414574962,198.882290428721].
[376.711217350634,224.003171340476,198.833084438274].
[376.714467378554,224.006157343385,198.847587506203].
[376.729032993165,224.019539679982,198.912585747228].
[376.753047631793,224.041603422982,199.034177063793].
[376.767613246404,224.054985759579,199.163834130055].
[376.750953689693,224.029321333583,199.306487587878].
[376.661725121857,223.900919019501,199.467708927895].
[376.514612084112,223.689219393067,199.641340933995].
[376.425383516276,223.560817078986,199.737903448774].
[376.405473931645,223.532166650081,199.759449458161].
[376.405473931645,223.532166650081,199.759449458161].
[376.405473931645,223.532166650081,199.759449458161].
[376.405473931645,223.532166650081,199.759449458161].
[376.405473931645,223.532166650081,199.759449458161].
[376.352963741451,223.545996357746,199.710622985185].
[376.11762939598,223.607976807432,199.491797914904].
[375.729628654876,223.710165293197,199.131016366969].
[375.494294309405,223.772145742883,198.912191296688].
[375.441784119212,223.785975450548,198.863364823712].
[375.441784119212,223.785975450548,198.863364823712].
[375.441784119212,223.785975450548,198.863364823712].
[375.441784119212,223.785975450548,198.863364823712].
[375.441784119212,223.785975450548,198.863364823712].
[375.441784119212,223.785975450548,198.863364823712].
[375.441784119212,223.785975450548,198.863364823712].
[375.441784119212,223.785975450548,198.863364823712].
[375.441784119212,223.785975450548,198.863364823712].
[375.441784119212,223.785975450548,198.863364823712].
[375.441784119212,223.785975450548,198.863364823712].
[375.441784119212,223.785975450548,198.863364823712].
[375.441784119212,223.785975450548,198.863364823712].
[375.441784119212,223.785975450548,198.863364823712].
[375.441784119212,223.785975450548,198.863364823712].
[375.441784119212,223.785975450548,198.863364823712].
[375.441784119212,223.785975450548,198.863364823712].
[375.441784119212,223.785975450548,198.863364823712].
[375.494294309405,223.772145742883,198.912191296688].
[375.729628654876,223.710165293197,199.131016366969].
[376.11762939598,223.607976807432,199.491797914904].
[376.352963741451,223.545996357746,199.710622985185].
[376.405473931645,223.532166650081,199.759449458161].
[376.405473931645,223.532166650081,199.759449458161].
[376.405473931645,223.532166650081,199.759449458161].
[376.405473931645,223.532166650081,199.759449458161].
[376.352963741451,223.545996357746,199.710622985185].
[376.11762939598,223.607976807432,199.491797914904].
[375.729628654876,223.710165293197,199.131016366969].
[375.494294309405,223.772145742883,198.912191296688].
[375.441784119212,223.785975450548,198.863364823712].
[375.441784119212,223.785975450548,198.863364823712].
[375.441784119212,223.785975450548,198.863364823712].
[375.441784119212,223.785975450548,198.863364823712].
[375.494294309405,223.772145742883,198.912191296688].
[375.729628654876,223.710165293197,199.131016366969].
[376.11762939598,223.607976807432,199.491797914904].
[376.352963741451,223.545996357746,199.710622985185].
[376.405473931645,223.532166650081,199.759449458161].
[376.405473931645,223.532166650081,199.759449458161].
[376.405473931645,223.532166650081,199.759449458161].
[376.352963741451,223.545996357746,199.710622985185].
[376.11762939598,223.607976807432,199.491797914904].
[375.729628654876,223.710165293197,199.131016366969].
[375.517448559458,223.803780990873,198.890636138283].
[375.568708518655,223.959390043689,198.745206147473].
[375.739796571219,224.193144665785,198.585933872797].
[375.84356672061,224.334924010937,198.489330354964].
[375.866720970662,224.366559258926,198.467775196559].
[375.866720970662,224.366559258926,198.467775196559].
[375.866720970662,224.366559258926,198.467775196559].
[375.866720970662,224.366559258926,198.467775196559].
[375.866720970662,224.366559258926,198.467775196559].
[375.866720970662,224.366559258926,198.467775196559].
[375.866720970662,224.366559258926,198.467775196559].
[375.866720970662,224.366559258926,198.467775196559].
[375.866720970662,224.366559258926,198.467775196559].
[375.866720970662,224.366559258926,198.467775196559].
[375.866720970662,224.366559258926,198.467775196559].
[375.866720970662,224.366559258926,198.467775196559].
[375.866720970662,224.366559258926,198.467775196559].
[375.866720970662,224.366559258926,198.467775196559].
[375.866720970662,224.366559258926,198.467775196559].
[375.866720970662,224.366559258926,198.467775196559].
[375.866720970662,224.366559258926,198.467775196559].
[375.866720970662,224.366559258926,198.467775196559].
[375.866720970662,224.366559258926,198.467775196559].
[375.866720970662,224.366559258926,198.467775196559].
[375.866720970662,224.366559258926,198.467775196559].
[375.866720970662,224.366559258926,198.467775196559].
[375.866720970662,224.366559258926,198.467775196559].
[375.866720970662,224.366559258926,198.467775196559].
[375.866720970662,224.366559258926,198.467775196559].
[375.866720970662,224.366559258926,198.467775196559].
[375.866720970662,224.366559258926,198.467775196559].
[375.863431545583,224.363551738496,198.453140169819].
[375.851978790238,224.350072967055,198.402185557173].
[375.842415224221,224.327850229876,198.359636162966].
[375.901244315011,224.300564452116,198.436593845137].
[376.133489834272,224.235678222371,198.64175570588].
[376.500804985636,224.133657478121,198.910635502655].
[376.718347721631,224.068792765898,199.050339682824].
[376.753047631793,224.041603422982,199.019749729763].
[376.729032993165,224.019539679982,198.912585747228].
[376.714467378554,224.006157343385,198.847587506203].
[376.711217350634,224.003171340476,198.833084438274].
[376.711217350634,224.003171340476,198.833084438274].
[376.711217350634,224.003171340476,198.833084438274].
[376.711217350634,224.003171340476,198.833084438274].
[376.711217350634,224.003171340476,198.833084438274].
[376.711217350634,224.003171340476,198.833084438274].
[376.711217350634,224.003171340476,198.833084438274].
[376.711217350634,224.003171340476,198.833084438274].
[376.711217350634,224.003171340476,198.833084438274].
[376.711217350634,224.003171340476,198.833084438274].
[376.711217350634,224.003171340476,198.833084438274].
[376.711217350634,224.003171340476,198.833084438274].
[376.711217350634,224.003171340476,198.833084438274].
[376.711217350634,224.003171340476,198.833084438274].
[376.711217350634,224.003171340476,198.833084438274].
[376.711217350634,224.003171340476,198.833084438274].
[376.711217350634,224.003171340476,198.833084438274].
[376.711217350634,224.003171340476,198.833084438274].
[376.711217350634,224.003171340476,198.833084438274].
[376.711217350634,224.003171340476,198.833084438274].
[376.711217350634,224.003171340476,198.833084438274].
[376.711217350634,224.003171340476,198.833084438274].
[376.711217350634,224.003171340476,198.833084438274].
[376.711217350634,224.003171340476,198.833084438274].
[376.711217350634,224.003171340476,198.833084438274].
[376.711217350634,224.003171340476,198.833084438274].
[376.711217350634,224.003171340476,198.833084438274].
[376.711217350634,224.003171340476,198.833084438274].
[376.691312427488,223.974522772723,198.86910776456].
[376.57894899096,223.814493123876,199.052074122454].
[376.328093480592,223.461025986834,199.414702977451].
[376.067786594278,223.098874230158,199.735168276825].
[375.944104754531,222.928444399647,199.867642079311].
[375.917674187405,222.893795075518,199.889163089512].
[375.902997520194,222.880288841033,199.889163089512].
[375.835760646809,222.811508768494,199.883200764601].
[375.62489625563,222.589549958951,199.856479478216].
[375.239512551041,222.242856116258,199.812423524972].
[374.752031660194,222.051265832674,199.751595788588].
[374.109164857523,222.080325323616,199.592778959489].
[373.520964195764,222.204921741271,199.340764487112].
[373.204579955094,222.217184270871,199.231045207131].
[372.947649267053,221.950315229227,199.390257420006].
[372.60524909158,221.482521345151,199.70898601151].
[372.397572887265,221.198790012033,199.902304674384].
[372.351234062537,221.135480994235,199.94543989859].
[372.298568316012,221.149264159715,199.896568704842].
[372.06253681543,221.2110360218,199.677543209966].
[371.624191148505,221.31288060475,199.304460993144].
[371.164161575192,221.377018075973,199.010176253557].
[370.712553996919,221.412833507479,198.764350349901].
[370.351987767294,221.483991566836,198.498814827739].
[370.002187713737,221.590038462067,198.282285467897].
[369.56570760238,221.661743395409,198.100142414624].
[369.034754417448,221.684159273525,197.877800033125].
[368.525946986152,221.686610478089,197.686150064359].
[368.240089115208,221.675373273049,197.56460216623].
[368.073794943002,221.62501161404,197.472237993076].
[367.796966004786,221.541979275603,197.423084195618].
[367.403774884232,221.505583891067,197.390400992784].
[367.035469674828,221.556939185687,197.282430223428].
[366.682541065672,221.663432087416,197.074249339119].
[366.29363222583,221.740793169456,196.882360050555].
[366.057457845718,221.779108719836,196.741733940792].
[365.932121523231,221.807892626979,196.581515864424].
[365.695996441284,221.87400027094,196.366008658547].
[365.33034639472,221.977560291862,196.112180649346].
[365.11081400784,222.040372619672,195.967860268615].
[365.061829711197,222.054387944436,195.93565803895].
[365.061829711197,222.054387944436,195.93565803895].
[365.061829711197,222.054387944436,195.93565803895].
[365.114516338547,222.040372619672,195.983744196311].
[365.350641420494,221.977560291862,196.199251402188].
[365.739945865645,221.87400027094,196.554562716508].
[365.972368616884,221.81118794313,196.754185994689].
[365.955717255817,221.793877302215,196.720642038069].
[365.672545847804,221.764732995607,196.556471231828].
[365.17915090868,221.675956193546,196.408118359627].
[364.795515789253,221.554964578379,196.345430858505].
[364.655706183366,221.487241736073,196.33498756967].
[364.613091162476,221.441178722687,196.356747145019].
[364.509168201663,221.299166145199,196.454266796036].
[364.337828205656,221.065026987987,196.615049518978].
[364.181148890366,220.937014262424,196.664457949248].
[363.921522966226,220.968069956623,196.470597992419].
[363.53170330342,221.071515647872,196.115101483339].
[363.299092144623,221.137638243342,195.915741334335].
[363.263484607913,221.166784465931,195.940499613452].
[363.291758228533,221.191756609418,196.060641107863].
[363.3089070463,221.206902980082,196.133510607727].
[363.312733464754,221.210282592194,196.149769990901].
[363.312733464754,221.210282592194,196.149769990901].
[363.312733464754,221.210282592194,196.149769990901].
[363.266358732449,221.192629708838,196.149769990901].
[363.028953714755,221.081812461637,196.145426826289].
[362.530575351114,220.809293511074,196.125962112915].
[362.000289682259,220.495927131092,196.093870225947].
[361.64998371386,220.3361934426,196.074405512573].
[361.516446063287,220.304490929796,196.07006234796].
[361.493247273241,220.304490929796,196.07006234796].
[361.493247273241,220.304490929796,196.07006234796].
[361.493247273241,220.304490929796,196.07006234796].
[361.493247273241,220.304490929796,196.07006234796].
[361.470047828579,220.272787522419,196.091866294088].
[361.366075130996,220.130702708086,196.189584801138].
[361.194653132918,219.896444452451,196.350695382253].
[361.03785551199,219.768379036216,196.400449029282].
[360.777911185729,219.79950621207,196.207289386491].
[360.38758486371,219.903096331092,195.852874345015].
[360.150839982112,219.965926914322,195.637910756097].
[360.098015058767,219.97994631242,195.589945896075].
[360.098015058767,219.97994631242,195.589945896075].
[360.098015058767,219.97994631242,195.589945896075].
[360.150839982112,219.965926914322,195.637910756097].
[360.38758486371,219.903096331092,195.852874345015].
[360.777911185729,219.79950621207,196.207289386491].
[361.014656067327,219.73667562884,196.422252975409].
[361.067480990672,219.722656230741,196.470217835431].
[361.067480990672,219.722656230741,196.470217835431].
[361.059609129767,219.71571799727,196.437055777146].
[361.024329896785,219.684622992155,196.288433742984].
[360.966164274954,219.63335599581,196.043397433967].
[360.930885041972,219.602260990695,195.894775399805].
[360.923013181067,219.595322757224,195.861613341521].
[360.923013181067,219.595322757224,195.861613341521].
[360.923013181067,219.595322757224,195.861613341521].
[360.923013181067,219.595322757224,195.861613341521].
[360.923013181067,219.595322757224,195.861613341521].
[360.923013181067,219.595322757224,195.861613341521].
[360.907684942665,219.584562122979,195.868624163824].
[360.835049569716,219.532824862357,195.909658100381].
[360.655238039997,219.437576733241,195.994933063564].
[360.334295850274,219.363404661589,196.037536147447].
[359.92208862053,219.336906828322,195.941449786857].
[359.669458814555,219.333395384584,195.784081910911].
[359.602639125981,219.333395384584,195.699321412415].
[359.628322059652,219.319426586581,195.730715300794].
[359.761347613751,219.225102777575,195.968340748113].
[359.980669674341,218.979727369667,196.421823503502].
[360.11369522844,218.68274270332,196.798608427576].
[360.139404143159,218.523106794757,196.944385133961].
[360.098369682533,218.443929481177,196.971249942001].
[359.96491035738,218.27577898219,196.994034377633].
[359.775469185358,218.025559598785,197.0315995613].
[359.667394209218,217.879821491603,197.054383996932].
[359.644165940582,217.848085650447,197.059467891704].
[359.644165940582,217.848085650447,197.059467891704].
[359.644165940582,217.851608500761,197.059467891704].
[359.595233940386,217.877777590291,197.028022308616].
[359.375935929918,217.950331511367,196.887092982581].
[359.014374635436,218.042823921397,196.654739805082].
[358.795076624967,218.096430054399,196.513810479047].
[358.746144624771,218.122765190024,196.482364895959].
[358.746144624771,218.149069492347,196.482364895959].
[358.75017067654,218.168565137192,196.499180878205].
[358.768214188753,218.187995948802,196.574544882041].
[358.797962911137,218.214162658021,196.69879911821].
[358.81600642335,218.230033569426,196.774163122046].
[358.82003247512,218.23357484843,196.790979104291].
[358.82003247512,218.23357484843,196.790979104291].
[358.82003247512,218.23357484843,196.790979104291].
[358.82003247512,218.23357484843,196.790979104291].
[358.82003247512,218.23357484843,196.790979104291].
[358.82003247512,218.23357484843,196.790979104291].
[358.82003247512,218.23357484843,196.790979104291].
[358.82003247512,218.23357484843,196.790979104291].
[358.82003247512,218.23357484843,196.790979104291].
[358.82003247512,218.23357484843,196.790979104291].
[358.82003247512,218.23357484843,196.790979104291].
[358.82003247512,218.23357484843,196.790979104291].
[358.81600642335,218.230033569426,196.774163122046].
[358.797962911137,218.214162658021,196.69879911821].
[358.768214188753,218.187995948802,196.574544882041].
[358.75017067654,218.172125037397,196.499180878205].
[358.746144624771,218.168583758394,196.465460489787].
[358.742097402706,218.165023858189,196.389700197401].
[358.723959011812,218.149069492347,196.264792591871].
[358.694053860928,218.122765190024,196.189032299486].
[358.675915470034,218.106810824183,196.172127893313].
[358.671868247969,218.103250923977,196.172127893313].
[358.671868247969,218.103250923977,196.172127893313].
[358.671868247969,218.103250923977,196.172127893313].
[358.671868247969,218.103250923977,196.172127893313].
[358.671868247969,218.103250923977,196.172127893313].
[358.671868247969,218.103250923977,196.172127893313].
[358.671868247969,218.103250923977,196.172127893313].
[358.675915470034,218.106810824183,196.189032299486].
[358.694053860928,218.122765190024,196.264792591871].
[358.723959011812,218.149069492347,196.389700197401].
[358.742097402706,218.165023858189,196.465460489787].
[358.746144624771,218.168583758394,196.482364895959].
[358.746144624771,218.168583758394,196.482364895959].
[358.742097402706,218.165023858189,196.482364895959].
[358.704779539411,218.12089347578,196.487227433967].
[358.584857139028,217.964738081066,196.525948559135].
[358.391687789173,217.699977090344,196.659539398155].
[358.203944790027,217.433517881005,196.920948141694].
[358.054891944665,217.207618317001,197.238282479975].
[357.983097391285,217.093835689619,197.477487408716].
[357.944769467318,217.037522288816,197.596676780993].
[357.840729365101,216.895350816413,197.71131680771].
[357.66919623557,216.660949685776,197.872521653153].
[357.565156133352,216.518778213372,197.970297334409].
[357.489002788293,216.487055469967,197.965987130773].
[357.251747276288,216.487055469967,197.848894456993].
[356.837352804038,216.469265909246,197.655841275089].
[356.496004402932,216.389538629397,197.53874860131].
[356.271445382154,216.258090567256,197.512621694257].
[356.114355159901,216.192309826093,197.464634594332].
[355.853611328139,216.237024315368,197.249571333082].
[355.462011060382,216.340076072102,196.894991959712].
[355.224493491635,216.402580122098,196.679928698462].
[355.171496158483,216.416526660783,196.631941598537].
[355.171496158483,216.416526660783,196.631941598537].
[355.171496158483,216.416526660783,196.631941598537].
[355.171496158483,216.416526660783,196.631941598537].
[355.171496158483,216.416526660783,196.631941598537].
[355.171496158483,216.416526660783,196.631941598537].
[355.171496158483,216.416526660783,196.631941598537].
[355.171496158483,216.416526660783,196.631941598537].
[355.171496158483,216.416526660783,196.631941598537].
[355.171496158483,216.416526660783,196.631941598537].
[355.171496158483,216.416526660783,196.631941598537].
[355.171496158483,216.416526660783,196.631941598537].
[355.171496158483,216.416526660783,196.631941598537].
[355.171496158483,216.416526660783,196.631941598537].
[355.171496158483,216.416526660783,196.631941598537].
[355.171496158483,216.416526660783,196.631941598537].
[355.171496158483,216.416526660783,196.631941598537].
[355.224493491635,216.402580122098,196.679928698462].
[355.462011060382,216.340076072102,196.894991959712].
[355.853611328139,216.237024315368,197.249571333082].
[356.086987507446,216.170881763301,197.447516040197].
[356.12142442081,216.140628589651,197.418783103154].
[356.090823461912,216.113743493732,197.292293146317].
[356.072263042123,216.097436858768,197.215573109349].
[356.068121652684,216.093798356697,197.198454555214].
[356.068121652684,216.093798356697,197.198454555214].
[356.068121652684,216.093798356697,197.198454555214].
[356.068121652684,216.093798356697,197.198454555214].
[356.068121652684,216.093798356697,197.198454555214].
[356.044881016204,216.062044651378,197.220257485317].
[355.940723709704,215.919734417306,197.317971438861].
[355.768997342978,215.685104507352,197.479074512513].
[355.664840036478,215.54279427328,197.576788466057].
[355.641599399998,215.511040567961,197.59859139616].
[355.641599399998,215.511040567961,197.59859139616].
[355.641599399998,215.514694258948,197.59859139616].
[355.592746039546,215.531068965911,197.589592718499].
[355.37380046796,215.558066293582,197.549263443177].
[354.989581537052,215.556620137483,197.48277170912].
[354.666487293265,215.480406261261,197.442442433798].
[354.422682435018,215.316972599302,197.455281080883].
[354.214382147421,215.094792110156,197.553149180525].
[353.996186430465,214.810581703164,197.714506398127].
[353.711539099679,214.508084713654,197.812374497768].
[353.151188084424,214.143730920159,197.829903742205].
[352.325574864295,213.775356575586,197.806284085464].
[351.526876447762,213.451245903359,197.75512558704].
[350.849265464993,213.170399565811,197.703955168424].
[350.415868902856,212.958023653588,197.680321236775].
[350.235181413388,212.832133729912,197.697867659858].
[350.107650797993,212.671776503485,197.795831123754].
[349.935744708111,212.436901843861,197.957345570432].
[349.831478394007,212.294443161609,198.055309034329].
[349.808213434642,212.262656333024,198.077167637717].
[349.808213434642,212.262656333024,198.077167637717].
[349.808213434642,212.262656333024,198.077167637717].
[349.808213434642,212.262656333024,198.077167637717].
[349.808213434642,212.262656333024,198.077167637717].
[349.808213434642,212.262656333024,198.077167637717].
[349.808213434642,212.262656333024,198.077167637717].
[349.808213434642,212.262656333024,198.077167637717].
[349.808213434642,212.262656333024,198.077167637717].
[349.808213434642,212.262656333024,198.077167637717].
[349.808213434642,212.262656333024,198.077167637717].
[349.808213434642,212.262656333024,198.077167637717].
[349.808213434642,212.262656333024,198.077167637717].
[349.808213434642,212.262656333024,198.077167637717].
[349.808213434642,212.262656333024,198.077167637717].
[349.808213434642,212.262656333024,198.077167637717].
[349.808213434642,212.262656333024,198.077167637717].
[349.808213434642,212.262656333024,198.077167637717].
[349.808213434642,212.258781836457,198.077167637717].
[349.833749498157,212.227596026602,198.1074444449].
[349.94819419491,212.105234053003,198.2649619489].
[350.136881600765,211.843271824864,198.586497523143].
[350.251326297518,211.542560339164,198.883464278863].
[350.276862361032,211.386268872588,199.011559633516].
[350.22360648925,211.354479530801,199.00702370374].
[349.98493023075,211.354479530801,198.888876529366].
[349.572607521757,211.340388535397,198.694084769903].
[349.249621348444,211.277237075303,198.575937595529].
[349.057361926777,211.17311791977,198.567553581945].
[348.973052011963,211.109966459677,198.648126214277].
[348.954239927168,211.095875464272,198.780968027039].
[348.954239927168,211.095875464272,198.861540659371].
[348.954239927168,211.095875464272,198.879518843726].
[348.954239927168,211.095875464272,198.879518843726].
[348.954239927168,211.095875464272,198.879518843726].
[348.954239927168,211.095875464272,198.879518843726].
[348.877710368465,211.077915572226,198.853363408959].
[348.534728681665,210.997424920336,198.73614288283].
[347.892647183805,210.846741778005,198.516699297666].
[347.206366790455,210.6856860763,198.282149897869].
[346.563833352057,210.534896872946,198.062551853416].
[346.225135517597,210.45433182313,197.963567006261].
[346.169154900388,210.436355330662,198.019599619022].
[346.251871660901,210.422527357767,198.184850430527].
[346.490842181904,210.36055468278,198.400194680699].
[346.855442733061,210.258379015326,198.638036312003].
[347.073793575902,210.196406340339,198.771168339042].
[347.122514234433,210.178602559896,198.800874109556].
[347.122514234433,210.160784226663,198.800874109556].
[347.171291048051,210.11762933273,198.830855168045].
[347.389893560529,210.038064846869,198.965220950191].
[347.75030817268,209.9322868441,199.18675267327].
[347.968910685157,209.870540691472,199.321118455417].
[348.017687498776,209.856763262548,199.351099513906].
[348.070977172818,209.842998247545,199.39927035204].
[348.309804922538,209.781307730255,199.615157070815].
[348.756806993431,209.693362277202,199.975584073067].
[349.257506752232,209.697622660449,200.211593472452].
[349.831702053561,209.836438913597,200.314759421788].
[350.374003646432,210.107615173871,200.432665475308].
[350.95634729567,210.538885096588,200.576554559435].
[351.913910665793,211.030389507857,200.602578585524].
[353.271282112199,211.599857241271,200.588254516069].
[354.582163074999,212.442824251416,200.712161580054].
[356.097029522571,213.395739795095,200.839966390075].
[358.250183919479,214.293498514329,200.879283116845].
[360.668666946264,215.383108287776,200.88020557587].
[362.962243957383,216.802867320903,200.762816419492].
[365.281215308699,218.350839164543,200.500873680624].
[367.807666520849,220.161573540034,200.236675953947].
[370.619283547077,222.079235150597,199.998745792761].
[373.22196514507,223.760305457179,199.819994727707].
[375.332286096411,224.991230509439,199.72978175691].
[377.138311391102,225.902394294499,199.697179697244].
[378.688703449477,226.563893997859,199.663857740566].
[379.723145826119,226.90662857249,199.610699616827].
[380.052438237167,226.988230004572,199.545059669734].
[379.78446468718,226.921783016401,199.414665617868].
[379.228821931387,226.792731521252,199.21990889945].
[378.891807564151,226.714457832763,199.102724509145].
[378.816609494418,226.696992612115,199.07657713737].
[378.816609494418,226.696992612115,199.07657713737].
[378.816609494418,226.696992612115,199.07657713737].
[378.816609494418,226.696992612115,199.07657713737].
[378.816609494418,226.696992612115,199.07657713737].
[378.816609494418,226.696992612115,199.07657713737].
[378.773560209662,226.636745326446,199.119917859629].
[378.580626700684,226.366735724747,199.32809282478].
[378.262533120602,225.921565151132,199.710793641746].
[378.069599611625,225.651555549433,200.008002173068].
[378.026550326869,225.591308263764,200.113796684152].
[377.97440541624,225.591308263764,200.101805484894].
[377.717628274961,225.591308263764,199.963905671567].
[377.199778413155,225.573846244084,199.670812081441].
[376.618892052112,225.478108863494,199.375211286922].
[376.041229488233,225.270749889307,199.220641474].
[375.546437213691,225.063344344445,199.179911021635].
[375.310350785308,224.967551193597,199.175665913547].
[375.26416841678,224.950073155755,199.175665913547].
[375.26416841678,224.950073155755,199.175665913547].
[375.26416841678,224.950073155755,199.175665913547].
[375.188805536384,224.932579077701,199.171416790176].
[374.851052539001,224.854176059289,199.152373540407].
[374.271088174684,224.693328959898,199.120976529449].
[373.8297910698,224.473383555522,199.101933279679].
[373.583712816912,224.222525535024,199.097684156309].
[373.404724966684,224.063458263471,199.093431011955].
[373.020389625339,223.921736790832,199.074369741393].
[372.359332267048,223.650631975668,199.042943019171].
[371.850410482231,223.338611424963,199.023881748609].
[371.648250647519,223.14787518902,199.04136443299].
[371.498414860582,222.94306095761,199.160514099161].
[371.22399852988,222.567954509356,199.418537323052].
[370.949580308787,222.192845477082,199.676562324405].
[370.799740307412,221.988025484854,199.817451170646].
[370.673014823149,221.81480129596,199.936606316825].
[370.479075290572,221.549700567244,200.118960272609].
[370.271856270238,221.266447779303,200.313800424947].
[370.077912583103,221.00134137162,200.496158287104].
[369.928062201452,220.796507190335,200.637056893524].
[369.697712791817,220.481636902973,200.853645669939].
[369.309805149485,219.951396382691,201.214205132794].
[368.872210151666,219.353236991139,201.589381160265].
[368.305030478336,218.663636826768,201.941992385277].
[367.538107809226,218.00101215947,202.152803335428].
[366.53006144124,217.349515060378,202.221876696042].
[365.432856295698,216.652937727398,202.227234563827].
[364.431108230995,216.141064229186,202.1895163115].
[363.744022755862,215.888299185037,202.104219878183].
[363.384661612792,215.837553264863,201.94494526342].
[363.258848497319,215.964991389403,201.755020676749].
[363.236772472025,216.198870794651,201.629881898751].
[363.236772472025,216.340725824608,201.587467398579].
[363.236772472025,216.372377960161,201.581538189703].
[363.233031180011,216.369006916191,201.581538189703].
[363.216263872481,216.353898945277,201.581538189703].
[363.165447854996,216.297323474623,201.587467398579].
[363.044833533273,216.140295479853,201.614040269194].
[362.86987746006,215.902937873815,201.6578515262].
[362.769784759402,215.764403396027,201.700266026371].
[362.763439024433,215.747909723188,201.777192493289].
[362.79117985776,215.772925713013,201.894247182782].
[362.831163903085,215.819750813377,201.943473602391].
[362.938706872405,215.964991389403,201.861745103292].
[363.109825436854,216.198870794651,201.700879156792].
[363.213614092638,216.340725824608,201.603309028136].
[363.236772472025,216.372377960161,201.581538189703].
[363.236772472025,216.372377960161,201.576231280539].
[363.236772472025,216.372377960161,201.552447363741].
[363.305194254837,216.383457639254,201.513234314214].
[363.611839411039,216.433113315947,201.489450397415].
[364.117411802625,216.514981686322,201.484143488251].
[364.424056958827,216.564637363015,201.484143488251].
[364.522009973012,216.53023659289,201.553935040627].
[364.707015960769,216.326407360712,201.893060773792].
[365.161212561194,215.990349770031,202.548503913216].
[365.705791937044,215.804356717029,203.153154670987].
[366.082189971461,215.84531960445,203.510055558743].
[366.337843536357,216.006275054589,203.67285966001].
[366.592963490977,216.183603362182,203.759242963406].
[367.195774132768,216.507042877316,203.802609383354].
[368.450520311409,217.189498409443,203.856354336923].
[370.025391553263,218.135054177215,204.005544153715].
[371.600493808739,219.045820544225,204.184026725352].
[373.058216937416,219.694443832002,204.14691144608].
[374.176837605203,220.290554564526,203.901964342601].
[375.584799004395,221.28507863952,203.685033266476].
[377.546336813886,222.705110980569,203.418846782517].
[379.352720117156,224.395628691821,202.86615841376].
[381.045914741416,226.349365508034,202.064275035563].
[382.937575565366,228.158025852508,201.340549521357].
[384.813570574954,229.460767831938,200.838348622917].
[386.24683718276,230.489476351429,200.601597981558].
[387.515377771356,231.30027367108,200.478019918062].
[388.77086847134,231.777045977377,200.346007230525].
[389.520662409478,232.0554742508,200.265937488063].
[389.735404774379,232.185677531552,200.248071513604].
[389.652495316149,232.214657968108,200.209855055695].
[389.146382749644,232.182849174177,200.038580773979].
[388.189363326952,232.040292050074,199.756197222589].
[387.406800019168,231.805255087277,199.584922940872].
[387.109605674049,231.662697963175,199.559282701674].
[387.02309468591,231.570548341466,199.646525973692].
[386.826572233419,231.297588664067,199.87784947265].
[386.49483546751,230.840384424023,200.162390439243].
[386.134288045259,230.519525442033,200.275960528718].
[385.421804658205,230.305640077547,200.139211395115].
[384.335835556546,230.068657670454,199.862836737061].
[383.632822675047,229.892134325648,199.695207033384].
[383.176493606408,229.706587422433,199.607686019557].
[382.372342938778,229.452985510081,199.383073752139].
[381.400709176223,229.299168174878,199.012750729187].
[380.867394522959,229.233365477433,198.796399062415].
[380.657642621474,229.089544853021,198.79144568108].
[380.451127909111,228.813193683896,198.894365661169].
[380.219643506397,228.508018029056,199.023938837129].
[379.953447390352,228.156203533003,199.175281270415].
[379.595364848275,227.67800825925,199.42401230621].
[379.091959517669,226.995779414874,199.806169733546].
[378.585799124775,226.30502737983,200.228114077732].
[378.162875221092,225.726725287909,200.613561813154].
[377.843222567136,225.303768820383,200.893440747367].
[377.561552357403,225.03900876427,201.012643028519].
[377.0887930045,224.780935103259,201.052431316761].
[376.394169185665,224.428517584017,201.129585838211].
[375.744938065764,224.027358337658,201.246290306117].
[375.206453471383,223.703957197998,201.299760549006].
[374.568394704019,223.386422622461,201.304896547575].
[373.94771511537,222.947392834787,201.339305372617].
[373.458943015841,222.413644685623,201.463062733493].
[372.889788979373,221.753692921299,201.638557185671].
[372.11101857571,221.222452893015,201.70599672229].
[371.160926470705,220.992594987107,201.581245494934].
[370.423801198043,220.945649301429,201.340114395077].
[370.12588487195,220.9422131316,201.193860990004].
[370.053870065149,220.910638312302,201.183014491565].
[369.927272191246,220.737554142917,201.302444881402].
[369.653119687192,220.362733800474,201.561075926492].
[369.378965423352,219.987911052057,201.819708631738].
[369.252365442033,219.81482400142,201.939141009677].
[369.202719300851,219.762526262719,201.96092862795].
[369.080253075687,219.666461480634,201.952824699491].
[368.81955707996,219.488225028907,201.890570129299].
[368.452018475309,219.320180671882,201.714455874759].
[368.009298317814,219.173513125765,201.486499329126].
[367.656717743219,219.019429462075,201.362161528127].
[367.421027276095,218.863989353516,201.336226245532].
[367.313825311099,218.781688521624,201.336226245532].
[367.343178111307,218.764029436161,201.362161528127].
[367.578400310613,218.764029436161,201.500135509497].
[367.989337486997,218.781688521624,201.789205175654].
[368.403719416433,218.864524991217,202.070249300955].
[369.017953031964,219.014635455326,202.259920367932].
[369.917776999895,219.137893413036,202.540409014161].
[370.684732464899,219.208496728091,202.978906818257].
[371.13621614107,219.300569927601,203.328155241373].
[371.732713375594,219.616518430866,203.513983790946].
[372.826683520473,220.354305591393,203.615798973597].
[374.260497023662,221.4311148199,203.608144690422].
[376.170170820284,222.830288930027,203.449727010936].
[378.693464969178,224.77712937466,203.11671747817].
[381.674209620264,227.262065584227,202.528512635467].
[384.95023501517,230.070095261346,201.671223519214].
[388.577286410347,232.990611556867,200.762346810327].
[392.457674915851,235.725306294443,200.138685371413].
[396.156176882409,238.223339981453,199.552441579358].
[399.338423634574,240.649313585915,198.675721722558].
[401.647056882931,242.641327669474,197.747225015327].
[402.892640143812,243.892283200396,196.947856585107].
[403.377170896672,244.486910261748,196.332352232837].
[403.38625060383,244.682446807386,195.940190822766].
[402.861867655021,244.727098014177,195.631249456524].
[401.932771294826,244.783732744916,195.249481111627].
[401.265859342666,244.992856777718,194.807159407998].
[400.967791108239,245.335805928623,194.427438338169].
[400.867389194697,245.551654342157,194.249984920323].
[400.845958051206,245.61274135297,194.215204520005].
[400.845958051206,245.621807570933,194.215204520005].
[400.845958051206,245.623830517599,194.215204520005].
[400.843761977258,245.623830517599,194.204333729259].
[400.783058114189,245.621807570933,194.1321694554].
[400.538884685307,245.596339468467,193.946772404227].
[400.130363907464,245.507883655553,193.724818180971].
[399.797777126534,245.377622992864,193.608875221713].
[399.578013466163,245.302091899685,193.585430451925].
[399.475569274467,245.285690015181,193.585430451925].
[399.452710885568,245.285690015181,193.585430451925].
[399.452710885568,245.285690015181,193.585430451925].
[399.452710885568,245.285690015181,193.585430451925].
[399.429852112091,245.269274484454,193.585430451925].
[399.276483504458,245.180830897241,193.583894924281].
[398.856490167385,244.976445024768,193.577013166818].
[398.275282305993,244.719340551936,193.543738318925].
[397.781371230799,244.498428273735,193.458970647683].
[397.29697096824,244.336236187431,193.386792599792].
[396.705518558131,244.166997322524,193.439191783754].
[396.271993821103,243.952956241112,193.508653264552].
[396.029083428273,243.70511331611,193.529045180936].
[395.926544945992,243.564761778599,193.529045180936].
[395.903665518019,243.533445117557,193.529045180936].
[395.857905506289,243.47081021347,193.572922380769].
[395.652823361861,243.190100048405,193.769566347698].
[395.3147000681,242.727287228359,194.093777438728].
[395.086737339894,242.415258820222,194.312360559707].
[394.915552696865,242.195756525616,194.454562226458].
[394.643941390788,241.875547121038,194.637110478727].
[394.321254825289,241.546830469402,194.827034450694].
[393.921147817695,241.284238688201,194.999995657105].
[393.31569368655,240.986887448805,195.091595162154].
[392.748504903801,240.618478453353,195.112033774386].
[392.395308197694,240.356114733402,195.112033774386].
[391.915074737208,240.093609401323,195.112033774386].
[391.1758839653,239.708363151002,195.110531587447].
[390.615888712302,239.336636872378,195.103799252664].
[390.19586266774,238.968013756453,195.102271565655].
[389.60004642678,238.608019869543,195.13843821209].
[388.670253768407,238.252863077745,195.207664487976].
[387.665012432694,237.871449366052,195.29456528688].
[386.977470196849,237.430526766775,195.50133980883].
[386.529370697204,236.911959032654,195.848473143878].
[386.207769394987,236.467379292515,196.166280990187].
[385.866971908312,236.000920989249,196.480762068932].
[385.457029068245,235.445511695181,196.805615880528].
[385.039053050608,234.882816992004,197.093475258688].
[384.731728513275,234.467886158719,197.319580036837].
[384.603320772126,234.293411218411,197.4273874347].
[384.534543146399,234.19927909457,197.493325616328].
[384.329048124207,233.918029448728,197.690336896575].
[383.990244110097,233.454327175252,198.015153584888].
[383.710414639163,233.156341711683,198.188744455897].
[383.259924344595,233.004445647728,198.127740622303].
[382.387345626853,232.814816622249,197.95468590458].
[381.492885976058,232.594866943669,197.861494501587].
[380.963970352306,232.335093383989,197.912852435418].
[380.628645053347,231.955899961766,198.098527962796].
[380.320605970447,231.544189951488,198.31400444322].
[379.940696257678,231.158912999578,198.423271456689].
[379.34803242545,230.757084239186,198.439918887315].
[378.687486709048,230.473551744481,198.429857964323].
[378.054055501509,230.276258911038,198.419104804885].
[377.349274184895,230.054059857721,198.409037410999].
[376.84580488575,229.797679465819,198.403658561734].
[376.645470830123,229.623304854003,198.424499051549].
[376.496666519596,229.41964407419,198.531567194281].
[376.224140531909,229.046651820304,198.731574333263].
[375.948519651032,228.670879844014,198.891599432754].
[375.808805774126,228.486186450796,198.950787473478].
[375.762987311052,228.43423627623,198.959076171517].
[375.7491217461,228.42178497237,198.959076171517].
[375.746027920371,228.419006710945,198.959076171517].
[375.875160556415,228.423999340279,199.005906941734].
[376.473862191914,228.475082762563,199.215787892772].
[377.517526730803,228.640633955285,199.576313818953].
[378.344106043613,228.913961313704,199.85113775162].
[379.066454032807,229.221624186727,200.018999490242].
[380.070572389923,229.549252964802,200.146498305654].
[380.966639139117,229.827850277571,200.26412617731].
[381.561145370394,230.245416308353,200.282626703736].
[382.253566399054,231.082786633532,200.023631894539].
[383.411343536342,232.534094655852,199.284492438494].
[385.335502393186,234.758822137231,198.105793772492].
[387.918958719842,237.557780704599,196.726414254114].
[390.670201471294,240.450067188046,195.398359387657].
[393.553311557191,243.114459035122,194.372401004683].
[396.513060827282,245.307358620083,193.734806597157].
[399.198335515161,246.809936094479,193.402682177194].
[401.262006443693,247.804652837647,193.210433963564].
[402.660818084442,248.566848507265,192.974314718972].
[403.421858989414,249.163279051825,192.5777850031].
[403.761677625732,249.556516567175,192.191726475332].
[403.82458227606,249.732266531058,191.968760721541].
[403.618438509538,249.829221576263,191.735961547606].
[403.244418319432,249.940749756236,191.405762077223].
[402.996886687188,249.979102159691,191.227498953255].
[402.85146037494,249.860963624069,191.281466640183].
[402.689083686562,249.635774378337,191.454821972482].
[402.559930917647,249.460795778658,191.623469221].
[402.437033609025,249.291523487529,191.823309373235].
[402.259368738115,249.057064011965,192.034096678037].
[402.064520465606,248.838413074271,192.154027147975].
[401.824675183896,248.622236066043,192.2229760241].
[401.474873659788,248.438359107568,192.278037754147].
[400.934822586194,248.34041128897,192.225084452425].
[400.305720804482,248.245789903256,192.092980283882].
[399.663363139944,248.037757234665,192.09206303155].
[399.144889597956,247.715183948975,192.232917703069].
[398.800551601376,247.3666354377,192.331865667274].
[398.499658095987,247.054256599897,192.375826524229].
[397.955804705108,246.68842117658,192.474093399218].
[397.184985175415,246.257599012494,192.658554918137].
[396.538747542597,245.751558650596,192.878095193142].
[395.995429668236,245.176695415597,193.160985433896].
[395.24398856798,244.528032083084,193.432223933861].
[394.269917771028,243.82447883053,193.621203749498].
[393.502746242422,243.161550985502,193.817152508108].
[392.947987644349,242.576323982765,194.046513499492].
[392.275083915804,242.035725460236,194.253096587447].
[391.325885927245,241.446755859068,194.436662273641].
[390.280652520388,240.775183735148,194.5565052105].
[389.279783924579,240.200760384261,194.672952928681].
[388.379848602522,239.728761634012,194.831172193756].
[387.529113561989,239.276910736318,194.938042546543].
[386.868368862219,238.75815971586,195.001730982389].
[386.326297486163,238.195141565051,195.091236027313].
[385.664792279048,237.675853061431,195.23095189363].
[384.886643464027,237.239433824194,195.401056840759].
[384.339648770592,236.871251760466,195.510400352754].
[383.988987257304,236.5597735238,195.587542541148].
[383.477254591575,236.234110432019,195.688961235131].
[382.824763012105,235.958966575046,195.800403487159].
[382.353852710994,235.690540369691,195.949150482984].
[381.974954751613,235.261528693904,196.147243631972].
[381.559251409025,234.701058385527,196.413980423297].
[381.138933929235,234.125575617587,196.81021587626].
[380.711140832663,233.532522457242,197.308579879418].
[380.187987305959,232.816287229086,197.813254309479].
[379.556809672788,231.960905077315,198.320504743978].
[378.89504078655,231.061037915051,198.864932246276].
[378.125287728834,230.093660032328,199.440638616271].
[377.202298712791,229.211378189448,199.920111363798].
[376.276165579634,228.586860254306,200.226213261101].
[375.625067122716,228.142614708094,200.348302510993].
[375.27860096703,227.861858604261,200.351623314921].
[375.152934649045,227.792533545088,200.271963230939].
[375.130551781662,227.97266416061,200.137692315379].
[375.139071981721,228.391507894457,200.041617050263].
[375.222141949534,228.881209975448,200.01395383853].
[375.50750812157,229.409153046507,200.050706913831].
[376.046873549119,230.044064945527,200.086722780367].
[376.879180025372,230.754837902535,199.995404907413].
[378.271011020961,231.911312534587,199.674678196634].
[380.241187004278,233.736606176138,199.168404832637].
[382.863450338527,236.037292190123,198.543653727401].
[386.295938456247,238.779877377204,197.678749469591].
[390.575413150721,241.992706935957,196.514335828625].
[395.384586172912,245.565689064011,195.132501634079].
[400.421417305719,249.37365955263,193.576903461182].
[405.316672908114,253.165572569098,191.900738581062].
[409.561998832501,256.657232980273,190.195719923786].
[412.887343095173,259.517637258174,188.679986871856].
[415.332418258137,261.329114838634,187.824858297275].
[416.62883944748,262.124708168831,187.510313736048].
[416.964470902458,262.308735347016,187.3554674635].
[416.797311702803,262.197793813218,187.276563076169].
[416.426997221175,261.937754151855,187.265095507099].
[416.041861237816,261.644019311431,187.275746253403].
[415.501773608315,261.313723612596,187.283648754624].
[414.768247115617,261.01303776406,187.291554999606].
[413.992775016846,260.703316773351,187.302213691151].
[413.170103867274,260.280868538804,187.335081953944].
[412.491929440701,259.742782484666,187.455877112193].
[411.797272398629,258.997925742281,187.672577020309].
[410.91607230805,258.253903284661,187.902136181825].
[409.800811081764,257.654780007318,188.181589621357].
[408.587394349557,256.988267300428,188.483337156249].
[407.623309820725,256.163951610369,188.766892578535].
[406.856175742743,255.295139626643,189.158312932382].
[405.895945164727,254.358132997788,189.624593054475].
[404.723709583245,253.380014810705,190.017607167198].
[403.690136227228,252.437511933334,190.370878083508].
[402.744561769137,251.616084406787,190.635624317416].
[401.751525371653,250.884558472606,190.848257266665].
[400.980551809885,250.207554940262,191.170344768824].
[400.313885893468,249.463121578234,191.633565267363].
[399.398933690468,248.588207694305,192.107957154785].
[398.314237387562,247.726292062752,192.455512875732].
[397.364444559275,246.890392356029,192.788573112916].
[396.35431671113,245.979807181617,193.15213604423].
[395.185319085103,245.102835147664,193.438064080911].
[393.998803411914,244.326322253426,193.573417828982].
[392.61229523983,243.515627581878,193.683669191255].
[391.209851501198,242.603298249132,193.918492427658].
[390.209834292874,241.70189570788,194.215859056304].
[389.487536123886,240.968077156122,194.400521338993].
[388.509455642265,240.388572966991,194.554899449767].
[387.253614951243,239.91917448367,194.814934175674].
[386.383252573912,239.478312563774,195.091671150405].
[385.822223742019,238.954367355927,195.277604039518].
[385.09328838992,238.418371552075,195.413653637085].
[383.908708856225,237.799220862528,195.52638317331].
[382.71344683861,237.170656927539,195.646443645647].
[381.968471125325,236.620460279648,195.78974254682].
[381.421383964287,236.066133142043,195.948086186394].
[380.712791554151,235.614113347485,196.037198653838].
[379.702011768265,235.227566582219,196.063766073403].
[378.796143383257,234.878784393926,196.108988941813].
[378.187510902791,234.484351941741,196.2461032738].
[377.527718899882,233.871686140783,196.481996889129].
[376.357294230695,233.047698488075,196.792141408436].
[374.783396590284,232.149940785138,197.147512758901].
[373.529971012974,231.196140758099,197.360410017402].
[372.689757413951,230.386063641697,197.465122900063].
[371.773262598452,229.894957451914,197.666375295369].
[370.584421478211,229.526591503576,197.987089018209].
[369.713546323371,229.097977849563,198.186917585508].
[369.226451090696,228.601326521191,198.241835314419].
[369.021078934726,228.32002938617,198.249081395438].
[368.975254212674,228.257263511383,198.250698214656].
[368.975254212674,228.257263511383,198.250698214656].
[368.975254212674,228.257263511383,198.250698214656].
[369.027597083542,228.295755250614,198.250698214656].
[369.364684694233,228.498233202652,198.281545938815].
[370.259692362473,228.952405979269,198.419795847021].
[371.496582878188,229.539228216316,198.647731411353].
[372.608179989135,230.207907193125,198.775219637431].
[373.81585930348,231.125831822924,198.724161134981].
[375.778281911076,232.579549069705,198.457201363692].
[378.696450501853,234.699244181547,197.916704076517].
[382.362433955049,237.432397519732,197.055539336667].
[386.490757935284,240.591677845315,195.893460025232].
[391.280146955522,244.046677382176,194.638950279713].
[396.642145237695,247.75720811677,193.334765648618].
[401.947920957648,251.64277493664,191.787653775513].
[406.739577959822,255.501622490152,189.973109097547].
[410.785251045843,259.016841699971,188.135569221719].
[414.040527154795,261.728505321928,186.81359032567].
[416.330002969995,263.257836580415,186.26810265116].
[417.506106118503,263.810905161902,186.132249044194].
[417.864781915591,263.924862204486,186.105536578535].
[417.880425282994,263.86464791545,186.186225956779].
[417.767582069827,263.747158124693,186.298836020928].
[417.579548180602,263.596564672584,186.356407917934].
[417.373887265578,263.387357910948,186.385092128061].
[417.172043316197,263.131693867233,186.417753941513].
[417.056421313045,262.979672073458,186.437564332773].
[417.072828713062,262.92618132847,186.467306405657].
[417.279836345657,262.853221538205,186.580790737372].
[417.623883548825,262.729682631735,186.76789476896].
[417.832558725934,262.641920418517,186.881379100674].
[417.879120451622,262.60847514133,186.906700877784].
[417.879120451622,262.600230027048,186.906700877784].
[417.879120451622,262.59872461665,186.906700877784].
[417.879120451622,262.59872461665,186.906700877784].
[417.879120451622,262.59872461665,186.906700877784].
[417.879120451622,262.59872461665,186.906700877784].
[417.879120451622,262.59872461665,186.906700877784].
[417.883626895222,262.583181938256,186.949994495755].
[417.903823374254,262.482436550931,187.145039814759].
[417.937121738826,262.228226957953,187.469495698766].
[417.907417750735,261.92869134753,187.670020526608].
[417.638348077485,261.773545784773,187.67102124999].
[417.045825308631,261.742290189779,187.474981353189].
[416.453194177494,261.742252779877,187.157919870387].
[416.179488292447,261.742252779877,186.967359482425].
[416.084138691633,261.680029685543,186.96939382373].
[415.880616845725,261.401165123744,187.168054712363].
[415.545066049325,260.941395189061,187.495591145109].
[415.341544203418,260.662530627262,187.694252033742].
[415.296132341347,260.600307532928,187.738579269638].
[415.296132341347,260.600307532928,187.738579269638].
[415.296132341347,260.600307532928,187.738579269638].
[415.296132341347,260.600307532928,187.738579269638].
[415.296132341347,260.600307532928,187.738579269638].
[415.24614000865,260.600307532928,187.738579269638].
[415.022089917603,260.600307532928,187.738579269638].
[414.65269376679,260.553580118564,187.739597599558].
[414.383213961113,260.344162376323,187.744161437632].
[414.12961977289,259.983394427096,187.75270503848].
[413.698442486492,259.67325988725,187.761836183544].
[413.066863631468,259.371901648855,187.770384729649].
[412.028899402548,258.946380892846,187.77495203664].
[410.264771043528,258.230364126324,187.735626808716].
[407.823932396316,257.275164620648,187.554816057551].
[406.166626613881,256.714770905872,187.256709526134].
[405.654428805777,256.589730166547,187.075898774969].
[405.560705133913,256.52920596895,187.079982948605].
[405.36594285434,256.257955334086,187.279097696117].
[405.042772291761,255.808895874081,187.617823589021].
[404.838769443742,255.529386523261,187.874123984222].
[404.761449143597,255.427758780834,188.042274624473].
[404.595727572254,255.296120164324,188.165852500743].
[404.078582451561,255.0903180584,188.181242560703].
[403.230327219381,254.965719710876,188.00509352282].
[402.512939333946,254.937377790747,187.697540079296].
[402.191790071214,254.905999849612,187.533275933246].
[402.039499338382,254.766228369744,187.591489209666].
[401.871331991693,254.53578415785,187.766849277855].
[401.771486194755,254.397921573115,187.925607207015].
[401.760518289246,254.377189256477,188.075362261533].
[401.786028519152,254.399808689009,188.191985395716].
[401.834249730512,254.453569025783,188.191129360427].
[401.947921850924,254.603674237245,188.070669742245].
[402.140837162973,254.867037596478,187.914544592].
[402.367410599132,255.177567864198,187.729428201507].
[402.660098843527,255.578711795415,187.452844438196].
[402.930046226602,255.948688234655,187.187875052528].
[403.054702829993,256.119536367076,187.065517194327].
[403.077443363994,256.150703410448,187.043196009896].
[403.054702829993,256.119536367076,187.0450676362].
[402.952786827303,255.979855369442,187.05345568335].
[402.71177000186,255.733950651391,187.087734793233].
[402.282754588069,255.524311893999,187.187771401534].
[401.697969278403,255.346625455501,187.342625779717].
[401.268915837723,255.136935135411,187.442699108186].
[401.005087230844,254.859766764796,187.499368202717].
[400.80117887254,254.580301234136,187.607866592133].
[400.587586430738,254.305062384595,187.774739921202].
[400.335605662559,254.090395159925,187.8748135433].
[399.908804323569,253.897067023718,187.887741572639].
[399.332184904736,253.735071481398,187.836528876956].
[398.819075536008,253.660321592976,187.726374370852].
[398.475720473887,253.677876013059,187.594768932781].
[398.331871954218,253.848800781615,187.421946609006].
[398.304352431865,254.218942875105,187.1470844596].
[398.276813179458,254.604706597386,186.838799517055].
[398.153390812942,254.84564302668,186.525587769321].
[397.949901731986,254.992253976119,186.189153070224].
[397.82647936547,255.062265774595,185.998675202626].
[397.798940113063,255.077887518402,185.956173845524].
[397.801229258449,255.079875930271,185.967438411407].
[397.811488496304,255.08878737401,186.017922693204].
[397.828403119977,255.103479860857,186.101157202439].
[397.838662357832,255.112391304597,186.151641484236].
[397.840951503218,255.114379716465,186.162906050119].
[397.840951503218,255.114379716465,186.162906050119].
[397.840951503218,255.114379716465,186.162906050119].
[397.840951503218,255.114379716465,186.162906050119].
[397.840951503218,255.114379716465,186.162906050119].
[397.840951503218,255.114379716465,186.162906050119].
[397.840951503218,255.114379716465,186.162906050119].
[397.840951503218,255.114379716465,186.162906050119].
[397.840951503218,255.114379716465,186.162906050119].
[397.840951503218,255.114379716465,186.162906050119].
[397.840951503218,255.114379716465,186.162906050119].
[397.840951503218,255.114379716465,186.162906050119].
[397.840951503218,255.114379716465,186.151641484236].
[397.861417692816,255.143583460554,186.078759430282].
[397.953140791052,255.274465561247,185.89514507037].
[398.104366614127,255.490253664615,185.679162393612].
[398.196089712362,255.621135765308,185.567517977053].
[398.239311208064,255.681531625765,185.522722461166].
[398.341293414719,255.821324992774,185.42234273789].
[398.509433648065,256.051805290464,185.256844552979].
[398.611415854721,256.191598657472,185.156464829703].
[398.634171160824,256.222790773841,185.134067085973].
[398.634171160824,256.222790773841,185.12279298357].
[398.654654547584,256.252015584315,185.070221167543].
[398.76921930745,256.39855388328,184.977752059213].
[399.072891863494,256.684240730351,184.912115936346].
[399.558311227717,256.930204148452,184.891677700733].
[400.052457291002,257.029172041919,184.889632906222].
[400.300632246548,257.044733827196,184.889632906222].
[400.398998866784,257.027190818896,184.921372700352].
[400.614437107337,256.948568510336,185.063620588798].
[400.96963471706,256.818942237862,185.298147708191].
[401.182873815205,256.738396897983,185.440395596637].
[401.221088711827,256.712235461233,185.461147458992].
[401.204839125203,256.698026074928,185.411902965248].
[401.194983252707,256.689407646478,185.330712520949].
[401.190574470042,256.685552404036,185.270427643325].
[401.180671549452,256.676892834567,185.209960143784].
[401.164344393634,256.662615618189,185.128382127942].
[401.154441473044,256.653956048721,185.078902560176].
[401.152231832787,256.652023837599,185.067862176296].
[401.152231832787,256.652023837599,185.067862176296].
[401.152231832787,256.652023837599,185.067862176296].
[401.152231832787,256.652023837599,185.067862176296].
[401.152231832787,256.652023837599,185.067862176296].
[401.202581199355,256.636485517998,185.111029503766].
[401.428231405202,256.566847600874,185.304492043487].
[401.80026569932,256.452034085664,185.623457847809].
[401.975566538599,256.38239616854,185.796045563563].
[401.80026569932,256.36685784894,185.745658420617].
[401.405455589332,256.35118624927,185.591413175272].
[401.05495533738,256.249740948912,185.497858704856].
[400.661051375576,255.978373918335,185.478394378459].
[399.989435177148,255.591479523218,185.505597898883].
[398.949955268879,255.187104451356,185.612446013425].
[397.661367286923,254.595530239098,185.788631896629].
[396.015610033296,253.564034534777,185.961999021035].
[394.016363543123,252.246475665922,186.218168506052].
[392.22114976584,251.011360406163,186.593924495644].
[390.459579451813,249.859481415333,186.93791910229].
[388.445149944759,248.574131914057,187.28223619114].
[386.314521887891,247.136882499929,187.668396762731].
[384.415148171418,245.645505633191,188.121085387256].
[383.044228084099,244.335533072186,188.597032093506].
[382.004999043579,243.471602914108,188.86169061805].
[380.851134085125,242.903477864256,188.928018129614].
[379.781612062769,242.449647344863,188.933774640845].
[379.250862388829,242.189643588591,188.957158722804].
[379.028574135766,241.970340673505,189.079585816505].
[378.756895972518,241.598152391904,189.344705309904].
[378.485217387321,241.225963532251,189.609825215064].
[378.359761120462,241.054093434853,189.732252801866].
[378.33687466879,241.022739906039,189.754586744354].
[378.33687466879,241.022739906039,189.754586744354].
[378.33687466879,241.022739906039,189.754586744354].
[378.33687466879,241.022739906039,189.754586744354].
[378.310948989234,240.988778026592,189.763190502716].
[378.194758154526,240.83657144267,189.801749872535].
[378.003191853882,240.585625210216,189.86532352574].
[377.887001019174,240.433418626294,189.903882895559].
[377.861075339618,240.399456746847,189.912486653922].
[377.838177617779,240.368090812863,189.920979391476].
[377.732492128003,240.224885440832,189.959041200547].
[377.54956310983,239.981320469561,190.021794514764].
[377.424295034856,239.821292658447,190.059856323835].
[377.364751903095,239.746748143319,190.090639625693].
[377.236106996073,239.572109040564,190.212829748165].
[376.964159944209,239.199624629495,190.477436162302].
[376.646393545612,238.764381706184,190.78662512644].
[376.315467357148,238.311113889627,191.108618659642].
[375.954000474759,237.816014649223,191.46032850508].
[375.748654816454,237.534753807912,191.660131289962].
[375.679926324898,237.440616763494,191.727004600685].
[375.554342387096,237.268605120817,191.849198664667].
[375.282386562978,236.896108694438,192.11381361427].
[374.98752015029,236.492231758389,192.379116661701].
[374.68502754456,236.163264412676,192.505080961557].
[374.114309002192,235.779137448308,192.556452815242].
[373.206311555075,235.288918911469,192.68135441426].
[372.235885615253,234.716462136178,192.943445062204].
[371.371053944612,234.160956674233,193.210958506226].
[370.756104841134,233.692863787753,193.340152072858].
[370.453347698221,233.400950141466,193.410929781736].
[370.201967193975,233.071690409192,193.611603743851].
[369.863117234841,232.607579630995,193.941295966383].
[369.657594345584,232.326082214516,194.141264407617].
[369.61173599039,232.263271650896,194.185883397935].
[369.61173599039,232.263271650896,194.185883397935].
[369.61173599039,232.263271650896,194.185883397935].
[369.61173599039,232.263271650896,194.185883397935].
[369.608395890871,232.263271650896,194.171323617025].
[369.593426603366,232.263271650896,194.106071206058].
[369.465694375606,232.290363979601,193.910262382085].
[368.988877864161,232.411783373052,193.449609430071].
[368.22408042272,232.61197010971,192.783144366693].
[367.808150911805,232.763384333756,192.387743825647].
[368.010570124704,232.924904166909,192.328580299865].
[368.796603959801,233.146537652857,192.458828314055].
[369.738951314198,233.280965157304,192.673570985517].
[370.231614304843,233.3109599879,192.803818999707].
[370.331296650184,233.3109599879,192.832881259972].
[370.331296650184,233.3109599879,192.832881259972].
[370.327946679439,233.3109599879,192.818220788176].
[370.213163250735,233.340919353831,192.678549768291].
[369.741272452182,233.47518791668,192.238724084069].
[368.892841834602,233.696559352235,191.626471555996].
[367.972279085883,233.850288048154,191.222124342453].
[366.839983367204,233.978492215952,190.862434042713].
[365.268097367392,234.17171966434,190.267322739225].
[362.807356426765,234.340489968679,189.521537610098].
[359.382462975266,234.418290712266,188.607592721829].
[355.210955895929,234.478934753628,187.421242718011].
[350.291078085815,234.605845258062,185.851040019449].
[344.389325399963,234.81129756686,183.998034776525].
[337.530737755698,235.091792884968,182.179184576477].
[329.534947804839,235.487332879346,180.167927931154].
[320.107147248167,236.123595801674,177.58214104949].
[309.766452432052,237.119880149805,174.675757920237].
[298.961100063863,238.458309285125,171.749673233219].
[287.786535357142,239.95711905704,168.884007310824].
[276.414736473467,241.240095145723,166.432775836301].
[264.73255546667,242.073237323133,164.54284154107].
[252.772428314833,242.453979768536,163.011442168179].
[240.298145113536,242.546064271791,161.744927784697].
[227.693867409229,242.345572962776,161.177108378666].
[215.778141880593,241.378215917422,161.375353480316].
[204.672730824725,239.129826598011,162.224675460166].
[193.892049690097,235.717025549184,163.520361654226].
[183.095807095602,231.408661577185,165.06511683094].
[172.442778950921,226.503603002376,166.777724306034].
[161.813909892332,221.225871054098,168.555422586236].
[151.228764879325,215.702075351583,170.4539398088].
[141.444924019761,210.144584195061,172.338945314577].
[132.589062906154,204.913982252473,173.51494264134].
[124.600201930679,199.997297958228,174.053740911237].
[117.712161235027,195.438047885195,174.147576442847].
[111.935688556721,191.700702171264,173.585659327267].
[107.410591604963,189.136660780657,171.938895570443].
[104.617356625654,187.726886465161,169.053862999957].
[103.562390142375,187.35613252256,164.808621342179].
[103.403584574054,188.04377132487,159.059351933026].
[103.503414978741,190.039282094828,151.900197735139].
[103.74582060594,192.933041499332,143.879787894519].
[104.124584746903,195.508424655725,136.254730094688].
[104.527657196142,196.737286231047,130.925666050053].
[104.910741505317,196.885829929306,128.46055931065].
[105.429273686756,196.236270546861,127.879961052052].
[106.197417641553,194.719016849174,128.213936359592].
[107.110549482712,192.849637220443,128.928266749927].
[107.798170369194,191.173473273187,129.402814208473].
[108.226547336935,189.685225966101,129.546854975123].
[108.422788887175,188.254774889738,129.641723629471].
[108.471358154131,186.678200384733,129.860770776357].
[108.56079861146,184.860530054124,130.182209398646].
[108.955145942424,183.027880335934,130.596237025968].
[109.634390907307,181.161519282831,131.107989792368].
[110.155550407731,179.571277468099,131.459117039927].
[110.54279789097,178.278110709907,131.577315425566].
[110.97784333921,176.958807438484,131.519663043972].
[111.334597537391,175.643631931371,131.322973235484].
[111.663857838968,174.846652641027,130.93023272427].
[112.018970519743,174.506779000181,130.471057821251].
[112.322488231897,174.191268639962,130.18350287661].
[112.518013815645,173.828261677335,130.043697340594].
[112.59661360551,173.634079288469,129.986994766025].
[112.685314706375,173.564070466621,129.974342711481].
[113.018626399473,173.42936807538,129.974342711481].
[113.568164477657,173.182287595076,129.986153487234].
[113.901476170755,172.935570841294,130.039085711837].
[113.95140399162,172.687359216098,130.126356196445].
[113.817409120018,172.391845223374,130.179288421048].
[113.527239442049,171.969477810221,130.191099196801].
[113.191065853101,171.546670100144,130.108181030759].
[112.850896491576,171.249183840201,129.736567592276].
[112.48652851892,171.027777162,129.123880611772].
[112.255844596803,170.880246945914,128.776210917301].
[112.099996053956,170.704479603505,128.800601167104].
[111.894382682031,170.423077330157,129.001466697646].
[111.674692425613,170.122409445528,129.216084061764].
[111.469078276721,169.841006108823,129.416950351331].
[111.359232876005,169.690671793556,129.524259299605].
[111.273102093221,169.651290922984,129.548203162419].
[110.995649612375,169.619346003576,129.578417362181].
[110.512541557828,169.550285001127,129.744206372204].
[110.136253168618,169.487156753433,130.150755248588].
[109.942349376932,169.488345410674,130.728270224734].
[109.90205578948,169.56953580114,131.324557958337].
[109.916236196391,169.704453947579,131.851291580984].
[109.924313967688,169.835825323618,132.319635658712].
[109.98424149397,169.899924820544,132.610888179598].
[110.27560374861,169.912659771153,132.925803999939].
[110.84318003998,169.922873513674,133.5586859134].
[111.381631528869,169.9686483319,134.390895393553].
[111.711039278382,170.044118248371,135.059711672273].
[111.87063255809,170.041535906994,135.41683593586].
[112.051475115223,169.835027895854,135.783575771786].
[112.312290635536,169.477714130769,136.302012752783].
[112.470483245135,169.24844689761,136.564394539252].
[112.52039407384,169.116323262633,136.401213114946].
[112.585886279741,168.900191405357,136.016493503113].
[112.7536634838,168.625551048922,135.823908727689].
[113.087155367935,168.42275341823,135.954513836824].
[113.543625424373,168.285045074883,136.255687806917].
[113.787264140989,168.184843627301,136.462325051072].
[113.737884696682,168.020326866623,136.610492664163].
[113.557880184654,167.773666121042,136.787578763314].
[113.427827682742,167.6240588163,136.790220407818].
[113.309914838816,167.590676914434,136.344655509109].
[113.13124852833,167.56528632596,135.570529933467].
[112.9282299016,167.451493603106,135.100999037372].
[112.726875505153,167.263881120485,134.996232533331].
[112.61740876073,167.150088397631,134.996232533331].
[112.592983428515,167.124697809157,134.996232533331].
[112.592983428515,167.124697809157,134.996232533331].
[112.592983428515,167.124697809157,134.996232533331].
[112.592983428515,167.124697809157,134.996232533331].
[112.592983428515,167.124697809157,134.996232533331].
[112.592983428515,167.124697809157,134.996232533331].
[112.592983428515,167.124697809157,134.996232533331].
[112.592983428515,167.124697809157,134.996232533331].
[112.592983428515,167.124697809157,134.996232533331].
[112.592983428515,167.124697809157,134.996232533331].
[112.592983428515,167.124697809157,134.996232533331].
[112.592983428515,167.124697809157,134.996232533331].
[112.592983428515,167.198379755434,134.996232533331].
[112.602845157706,167.528599328745,135.030482231133].
[112.647042361632,168.073039363265,135.183978727433].
[112.719911231851,168.403258936577,135.437051665861].
[112.764108435777,168.489525347729,135.59054816216].
[112.796519291486,168.545925006415,135.676939170122].
[112.897577465352,168.638912323352,135.91062030998].
[113.064194226183,168.695311982039,136.295895375824].
[113.200588431614,168.692950778942,136.529576515682].
[113.381502664588,168.613420689304,136.60009332192].
[113.642602584136,168.42594884374,136.682446581858].
[113.800967690591,168.160445883964,136.807385837391].
[113.838217375196,167.838979900935,136.841165135703].
[113.897149895917,167.445271042118,136.779455708046].
[114.136970470792,167.004698597676,136.725655023302].
[114.532538554088,166.67509897705,136.691392159594].
[114.826943333391,166.445381746905,136.600321300115].
[114.987451581215,166.227482029945,136.341830775005].
[115.016771903745,166.10623441548,135.949045775196].
[114.863659422002,166.087436082134,135.713979797957].
[114.586641355249,166.114572970139,135.666830690698].
[114.418621404468,166.180682490509,135.690589029261].
[114.381131085942,166.277292802802,135.729759907406].
[114.381131085942,166.382947421551,135.682405517704].
[114.381131085942,166.611926613979,135.369001582569].
[114.347115925527,166.974262950502,134.814152754601].
[114.194670552868,167.217040128201,134.363717826075].
[114.003568176378,167.309146599131,134.075419388577].
[114.121088782293,167.335757006638,133.943689597075].
[114.532172273117,167.341694591126,133.914296707601].
[114.802138251691,167.341694591126,133.914296707601].
[114.862375803724,167.341694591126,133.914296707601].
[114.862375803724,167.341694591126,133.914296707601].
[114.862375803724,167.341694591126,133.914296707601].
[114.862375803724,167.341694591126,133.914296707601].
[114.862375803724,167.341694591126,133.914296707601].
[114.862375803724,167.341694591126,133.914296707601].
[114.862375803724,167.341694591126,133.914296707601].
[114.862375803724,167.341694591126,133.914296707601].
[114.839584428153,167.328873365805,133.861306554609].
[114.737440569354,167.271412620414,133.623821165108].
[114.569033816682,167.176675867257,133.232273951957].
[114.466889957884,167.119215121866,132.994788562456].
[114.444098582312,167.106393896545,132.941798409463].
[114.444098582312,167.106393896545,132.941798409463].
[114.444098582312,167.106393896545,132.941798409463].
[114.444098582312,167.106393896545,132.941798409463].
[114.444098582312,167.106393896545,132.941798409463].
[114.444098582312,167.106393896545,132.941798409463].
[114.444098582312,167.106393896545,132.941798409463].
[114.466889957884,167.119215121866,132.994788562456].
[114.569033816682,167.176675867257,133.232273951957].
[114.737440569354,167.271412620414,133.623821165108].
[114.839584428153,167.328873365805,133.861306554609].
[114.862375803724,167.341694591126,133.914296707601].
[114.862375803724,167.341694591126,133.914296707601].
[114.862375803724,167.341694591126,133.914296707601].
[114.886846412914,167.375186008647,133.890390097613].
[114.996516074664,167.525284128498,133.783248104923].
[115.177330778741,167.77275409139,133.606600822588].
[115.28700044049,167.922852211242,133.499458829897].
[115.251243349706,167.956343628763,133.428095712253].
[114.981321525002,167.956343628763,133.21541040057].
[114.55532179283,167.956343628763,132.879743264676].
[114.292025005007,167.956343628763,132.672278160864].
