[586.526583256083,406.416158410468,-119.9947795286].
[586.526583256083,406.416158410468,-119.9947795286].
[586.481256152147,406.447472285668,-119.772527554819].
[586.278114165843,406.618931853261,-118.555583721542].
[585.988516755989,406.98978430733,-115.923437768001].
[586.376605084628,407.744245729946,-101.094967374198].
[588.40549371527,409.636767662637,-45.2047857827555].
[591.476242133227,412.506550257777,45.164901772395].
[593.260860457951,414.228285841729,99.8429177388838].
[593.64894878659,414.612456978309,112.043232198085].
[593.64894878659,414.612456978309,112.043232198085].
[593.64894878659,414.612456978309,112.043232198085].
[593.64894878659,414.612456978309,112.043232198085].
[593.64894878659,414.612456978309,112.043232198085].
[593.64894878659,414.612456978309,112.043232198085].
[593.64894878659,414.612456978309,112.043232198085].
[593.64894878659,414.612456978309,112.043232198085].
[593.64894878659,414.612456978309,112.043232198085].
[593.64894878659,414.612456978309,112.043232198085].
[593.64894878659,414.612456978309,112.043232198085].
[593.64894878659,414.612456978309,112.043232198085].
[593.64894878659,414.612456978309,112.043232198085].
[593.694222639196,414.612456978309,112.064628227941].
[593.89712596959,414.612456978309,112.160518581096].
[594.253815502611,414.624584873441,112.318615045998].
[594.556026323702,414.6789383285,112.414505399153].
[594.765030548558,414.768552025991,112.435901429009].
[594.864338039253,414.822905481049,112.435901429009].
[594.886496535556,414.835033376181,112.435901429009].
[594.886496535556,414.835033376181,112.435901429009].
[594.886496535556,414.835033376181,112.435901429009].
[594.886496535556,414.835033376181,112.435901429009].
[594.886496535556,414.835033376181,112.435901429009].
[594.886496535556,414.835033376181,112.435901429009].
[594.886496535556,414.835033376181,112.435901429009].
[594.886496535556,414.835033376181,112.435901429009].
[594.886496535556,414.835033376181,112.435901429009].
[594.886496535556,414.835033376181,112.435901429009].
[594.886496535556,414.835033376181,112.435901429009].
[594.886496535556,414.835033376181,112.435901429009].
[594.886496535556,414.835033376181,112.435901429009].
[594.886496535556,414.835033376181,112.435901429009].
[594.908654968488,414.865410739647,112.414142755031].
[595.007962175174,415.001552637475,112.316627143677].
[595.171692079172,415.226012680259,112.155851081013].
[595.248840852926,415.331777214622,112.080094143638].
[595.171692079172,415.226012680259,112.155851081013].
[595.007962175174,415.001552637475,112.316627143677].
[594.908654968488,414.865410739647,112.414142755031].
[594.886496535556,414.835033376181,112.435901429009].
[594.886496535556,414.835033376181,112.435901429009].
[594.886496535556,414.835033376181,112.435901429009].
[594.931730349248,414.835033376181,112.457282220397].
[595.134454237682,414.835033376181,112.553104279474].
[595.490839933838,414.847152633704,112.711088146478].
[595.792835517332,414.901467377683,112.806910205556].
[596.001740686249,414.991017251395,112.828290996944].
[596.078861872092,415.033212737851,112.828290996944].
[595.956506872557,414.991017251395,112.806910205556].
[595.590111628899,414.901467377683,112.711088146478].
[595.156604746899,414.847152633704,112.553104279474].
[594.931730349248,414.835033376181,112.457282220397].
[594.886496535556,414.835033376181,112.435901429009].
[594.886496535556,414.804655925839,112.457660165215].
[594.864338039253,414.668513638657,112.555176055454].
[594.765030548557,414.444052953939,112.715952577923].
[594.601300176307,414.307910666757,112.813468468162].
[594.501992685611,414.277533216415,112.835227204368].
[594.52480101413,414.277533216415,112.847211052437].
[594.748481245386,414.289330467231,112.900918933346].
[595.180026063986,414.342202077275,112.989468259006].
[595.545242441187,414.429372625371,113.043176139916].
[595.689491693414,414.482244235415,113.055159987984].
[595.711644597341,414.524411440188,113.033378838444].
[595.68856999931,414.660520130901,112.914570404792].
[595.585156825509,414.884925424408,112.658651893689].
[595.392496616226,415.008919881979,112.404445983762].
[595.189766030774,414.984997609668,112.287688458969].
[595.002944703604,414.895484861388,112.266496365148].
[594.903627291954,414.84119263512,112.266496365148].
[594.881466581987,414.829078401979,112.266496365148].
[594.881466581987,414.829078401979,112.266496365148].
[594.881466581987,414.829078401979,112.266496365148].
[594.881466581987,414.829078401979,112.266496365148].
[594.881466581987,414.829078401979,112.266496365148].
[594.881466581987,414.829078401979,112.266496365148].
[594.881466581987,414.829078401979,112.266496365148].
[594.881466581987,414.829078401979,112.266496365148].
[594.881466581987,414.829078401979,112.266496365148].
[594.881466581987,414.829078401979,112.266496365148].
[594.881466581987,414.829078401979,112.266496365148].
[594.881466581987,414.829078401979,112.266496365148].
[594.881466581987,414.829078401979,112.266496365148].
[594.881466581987,414.829078401979,112.266496365148].
[594.881466581987,414.829078401979,112.266496365148].
[594.881466581987,414.829078401979,112.266496365148].
[594.881466581987,414.829078401979,112.266496365148].
[594.926701889985,414.810822681164,112.309469608508].
[595.129432475436,414.729006216718,112.502062323594].
[595.463678703891,414.594113671492,112.819594029538].
[595.644256385415,414.481927190958,113.033967938724].
[595.590209266008,414.327562500976,113.174557721622].
[595.426520216136,414.103156748375,113.335500186731].
[595.32723778873,413.967047779207,113.433116726269].
[595.305084884803,413.936677763119,113.454897920369].
[595.305084884803,413.936677763119,113.454897920369].
[595.305084884803,413.936677763119,113.454897920369].
[595.305084884803,413.936677763119,113.454897920369].
[595.305084884803,413.936677763119,113.454897920369].
[595.305084884803,413.936677763119,113.454897920369].
[595.305084884803,413.936677763119,113.454897920369].
[595.305084884803,413.936677763119,113.454897920369].
[595.305084884803,413.936677763119,113.454897920369].
[595.305084884803,413.936677763119,113.454897920369].
[595.305084884803,413.936677763119,113.454897920369].
[595.350296185713,413.936677763119,113.476059709566].
[595.552919178856,413.936677763119,113.570900268917].
[595.909133075681,413.948804913351,113.727265916444].
[596.211003333653,414.003155030002,113.822106475794].
[596.419845711144,414.092763223389,113.843268264991].
[596.519092975973,414.147113340039,113.843268264991].
[596.541238034068,414.159240490271,113.843268264991].
[596.540968279026,414.158900599462,113.843268264991].
[596.539759320801,414.157377314538,113.843268264991].
[596.515618633984,414.12450313408,113.855563497762].
[596.415151683643,413.986903631665,113.910666908091].
[596.251233165713,413.762211986643,114.001517072788].
[596.151975173597,413.626135769153,114.056620483117].
[596.129827721921,413.595773060952,114.068915715888].
[596.129827721921,413.595773060952,114.068915715888].
[596.129827721921,413.595773060952,114.068915715888].
[596.129827721921,413.595773060952,114.068915715888].
[596.129827721921,413.595773060952,114.068915715888].
[596.129827721921,413.595773060952,114.068915715888].
[596.129827721921,413.595773060952,114.068915715888].
[596.129827721921,413.595773060952,114.068915715888].
[596.129827721921,413.595773060952,114.068915715888].
[596.062459531732,413.583640379532,114.047949190078].
[595.760536250075,413.529265473819,113.953983740511].
[595.262748913487,413.439616410176,113.799060905099].
[594.96082563183,413.385241504463,113.705095455531].
[594.893457441641,413.373108823043,113.684128929721].
[594.893457441641,413.373108823043,113.684128929721].
[594.893457441641,413.373108823043,113.684128929721].
[594.871302161342,413.342735431894,113.705940175364].
[594.772009083771,413.206611336754,113.803691396572].
[594.608302474748,412.982180645641,113.964855914214].
[594.509009397178,412.8460565505,114.062607135422].
[594.486854116878,412.815683159351,114.084418381065].
[594.486854116878,412.815683159351,114.084418381065].
[594.486854116878,412.815683159351,114.084418381065].
[594.486854116878,412.815683159351,114.084418381065].
[594.486854116878,412.815683159351,114.084418381065].
[594.464698809192,412.785309730658,114.106229653668].
[594.365405608887,412.649185467256,114.203980995706].
[594.201698797507,412.424754498725,114.365145712563].
[594.102405597201,412.288630235322,114.4628970546].
[594.080250289515,412.258256806629,114.484708327204].
[594.080250289515,412.258256806629,114.484708327204].
[594.080250289515,412.258256806629,114.484708327204].
[594.080250289515,412.258256806629,114.484708327204].
[594.080250289515,412.258256806629,114.484708327204].
[594.080250289515,412.258256806629,114.484708327204].
[594.080250289515,412.258256806629,114.484708327204].
[594.079970796801,412.258256806629,114.475515299962].
[594.033729777884,412.276143840379,114.400723173742].
[593.830040482696,412.356642520044,114.182247213203].
[593.49636592797,412.490310191868,113.892834959066].
[593.294462327415,412.572946368634,113.733093765293].
[593.249473907943,412.592332778386,113.699501928785].
[593.249473907943,412.592667334394,113.699501928785].
[593.271636994997,412.62305137844,113.677683051619].
[593.370965060011,412.759223216553,113.579897628298].
[593.534729353577,412.98373262252,113.418676720905].
[593.634057418591,413.119904460634,113.320891297584].
[593.634057418591,413.119904460633,113.320891297584].
[593.534729353577,412.98373262252,113.418676720905].
[593.370965060011,412.759223216553,113.579897628298].
[593.271636994997,412.623051378439,113.677683051619].
[593.249473907943,412.592667334394,113.699501928785].
[593.249473907943,412.592667334394,113.699501928785].
[593.249473907943,412.592667334394,113.699501928785].
[593.249193223092,412.592332778386,113.690466158153].
[593.247935280865,412.590833402384,113.649970643674].
[593.245861284758,412.588361349275,113.583204827584].
[593.244603342531,412.586861973273,113.542709313104].
[593.244603342531,412.586861973273,113.542709313104].
[593.245861284758,412.588361349276,113.583204827584].
[593.247935280865,412.590833402384,113.649970643674].
[593.249193223092,412.592332778386,113.690466158153].
[593.249473907943,412.592667334394,113.699501928785].
[593.249473907943,412.592667334394,113.699501928785].
[593.249473907943,412.592667334394,113.699501928785].
[593.249473907943,412.592667334394,113.699501928785].
[593.249473907943,412.592667334394,113.699501928785].
[593.249473907943,412.592667334394,113.699501928785].
[593.249473907943,412.592667334394,113.699501928785].
[593.249473907943,412.592667334394,113.699501928785].
[593.249473907943,412.592667334394,113.699501928785].
[593.249473907943,412.592667334394,113.699501928785].
[593.249473907943,412.592667334394,113.699501928785].
[593.249473907943,412.592667334394,113.699501928785].
[593.249473907943,412.592667334394,113.699501928785].
[593.249473907943,412.592667334394,113.699501928785].
[593.249473907943,412.592667334394,113.699501928785].
[593.227310793484,412.562283252777,113.72132083293].
[593.127982605648,412.426111246284,113.819106377165].
[592.964218109583,412.201601562704,113.980327483912].
[592.864889921747,412.065429556211,114.078113028147].
[592.842726807288,412.035045474594,114.099931932292].
[592.843010825618,412.035384543452,114.108975007291].
[592.844283707465,412.036904144649,114.149503257672].
[592.84638233484,412.039409543465,114.21632304614].
[592.847655216687,412.040929144661,114.256851296522].
[592.847939235017,412.04126821352,114.26589437152].
[592.893213800301,412.023415064829,114.308829463731].
[593.09640438281,411.943402803469,114.510490031164].
[593.432213745686,411.811484886249,114.869145417212].
[593.637219191417,411.731472624889,115.129833412976].
[593.683766816843,411.713619476198,115.214174086278].
[593.684050874956,411.713619476198,115.223412920218].
[593.684050874956,411.713619476198,115.223412920218].
[593.684050874956,411.713619476198,115.223412920218].
[593.684050874956,411.713619476198,115.223412920218].
[593.684050874956,411.713619476198,115.223412920218].
[593.706201700806,411.743986525716,115.201661590934].
[593.805474814916,411.880082199638,115.104178896216].
[593.969148509757,412.104466032085,114.94345710391].
[594.068421623866,412.240561706007,114.845974409193].
[594.090572449716,412.270928755525,114.824223079909].
[594.090572449716,412.270928755525,114.824223079909].
[594.112723212239,412.270928755525,114.824223079909].
[594.211996042536,412.270928755525,114.824223079909].
[594.37566926945,412.301295718227,114.80247181281].
[594.474942099748,412.437391003065,114.704989396786].
[594.49709286227,412.661774194019,114.544268063968].
[594.49709286227,412.797869478857,114.446785647944].
[594.474942099748,412.797869478857,114.437516770945].
[594.37566926945,412.661774194019,114.493458962227].
[594.211714243785,412.437045054222,114.585692042923].
[594.110897836925,412.299399334239,114.632403398944].
[594.085407096632,412.26613160715,114.603516055545].
[594.082070481437,412.263037100224,114.535308895963].
[594.080530931695,412.260145407394,114.493939162465].
[594.058094954444,412.258601335613,114.484708327204].
[593.958801631402,412.258256806629,114.484708327204].
[593.749818926091,412.258256806629,114.463742367599].
[593.402306647453,412.264318036412,114.326972253324].
[592.84255308191,412.291482583681,113.980205031109].
[592.304862711328,412.336269350573,113.569937300113].
[592.056249662128,412.363104764165,113.348274335637].
[592.009670589873,412.367690919145,113.265811201893].
[592.007291340313,412.365258931941,113.191617450929].
[591.95941271639,412.381709443147,113.069946057793].
[591.753839061736,412.461717212362,112.805413413739].
[591.372746220929,412.612436350576,112.426200534403].
[590.968467889432,412.77525899433,112.112437421071].
[590.592074244805,412.930946389369,111.881334026393].
[590.391280337035,413.01741448463,111.766953653672].
[590.368663645671,413.068889910437,111.719590193051].
[590.468096574948,413.205828149874,111.621702261975].
[590.632033760455,413.430573475655,111.460312347865].
[590.731466689731,413.566888406368,111.362424416789].
[590.753653175165,413.597304378689,111.340582667051].
[590.753653175165,413.597304378689,111.340582667051].
[590.731466689732,413.566888406368,111.362424416789].
[590.632033760455,413.430573475655,111.460312347865].
[590.468096574948,413.205828149874,111.621702261975].
[590.414034512982,413.063422184931,111.762457375908].
[590.662696155747,413.005708091078,111.997427173316].
[591.300502904819,412.960701097456,112.408338450009].
[592.002676261742,412.933402975923,112.755704800881].
[592.350605994307,412.957706608515,112.870908754465].
[592.394963346131,413.100038394333,112.751247481685].
[592.291200339739,413.352019898741,112.397919179633].
[592.075766712163,413.533403765982,111.983460810577].
[591.773207846909,413.59119203896,111.769583158617].
[591.422296229644,413.548639150015,111.770398982866].
[591.223500370782,413.330536726559,111.966106418411].
[591.179143018958,412.970946621816,112.288773430229].
[591.179143018958,412.75284419836,112.484480865774].
[591.224482127705,412.685942487392,112.570986274024].
[591.427677915836,412.604212244014,112.762969181159].
[591.762691133845,412.469461853297,113.079495483763].
[591.965886921976,412.387731609918,113.271478390897].
[591.989055103987,412.339100385609,113.336142108742].
[591.889691903956,412.202880602523,113.433961879116].
[591.72586968254,411.97829214866,113.595239415228].
[591.626506482509,411.842072365574,113.693059185603].
[591.604335555773,411.811677623558,113.714885726632].
[591.604335555773,411.811677623558,113.714885726632].
[591.604335555773,411.811677623558,113.714885726632].
[591.604335555773,411.811677623558,113.714885726632].
[591.604335555773,411.811677623558,113.714885726632].
[591.581167373762,411.859988175041,113.650222008788].
[591.477334785662,412.0765010456,113.360419331279].
[591.30585936032,412.433470420672,112.882615492563].
[591.200468789238,412.649663934097,112.592812815054].
[591.151746734153,412.666131936027,112.532697099852].
[591.048962913419,412.527478241476,112.553079833583].
[590.883499616706,412.301336253001,112.586685280242].
[590.783800292492,412.164722949106,112.607068013973].
[590.761617570556,412.134311658938,112.611616016615].
[590.761617570556,412.134311658938,112.611616016615].
[590.738428520205,412.152567131326,112.56907217584].
[590.634502406695,412.252650567299,112.356502866682].
[590.463157212769,412.481566863785,111.943990375735].
[590.359231099259,412.752835270393,111.591494074582].
[590.290638929743,412.942767067713,111.430124378099].
[590.087156266821,413.033782901373,111.293668386558].
[589.751670072243,413.127855601875,111.042732801045].
[589.54818740932,413.262917183209,110.788202472535].
[589.502784290155,413.344836173237,110.669342674473].
[589.502784290155,413.363114770601,110.647434057966].
[589.502784290155,413.363114770601,110.647434057966].
[589.502784290155,413.363114770601,110.647434057966].
[589.502784290155,413.363114770601,110.647434057966].
[589.502784290155,413.363114770601,110.647434057966].
[589.502784290155,413.363114770601,110.647434057966].
[589.502784290155,413.363114770601,110.647434057966].
[589.502784290155,413.363114770601,110.647434057966].
[589.502784290155,413.363114770601,110.647434057966].
[589.502784290155,413.363417523067,110.647434057966].
[589.502784290155,413.364774365484,110.647434057966].
[589.502784290155,413.367011420438,110.65577348104].
[589.502784290155,413.36806551039,110.693148182283].
[589.503068231563,413.367314172904,110.754768647207].
[589.504056827258,413.366131207901,110.79214334845].
[589.504882349145,413.365654578021,110.800482771524].
[589.504340768666,413.364774365484,110.800482771524].
[589.504624710073,413.36507711795,110.800482771524].
[589.506438827655,413.367011420438,110.800482771524].
[589.507711364758,413.368368262856,110.800482771524].
[589.507995306166,413.368671015321,110.800482771524].
[589.507995306166,413.368671015321,110.800482771524].
[589.485799129742,413.338241527898,110.814051964957].
[589.386322768457,413.201866026697,110.87486487086].
[589.222028179931,412.976715264184,110.975128402356].
[589.121270970979,412.838970280341,111.035941308259].
[589.096963033761,412.806282897756,111.049510501693].
[589.095682186094,412.804913415114,111.049510501693].
[589.095396390348,412.804607842233,111.049510501693].
[589.073198367891,412.774175545779,111.071419110004].
[588.973713733259,412.637787455375,111.169606680418].
[588.809691300034,412.412921509657,111.331490616278].
[588.710206665402,412.276533419254,111.429678186692].
[588.688008642945,412.2461011228,111.451586795004].
[588.688008642945,412.2461011228,111.451586795004].
[588.688008642945,412.2461011228,111.451586795004].
[588.688008642945,412.2461011228,111.451586795004].
[588.688008642945,412.2461011228,111.451586795004].
[588.688296275169,412.246409491615,111.459867137111].
[588.689585353368,412.247791504761,111.49697705583].
[588.691710684013,412.25007005923,111.558160968176].
[588.692999762211,412.251452072376,111.595270886895].
[588.693287394436,412.25176044119,111.603551229002].
[588.693287394436,412.25176044119,111.603551229002].
[588.67138184579,412.2216433535,111.625430315054].
[588.573207987844,412.086667930767,111.72348557588].
[588.411346660021,411.863818654357,111.893436291378].
[588.313172802075,411.727443035759,112.028621993314].
[588.336693316645,411.677099732957,112.15459317024].
[588.54027880767,411.595398055691,112.383873084997].
[588.875934537128,411.462690869309,112.708958930623].
[589.079520028153,411.382389387908,112.90110840427].
[589.124946091369,411.364471705503,112.943982747097].
[589.124946091369,411.364471705503,112.943982747097].
[589.124946091369,411.364471705503,112.943982747097].
[589.124946091369,411.364471705503,112.943982747097].
[589.124946091369,411.364471705503,112.943982747097].
[589.124946091369,411.364471705503,112.943982747097].
[589.170340346194,411.346254362318,112.986827068307].
[589.373783281899,411.264609894477,113.178841994401].
[589.70920397737,411.130000923711,113.495421087343].
[589.912646913075,411.04835645587,113.687436013436].
[589.9580411679,411.030139112685,113.730280334647].
[589.9580411679,411.030139112685,113.730280334647].
[589.981232638721,410.981539666438,113.794921287787].
[590.085169600028,410.76373205937,114.084621940971].
[590.256532678946,410.404628024676,114.562257570012].
[590.360469640252,410.186820417608,114.851958223196].
[590.383661111074,410.138220971361,114.916599176336].
[590.383661111074,410.138220971361,114.916599176336].
[590.383661111074,410.138220971361,114.916599176336].
[590.383661111074,410.138220971361,114.916599176336].
[590.383661111074,410.138220971361,114.916599176336].
[590.383954275548,410.138563491296,114.916599176336].
[590.385268147568,410.140098559142,114.916599176336].
[590.387434356315,410.142629458153,114.925364769304].
[590.388748228335,410.144164526,114.964649431505].
[590.389041392809,410.144507045935,115.029418889686].
[590.389041392809,410.144507045935,115.068703551887].
[590.389041392809,410.144507045935,115.077469144855].
[590.389041392809,410.144507045935,115.077469144855].
[590.389041392809,410.144507045935,115.077469144855].
[590.389041392809,410.144507045935,115.077469144855].
[590.389041392809,410.144507045935,115.077469144855].
[590.389041392809,410.144507045935,115.077469144855].
[590.389041392809,410.144507045935,115.077469144855].
[590.389041392809,410.144507045935,115.077469144855].
[590.389041392809,410.144507045935,115.077469144855].
[590.434379301203,410.126334659734,115.120403959512].
[590.637569709723,410.044891675114,115.312824449098].
[590.972574058253,409.910614894023,115.630072203197].
[591.175764466774,409.829171909403,115.822492692783].
[591.221102375168,409.810999523202,115.86542750744].
[591.175764466774,409.829171909403,115.822492692783].
[590.972574058253,409.910614894023,115.630072203197].
[590.637569709723,410.044891675114,115.312824449098].
[590.434379301203,410.126334659734,115.120403959512].
[590.389041392809,410.144507045935,115.077469144855].
[590.389041392809,410.144507045935,115.077469144855].
[590.389041392809,410.144507045935,115.077469144855].
[590.366872372058,410.114115099251,115.099266006251].
[590.267517714056,409.977907843972,115.19695276174].
[590.103709576067,409.753340044971,115.358010993381].
[590.004354918066,409.617132789692,115.45569774887].
[590.027531662957,409.568579146267,115.520421789127].
[590.230757285223,409.487184068481,115.712808057444].
[590.565819691404,409.352986272406,116.02999939021].
[590.76904531367,409.27159119462,116.222385658528].
[590.814391079313,409.253429497878,116.265312837388].
[590.814391079313,409.253429497878,116.265312837388].
[590.814391079313,409.253429497878,116.265312837388].
[590.814391079313,409.253429497878,116.265312837388].
[590.814391079313,409.253429497878,116.265312837388].
[590.814391079313,409.253429497878,116.265312837388].
[590.814391079313,409.253429497878,116.265312837388].
[590.792229870456,409.223048178477,116.287102107581].
[590.692910222936,409.086888551373,116.384754841654].
[590.529159807472,408.862399277955,116.545756981463].
[590.429840159952,408.726239650851,116.643409715536].
[590.407678951095,408.69585833145,116.665198985729].
[590.407678951095,408.69585833145,116.665198985729].
[590.407678951095,408.69585833145,116.665198985729].
[590.407678951095,408.69585833145,116.665198985729].
[590.407678951095,408.69585833145,116.665198985729].
[590.407678951095,408.69585833145,116.665198985729].
[590.407678951095,408.69585833145,116.665198985729].
[590.407678951095,408.69585833145,116.665198985729].
[590.407678951095,408.69585833145,116.665198985729].
[590.407678951095,408.69585833145,116.665198985729].
[590.407678951095,408.69585833145,116.665198985729].
[590.407678951095,408.69585833145,116.665198985729].
[590.407678951095,408.69585833145,116.665198985729].
[590.407678951095,408.69585833145,116.665198985729].
[590.407678951095,408.69585833145,116.665198985729].
[590.407678951095,408.69585833145,116.665198985729].
[590.407678951095,408.69585833145,116.665198985729].
[590.407678951095,408.69585833145,116.665198985729].
[590.385517696884,408.69585833145,116.665198985729].
[590.2861978461,408.683617267562,116.665198985729].
[590.122447095509,408.610616307635,116.686988300515].
[590.023127244725,408.438867136329,116.784641234441].
[589.955604510277,408.268106986712,116.90273179658].
[589.752308460089,408.237725605133,116.829863900417].
[589.417129937895,408.272325848985,116.632262081268].
[589.191664730796,408.207333471785,116.601003476749].
[589.046947982334,408.089265697628,116.655778925047].
[588.883138838253,407.980596026739,116.677575920318].
[588.783783570027,407.925687198419,116.677575920318].
[588.761614413116,407.913435382763,116.677575920318].
[588.761614413116,407.913435382763,116.677575920318].
[588.761614413116,407.913435382763,116.677575920318].
[588.761614413116,407.913435382763,116.677575920318].
[588.761614413116,407.913435382763,116.677575920318].
[588.784822405777,407.895305754663,116.720480191599].
[588.888833412826,407.783672892622,116.934553199242].
[589.060318572535,407.513551590449,117.349228600254].
[589.164329579585,407.207809582622,117.702515332242].
[589.187537572245,407.053519491435,117.843072937158].
[589.187537572245,407.0231379855,117.864862341131].
[589.187537572245,407.0231379855,117.864862341131].
[589.210729264225,406.974660924402,117.929510577259].
[589.314667216696,406.757401809516,118.219243870532].
[589.486031929767,406.399202085551,118.696933313981].
[589.589969882238,406.181942970666,118.986666607254].
[589.613161574218,406.133465909568,119.051314843382].
[589.613161574218,406.133465909568,119.051314843382].
[589.613161574218,406.133465909568,119.051314843382].
[589.618535373538,406.140145896316,119.208476968216].
[589.642619071216,406.170083519918,119.912828745351].
[589.682326375856,406.219442316745,121.07410850237].
[589.706410073534,406.249379940347,121.778460279506].
[589.711783872854,406.256059927095,121.935622404339].
[589.711783872854,406.256059927095,121.935622404339].
[589.711783872854,406.256059927095,121.945223378439].
[589.668215725738,406.196251677428,122.021167618704].
[589.472622708032,405.927793534286,122.239627506702].
[589.149197762749,405.484001903364,122.535408892166].
[588.951469976358,405.212884863229,122.735270157287].
[588.906404367124,405.151211494612,122.838656350492].
[588.906070238162,405.150795330322,122.881398889744].
[588.906070238162,405.150795330322,122.890936039372].
[588.906070238162,405.150795330322,122.890936039372].
[588.906070238162,405.150795330322,122.890936039372].
[588.906070238162,405.150795330322,122.890936039372].
[588.906070238162,405.150795330322,122.890936039372].
[588.906070238162,405.150795330322,122.890936039372].
[588.906070238162,405.150795330322,122.890936039372].
[588.906070238162,405.150795330322,122.890936039372].
[588.906070238162,405.150795330322,122.890936039372].
[588.906070238162,405.150795330322,122.890936039372].
[588.905737536929,405.150380944299,122.890936039372].
[588.904246473452,405.148523794985,122.890936039372].
[588.880004975845,405.115559230714,122.912162992079].
[588.780888609175,404.979687734467,123.007295594023].
[588.61959899401,404.758321044076,123.164142738385].
[588.521973690817,404.624306697143,123.249770075912].
[588.500190541281,404.59440405445,123.228397388973].
[588.499855660021,404.593986553968,123.158162456964].
[588.476236434106,404.561794807976,123.136822002635].
[588.374634220961,404.422822198664,123.222593796699].
[588.209699346241,404.196910191398,123.379679109626].
[588.110236708251,404.060605016085,123.474956168107].
[588.088118316017,404.030284377437,123.496215353424].
[588.088118316017,404.030284377437,123.496215353424].
[588.088118316017,404.030284377437,123.496215353424].
[588.088118316017,404.030284377437,123.496215353424].
[588.088118316017,404.030284377437,123.496215353424].
[588.088118316017,404.030284377437,123.496215353424].
[588.042736111316,404.0357211404,123.450614080329].
[587.83934718052,404.060087021547,123.246243353104].
[587.436460358058,404.100259568074,122.906207195142].
[586.930310178001,404.124625449222,122.688006903703].
[586.363621683891,404.099716857923,122.619604533924].
[585.961647590461,403.963718415397,122.60577496971].
[585.730518097918,403.739494890422,122.602689176832].
[585.63130525375,403.603496447896,122.602689176832].
[585.609167875941,403.573151093635,122.602689176832].
[585.609167875941,403.573151093635,122.602689176832].
[585.609167875941,403.573151093635,122.602689176832].
[585.609167875941,403.573151093635,122.602689176832].
[585.609167875941,403.573151093635,122.602689176832].
[585.609167875941,403.573151093635,122.602689176832].
[585.609167875941,403.573151093635,122.602689176832].
[585.609167875941,403.573151093635,122.602689176832].
[585.609167875941,403.573151093635,122.602689176832].
[585.564892034165,403.512458896234,122.645242167982].
[585.366461477997,403.240455338483,122.835951443326].
[585.039304799286,402.791997287114,123.150377882107].
[584.840874243118,402.519993729364,123.341087157451].
[584.796598401342,402.459301531962,123.383640148601].
[584.796598401342,402.459301531962,123.383640148601].
[584.796598401342,402.459301531962,123.383640148601].
[584.796598401342,402.459301531962,123.383640148601].
[584.796598401342,402.459301531962,123.383640148601].
[584.796598401342,402.459301531962,123.383640148601].
[584.796598401342,402.459301531962,123.383640148601].
[584.752321111294,402.398607349306,123.426194531668].
[584.55388406442,402.126594894261,123.616910045153].
[584.226716684345,401.678122173734,123.93134676889].
[584.028628372865,401.406526889977,124.131006792911].
[583.985914006421,401.347702339319,124.213647691085].
[583.988490831811,401.350784841364,124.279739181211].
[584.035527273131,401.33483843765,124.365584006988].
[584.239674175863,401.255409676406,124.579603038329].
[584.575680549282,401.123765989063,124.917713762859].
[584.779478716619,401.043920056532,125.122788283664].
[584.803176880008,401.026104020819,125.168546594334].
[584.682238587248,401.026104020819,125.168546594334].
[584.416701131058,400.996203393327,125.174200107052].
[584.147813011544,400.849648550189,125.224242930452].
[584.048999897966,400.554686741746,125.39794607009].
[584.111714559405,400.230494894389,125.722081674598].
[584.226974556048,399.933337669955,126.114864498143].
[584.367586344735,399.709816095013,126.501865363956].
[584.582191027796,399.599844047622,126.800390056367].
[584.56553412183,399.477692552772,126.974550615726].
[584.284130036204,399.169396829017,127.189233287587].
[584.085879271614,398.757858642309,127.502513982778].
[584.042004222255,398.53029109094,127.701763074134].
[584.043620657673,398.484250347484,127.785548259808].
[584.046285709129,398.487604235963,127.853784305909].
[584.047541469054,398.489184572708,127.885936815341].
[584.046285709129,398.487604235963,127.853784305909].
[584.043620657673,398.484250347484,127.785548259808].
[584.086239947108,398.542855430913,127.701763074134].
[584.284130036204,398.814168107446,127.502513982779].
[584.633107550878,399.287333229826,127.189233287587].
[585.043363808375,399.671580287519,127.027313476407].
[585.756930838727,399.922889618935,127.110826517699].
[586.712248794059,400.083841932005,127.318418616948].
[587.361405172806,400.290179661775,127.423148510281].
[587.736604905975,400.63460722953,127.356316033].
[587.998920676882,400.976034641517,127.199807847782].
[588.119706228173,401.136416050825,127.095156581224].
[588.140250570941,401.16466529719,127.03039442].
[588.137689821302,401.161295363818,126.958541363687].
[588.136136648135,401.159251395907,126.914960282039].
[588.135790088357,401.159251395907,126.905236028311].
[588.135790088357,401.161295363818,126.905236028311].
[588.045407801519,401.200252589658,126.823255565322].
[587.640342494444,401.361787737264,126.45584462036].
[586.972502706648,401.625200308604,125.850086380315].
[586.561734404499,401.777549355524,125.328400425602].
[586.44579306697,401.781127829593,124.555007337582].
[586.403653316436,401.728354209848,123.415060635863].
[586.378094265744,401.69634539145,122.723648010833].
[586.37239127067,401.688798774385,122.569373001081].
[586.417452155809,401.668998629566,122.603561118073].
[586.619401032234,401.585396063962,122.75678162833].
[586.952358440391,401.450673590357,123.009399542699].
[587.154307316816,401.369655297568,123.162620052957].
[587.177224091971,401.321309968365,123.218553029512].
[587.077981076286,401.185255043372,123.316006728953].
[586.914357005357,400.960938394553,123.47668071613].
[586.815113989672,400.82488346956,123.574134415571].
[586.792969879689,400.794525512357,123.595879275134].
[586.792969879689,400.794525512357,123.595879275134].
[586.838329487738,400.776561625415,123.638766458197].
[587.041617147368,400.696053069647,123.830973477784].
[587.331422227822,400.58128078822,124.104982096293].
[587.331422227822,400.581280788221,124.104982096293].
[587.041617147368,400.696053069647,123.830973477784].
[586.838329487738,400.776561625415,123.638766458197].
[586.792969879689,400.794525512357,123.595879275134].
[586.792969879689,400.794525512357,123.595879275134].
[586.792969879689,400.794525512357,123.595879275134].
[586.792969879689,400.794525512357,123.595879275134].
[586.792969879689,400.794525512357,123.595879275134].
[586.725426002149,400.782133356534,123.574714241949].
[586.422715344409,400.726595567224,123.479859144049].
[585.923629844126,400.635029232661,123.323469526506].
[585.620919186386,400.579491443351,123.228614428606].
[585.553375308846,400.536730414778,123.22920203065].
[585.576630776557,400.382671423578,123.369592881731].
[585.680854552022,400.077804737047,123.722599108528].
[585.852690507543,399.80902931002,124.137095183584].
[585.934769983161,399.667832837656,124.372867649603].
[585.85878158428,399.513821600011,124.513224488132].
[585.695156110443,399.289503027906,124.673899852924].
[585.59591224385,399.153446936382,124.77135438793].
[585.573767944004,399.123088718891,124.793099433934].
[585.573767944004,399.122664820832,124.793099433934].
[585.573767944004,399.120765041532,124.793099433934].
[585.61882183109,399.11763283499,124.796409328408].
[585.820739344418,399.127711684707,124.811243246297].
[586.130081781572,399.180972277386,124.814946546221].
[586.226396081145,399.269483039174,124.736768851458].
[586.075191540229,399.310766748412,124.586728521731].
[585.870327145405,399.267168930512,124.493716909078].
[585.683109862826,399.175538860332,124.472963213052].
[585.561371847147,399.089175583265,124.477525560359].
[585.438162203932,398.938376428148,124.497972582423].
[585.270612773271,398.709002348405,124.540287291724].
[585.145308203605,398.537542715331,124.612551287601].
[585.022086255492,398.368762641972,124.74010995892].
[584.83592478722,398.113573355405,124.898507575409].
[584.637368274864,397.841363849105,125.064520556998].
[584.451534155404,397.586596008395,125.239327713163].
[584.352255917757,397.45049128065,125.337311139669].
[584.307951987896,397.389753152591,125.381037246804].
[584.208673787313,397.253648475657,125.479020636731].
[584.044991706294,397.029249799756,125.640567935879].
[583.94571350571,396.893145122822,125.738551325805].
[583.901409592389,396.832407017437,125.782277416616].
[583.802131428868,396.696302391315,125.880260769964].
[583.615962346882,396.441102136272,126.046860920915].
[583.415904163045,396.166954034116,126.175877696251].
[583.227260299856,395.908558913678,126.27266868396].
[583.102829040187,395.738210405724,126.370825768074].
[582.956426452846,395.555646552192,126.474122308193].
[582.691928757897,395.255553821335,126.587871402221].
[582.428593194834,394.946668071957,126.689117129694].
[582.30714390051,394.727193414153,126.816486402306].
[582.329093796022,394.612604291795,126.971148024474].
[582.526760210349,394.507475284779,127.087818807402].
[582.852657032154,394.368679147104,127.165544433543].
[583.050323446482,394.282221193795,127.202644503423].
[583.094428785167,394.25906687333,127.210922647956].
[583.048328429292,394.273757148354,127.153372116145].
[582.841720968229,394.349955389923,126.895448526737].
[582.454960984382,394.476309328046,126.427661890624].
[582.019147709076,394.539291544937,125.964774030852].
[581.463391625979,394.482392740985,125.524144293153].
[580.762776430485,394.292905175162,125.199964955846].
[579.942545208657,393.984026669753,125.00194593524].
[579.139092588556,393.622106711073,124.788145766048].
[578.436040728977,393.335241510788,124.499656608422].
[577.973091831752,393.094797781034,124.24804703013].
[577.62640308269,392.842961418669,124.095897361852].
[577.301645854641,392.703809858619,123.927788917924].
[576.953478827383,392.745877939685,123.404915262996].
[576.565460748519,393.030200266024,122.381867674374].
[576.337722036961,393.471182566251,121.37789011987].
[576.232235614043,393.67526776022,120.823766489766].
[575.928952838414,393.471315720232,120.531423230156].
[575.174193275104,392.999335893002,120.209856049453].
[574.283172025839,392.567362816023,119.893935244585].
[573.865617799683,392.184916546199,119.751891971062].
[574.062213250905,391.790600207313,119.822138940316].
[574.884757677851,391.322580105254,120.165711075459].
[576.242129574037,390.748560018562,120.791155012577].
[577.801435873624,390.21330201116,121.511862361361].
[579.252574725952,389.902257381457,122.170032271545].
[580.622182160424,389.826919007191,122.624761002373].
[582.367443748856,390.006086548891,122.799142802815].
[584.799210723514,390.64944399934,122.762065045979].
[587.714745266908,391.887371145279,122.474840550367].
[590.558288710745,393.550486476798,121.776843068352].
[593.091568137908,395.418326703262,120.726934063255].
[595.436756999773,397.362594359864,119.521189223583].
[597.270872916839,399.59579544937,117.861896053414].
[598.701496439813,402.350407701833,115.549716451961].
[600.325944227278,405.6122860511,112.789521584933].
[602.281382779763,409.174781726655,109.832806511621].
[604.30625188499,413.067297639143,106.566531257221].
[606.301993471099,417.235371160725,103.021944972708].
[608.02638587407,421.342073352196,99.486949900155].
[609.191616528177,425.263950057039,95.9912885952864].
[609.664427605769,428.881643952929,92.5255907121079].
[609.676986534603,432.16144485251,89.1622831679652].
[609.33800295998,435.139120092215,86.0017448808441].
[608.630254262048,437.760156253614,83.1265485041503].
[607.538423732688,439.721339117504,80.7607456193747].
[605.53315127905,440.735874898316,78.9103880958208].
[602.03017117151,441.067382389298,77.3515317645892].
[596.568958974075,441.214800920779,76.1448821808408].
[588.340565940057,441.321262256758,74.5451530497906].
[577.008979682201,441.264473150941,70.842274838049].
[564.207974864942,441.178192518062,65.587141437795].
[553.167724713656,440.918533413988,62.1356005035727].
[544.661629456657,439.871270196749,60.9009190725108].
[538.475869898009,438.144625054465,60.6142866426954].
[535.665995931026,437.097361837225,60.563234721986].
[535.116249066008,436.863685827845,60.563234721986].
[535.116249066008,436.863685827845,60.563234721986].
[535.116249066008,436.863685827845,60.563234721986].
[535.116249066008,436.863685827845,60.563234721986].
[535.116249066008,436.863685827845,60.563234721986].
[535.116249066008,436.863685827845,60.563234721986].
[535.116249066008,436.863685827845,60.563234721986].
[535.116249066008,436.863685827845,60.563234721986].
[535.116249066008,436.863685827845,60.563234721986].
[535.116249066008,436.863685827845,60.563234721986].
[535.116249066008,436.863685827845,60.563234721986].
[535.116249066008,436.863685827845,60.563234721986].
[535.116249066008,436.863685827845,60.563234721986].
[535.116249066008,436.863685827845,60.563234721986].
[535.116249066008,436.863685827845,60.563234721986].
[566.868763351692,432.981140291317,74.6006474460019].
[709.173659581596,415.580778395168,137.511966627048].
[NaN,NaN,NaN].
[NaN,NaN,NaN].
[NaN,NaN,NaN].
[NaN,NaN,NaN].
[NaN,NaN,NaN].
[NaN,NaN,NaN].
[NaN,NaN,NaN].
[NaN,NaN,NaN].
[NaN,NaN,NaN].
[NaN,NaN,NaN].
[NaN,NaN,NaN].
[NaN,NaN,NaN].
[NaN,NaN,NaN].
[NaN,NaN,NaN].
[NaN,NaN,NaN].
[NaN,NaN,NaN].
[NaN,NaN,NaN].
[NaN,NaN,NaN].
[NaN,NaN,NaN].
[NaN,NaN,NaN].
[NaN,NaN,NaN].
[NaN,NaN,NaN].
[NaN,NaN,NaN].
[NaN,NaN,NaN].
[NaN,NaN,NaN].
[NaN,NaN,NaN].
[NaN,NaN,NaN].
[NaN,NaN,NaN].
[NaN,NaN,NaN].
[NaN,NaN,NaN].
[NaN,NaN,NaN].
[NaN,NaN,NaN].
[NaN,NaN,NaN].
[NaN,NaN,NaN].
[NaN,NaN,NaN].
[NaN,NaN,NaN].
[NaN,NaN,NaN].
[NaN,NaN,NaN].
[NaN,NaN,NaN].
[NaN,NaN,NaN].
[NaN,NaN,NaN].
[NaN,NaN,NaN].
[NaN,NaN,NaN].
[NaN,NaN,NaN].
[NaN,NaN,NaN].
[NaN,NaN,NaN].
[NaN,NaN,NaN].
[NaN,NaN,NaN].
[NaN,NaN,NaN].
[NaN,NaN,NaN].
[NaN,NaN,NaN].
[NaN,NaN,NaN].
[NaN,NaN,NaN].
[NaN,NaN,NaN].
[NaN,NaN,NaN].
