[180.285230436239,138.32165056833,262.196470186902].
[181.312409098052,138.67675789884,262.166583965361].
[182.761452384992,139.241728961762,262.031565797301].
[184.745224352659,139.761462694908,261.750735058987].
[187.035021946517,140.188991554049,261.409367634045].
[189.197099279506,140.654010190004,261.00655010934].
[191.054783800146,141.23378759587,260.526728621818].
[192.926193320726,141.823164721539,260.03275351631].
[195.140868424551,142.377672580698,259.701177527462].
[197.422600370065,142.980666246271,259.543858666772].
[199.456328830226,143.687315252299,259.453470948086].
[201.390414408526,144.427115861844,259.313937137482].
[203.295635917828,145.176310686026,259.0808683278].
[204.991879960427,145.919910454513,258.830063463965].
[206.536204477624,146.432420907392,258.734533678184].
[207.95453864886,146.648044597782,258.907782364469].
[209.522311840678,146.726213057927,259.411452142315].
[210.847104325727,146.756855161098,260.070471283195].
[211.620494646554,146.763692338486,260.550529831493].
[211.920513280018,146.794172823172,260.71457642342].
[212.089774129947,146.944502458904,260.654098751562].
[212.371765600606,147.247995046244,260.467004718031].
[212.75196299442,147.591601174384,260.211447806293].
[213.132178502636,147.974519433402,259.858619546081].
[213.436119003759,148.455711110849,259.43480129899].
[213.671054721279,149.001480538298,258.992079298059].
[213.932417228471,149.60829869566,258.495799433303].
[214.169451556506,150.379802695475,257.813109474597].
[214.31522857629,151.311825172622,256.967099969261].
[214.453106215502,152.210774437702,256.204140870875].
[214.685239876382,153.096748549407,255.445365154661].
[214.988062235792,153.927306267327,254.584875917631].
[215.285981365331,154.564494666602,253.731930888964].
[215.558902991438,155.058448666672,252.919204304444].
[215.877889876746,155.55784712101,252.257829715886].
[216.226311695535,156.078812941079,251.672335533458].
[216.597546409744,156.631025181137,251.064499421216].
[217.192336970464,157.373083040849,250.494738130772].
[218.344415106994,158.472119398728,249.888084902491].
[220.203550374994,159.934841960852,249.064196488455].
[222.514742117953,161.663527118807,248.010283888275].
[224.866502865259,163.36909271436,246.964175990325].
[227.001054825394,164.77278613157,246.162102332255].
[228.928948027204,165.889329619287,245.59512261595].
[230.708147850861,166.809490019773,245.115474939693].
[232.235095214143,167.499474759081,244.595677841743].
[233.485057628301,168.215476125341,243.864376580915].
[234.515495873454,169.226133867197,242.944119852394].
[235.699239264698,170.706069459372,241.790044267615].
[237.618076948863,172.88347790295,240.276008131535].
[240.414951625639,175.642002023542,238.474013618441].
[243.576912586929,178.472163643477,236.547874005102].
[246.771623587282,180.997173320934,234.77933113491].
[249.952387991509,183.160801288218,233.408606649533].
[252.902449498886,184.938552048249,232.437803293662].
[255.547253540074,186.336864590705,231.781166721148].
[257.780439053943,187.496346069733,231.247601944922].
[259.595842270774,188.465724842838,230.743031963599].
[261.047944193093,189.341574670362,230.077291366791].
[262.285902573638,190.200166041439,229.198442603007].
[263.61136107741,191.021899329159,228.357489240747].
[264.954897114287,191.87138048372,227.47773706554].
[266.306094327404,192.974182899168,226.371559680893].
[268.058502211615,194.599730725738,224.846630125172].
[270.543553373106,196.891089235909,222.895088574093].
[273.77965745109,199.637527816307,220.738188092119].
[277.385945776936,202.730232880449,218.518722203473].
[281.319759505568,206.077970914937,216.295006590296].
[285.585145024306,209.418681203338,214.218710787252].
[289.74446815773,212.527725528138,212.341533308988].
[293.487532102738,215.307761800162,210.669947352214].
[296.913833622017,217.786587891515,209.185854659074].
[299.835849097703,219.91069525642,207.864199596567].
[302.257111472501,221.64338315708,206.792498330154].
[304.276209484996,222.882689124696,206.154323925408].
[305.949968482237,223.707556253502,205.79972916822].
[307.293477038468,224.4618119796,205.470420310722].
[308.15934188652,225.192884746369,205.102622927939].
[308.792189756658,225.815075119581,204.835856677224].
[309.805201056046,226.455164745825,204.667931676494].
[311.073677151353,226.945354913258,204.590721354386].
[311.793149953518,227.156091507243,204.57349340285].
[312.02100751481,227.253998440101,204.556508388619].
[312.298290985148,227.485667791888,204.465613041929].
[312.829075346344,227.918201590417,204.271691319877].
[313.434245445275,228.396849751093,204.014226455197].
[314.086359827751,228.903124108338,203.618592092569].
[314.801031254358,229.482454999226,203.057601685256].
[315.238437458828,230.045317671739,202.586441342847].
[315.49061299493,230.617345253317,202.080172865794].
[315.856876129693,231.567400249584,201.165922572386].
[316.470998218409,232.991237640158,199.96555534911].
[317.450850701939,234.477072415532,198.905195548981].
[318.662394533107,235.499859250124,198.19614279245].
[319.941237987477,236.185818619675,197.70900705973].
[321.013039264964,236.915385164292,197.261131257727].
[321.982212400964,237.837660206369,196.823630522227].
[323.20605744856,238.741037941151,196.445734602121].
[324.695625335961,239.38625203592,196.183604476268].
[326.087051186653,239.818608726529,195.923872928451].
[327.479389785874,240.361889128659,195.551543618893].
[328.900198775876,241.406178579273,194.97375845387].
[330.597925814562,242.819182460389,194.155545954445].
[332.569064056177,244.296482869579,193.200891689036].
[334.496745763716,246.046637873145,191.971636181469].
[336.481475882572,247.874442667569,190.718895679509].
[338.673032994088,249.481894289791,189.790591506897].
[340.922237901936,251.070715056936,188.921869041527].
[343.389063039661,252.895488515855,187.858087973457].
[346.061336556961,255.081562441634,186.4551286207].
[348.914196134533,257.453730410237,184.861247681103].
[351.58691864573,259.655086108236,183.341219426212].
[354.200605790878,261.696044251784,182.00951574226].
[356.895265132305,263.912894930664,180.580842572706].
[359.759746778716,266.374989023694,178.973668485775].
[362.511007429176,268.961650844274,177.209559501776].
[365.308603431981,271.660876752002,175.347182361337].
[367.981003720689,274.353598187508,173.468377948988].
[370.29674509321,276.916343761933,171.676882179404].
[372.486244063742,279.085290458952,170.335149066109].
[374.596036747935,280.568845240734,169.614766920113].
[376.257452237586,281.357219592513,169.222001181286].
[377.641326937923,281.883698186523,168.906017986797].
[378.653960476383,282.525652472741,168.637930468799].
[379.246136767994,283.15728596759,168.36408313411].
[379.581159913985,283.612921196006,168.057114938867].
[379.812963337054,283.926422823813,167.794288567229].
[380.030878938519,284.221489003165,167.602969979623].
[380.255169268031,284.529797030916,167.416587166472].
[380.544129503487,284.927529988599,167.159931287527].
[380.83942277292,285.329628879852,166.884449792474].
[381.090817047858,285.672051141859,166.585740468356].
[381.392106866825,286.093742005819,166.217532970365].
[381.817394415423,286.60376021502,165.83738890084].
[382.438261273496,287.086899252095,165.539467725044].
[383.249059964658,287.502181108018,165.336799282216].
[384.109581801368,287.937960404463,165.144286072473].
[385.019989364808,288.491059896685,164.833669176446].
[385.830048616315,289.234003806537,164.333687312624].
[386.48363009543,290.055068370022,163.713893752536].
[387.06820414222,290.870658279641,163.025349564334].
[387.581177564094,291.592130540891,162.366002349509].
[388.098872619503,292.316898621174,161.728746660073].
[388.681501808166,293.131385153448,161.021567976994].
[389.292474325698,293.98987379199,160.243116240332].
[389.96944722037,294.938829577083,159.399692948601].
[390.653801910969,295.892854094354,158.591514257962].
[391.351638345345,296.775727850849,157.899683992228].
[392.253705942329,297.651605303389,157.254430825288].
[393.321929338315,298.427487490866,156.774708100613].
[394.303262289133,299.030883363705,156.447443769724].
[395.234805046152,299.613776066667,156.092966072145].
[396.061771314365,300.302297922683,155.61431383121].
[396.81751476031,300.896946923998,155.17330685876].
[397.591406205411,301.353072725467,154.84509716397].
[398.274073717818,301.843491717118,154.490632946382].
[399.030421129047,302.438554258203,154.05674234268].
[399.949497339577,303.093382581555,153.634803242124].
[400.671870772567,303.715702575057,153.219420634242].
[401.151777945807,304.294476351616,152.794739728674].
[401.609350416519,304.842415216107,152.406254430121].
[402.254043925565,305.357418424677,152.070238418285].
[403.108657933766,305.922913573175,151.664161158034].
[403.882953948275,306.626253981414,151.106546501294].
[404.474197833109,307.317981161874,150.56058899769].
[405.09875633999,307.983332768965,150.051099196733].
[405.835194048067,308.746253328963,149.424661759284].
[406.445846160778,309.635217830725,148.634911751856].
[406.9370681836,310.503563420209,147.92261951585].
[407.573007844569,311.176499687751,147.458753147813].
[408.434174891522,311.779262343578,147.077310876702].
[409.224231846785,312.493120497832,146.600179350331].
[409.782467143359,313.179834659201,146.105605086232].
[410.214991431889,313.777103976828,145.6494070494].
[410.625190196638,314.343544157901,145.208659245474].
[411.035410037525,314.910013442845,144.76788879579].
[411.441841955139,315.474055257058,144.327095698604].
[411.816485261907,316.001157209061,143.889579843062].
[412.111701563221,316.419766999231,143.46356347928].
[412.350884899969,316.754437358635,143.047266153408].
[412.623926515231,317.142368403699,142.6455884397].
[412.898610558314,317.531368858432,142.31608302617].
[413.140085004116,317.867563828412,142.053049329588].
[413.450428856199,318.296041277297,141.720247048483].
[413.816309086577,318.801195243318,141.327889428173].
[414.19328943385,319.240200496934,140.993779316041].
[414.716634451364,319.59625073695,140.738709905234].
[415.425403108507,319.968033301809,140.467305899793].
[416.000297219896,320.308376080008,140.212261922169].
[416.564636164652,320.632441369579,140.022838185785].
[417.20073131391,320.892933168503,139.890464381165].
[417.659269726995,321.131756441376,139.741602739082].
[417.995392223198,321.443528819206,139.591301893441].
[418.309100601163,321.739963886297,139.510364770002].
[418.716920371834,321.946775101874,139.470643949964].
[419.430857667459,322.081201679504,139.429500847149].
[420.265367661515,322.232521933777,139.404546293857].
[420.793729202172,322.427797832146,139.398978180384].
[420.986732676647,322.574000940733,139.375027343807].
[421.130131252998,322.767993932133,139.24373513289].
[421.389947541166,323.130941291963,138.959028833835].
[421.719337914785,323.506294037872,138.663623983266].
[422.175147744173,323.761424877745,138.4729889889].
[422.803183215222,324.016802482132,138.303258632122].
[423.267102582568,324.292136427508,138.110151474424].
[423.456787382725,324.472227660548,137.940526528671].
[423.60516006311,324.674595634451,137.751773994333].
[423.866233393993,325.03838369301,137.458251184773].
[424.148755038939,325.432471487526,137.150414964977].
[424.392697021586,325.770275068687,136.888188586586].
[424.703453648516,326.19903342589,136.55640849991].
[425.092226496736,326.735432631195,136.150861246868].
[425.481013611813,327.271851520823,135.778468975779].
[425.817281598711,327.669738764254,135.540973333317].
[426.154717242724,327.821135464874,135.476454456248].
[426.534026038557,327.771078407766,135.569251246758].
[426.762388701843,327.557717561414,135.827232969268].
[426.832947411463,327.118834468068,136.298570311574].
[426.846698978686,326.510671368165,136.922862067673].
[426.855963630877,326.10585715825,137.362598062616].
[426.883733354119,325.815791727454,137.782624221104].
[426.951897638127,325.438345996298,138.365104004221].
[427.079966445105,325.089760853042,138.811148771737].
[427.276932194,324.796665746721,139.096714390209].
[427.49410713359,324.559396078371,139.385502275679].
[427.717743514903,324.2835269448,139.826410367374].
[427.853926404633,323.900243499992,140.350557683858].
[427.892873835744,323.435031565731,140.816004825177].
[427.828837694336,323.039848352446,141.133080141669].
[427.458204933702,322.809439480232,141.273050915432].
[426.626184058556,322.610457221619,141.342802312601].
[425.637340164355,322.316245733502,141.444848955184].
[424.712778814128,321.8721292938,141.651759616297].
[423.671204338824,321.128508937306,142.191683621429].
[422.476462576054,319.836276883821,143.277772216715].
[421.153415203384,318.070783096661,144.812505828917].
[419.634789236123,316.025686195423,146.660565888252].
[417.793479856178,313.901854228141,148.573580475281].
[415.553533276826,311.759515293977,150.414298130969].
[413.181634650605,309.517294774835,152.32383125105].
[410.91980801742,307.179340743531,154.389969168541].
[408.614411692139,304.722556300647,156.642830411384].
[406.218708249032,302.179688166709,159.026249245926].
[403.56168731574,299.690771403121,161.239051196995].
[400.51902685132,297.34020293514,163.156977158091].
[397.053703368779,295.108314550893,164.822814112374].
[393.284483184603,292.840516981369,166.362407459407].
[389.379717004554,290.485152797332,167.823684415642].
[385.537506084934,288.217574742674,169.204171402055].
[381.765119275538,286.036299584849,170.595066035113].
[377.917422312201,283.831021027104,172.014697445194].
[373.847087642536,281.693002116815,173.310774615135].
[369.506288134845,279.728593691585,174.280790887541].
[365.095637581944,277.680440763695,175.229990435285].
[360.991129557911,275.526049949286,176.331473230297].
[357.200502836216,273.348248150922,177.531382517754].
[353.713845850076,271.132602396302,178.841338759179].
[350.651461502869,268.969511176679,180.202601167923].
[347.898032029611,267.151394836853,181.303489556172].
[345.315301852657,265.730537436508,182.059905197269].
[343.010046067735,264.453219784544,182.728108845551].
[340.974779896538,263.270013855072,183.298922518851].
[339.173815137838,262.261055052167,183.654812714944].
[337.636913988874,261.32631337165,184.000661681693].
[336.283538401443,260.385335794448,184.492424739155].
[334.829341041142,259.537724304839,184.932196301231].
[333.288991539657,258.861295215123,185.214686876348].
[331.820492258783,258.279067653709,185.481422316177].
[330.559387306715,257.500319689047,186.09764705625].
[329.712994134675,256.265391408926,187.43122785924].
[329.174153513451,254.441700304682,189.516175987681].
[328.632543530963,252.141296525591,192.143569295817].
[327.881354523709,249.545578178043,195.042821977706].
[326.719913142481,246.767674958526,197.963588527426].
[325.030326713732,243.902151925908,200.696191904796].
[322.841037184566,240.751798508231,203.390649267525].
[320.066358049489,236.988729705884,206.346045267687].
[316.577212843064,232.625062062578,209.61914233643].
[312.262364999346,227.834272083107,213.013570334644].
[307.20184115286,222.783600924395,216.3421199402].
[301.577459421995,217.681827601692,219.425399488648].
[295.707784144472,212.635450850964,222.290917860993].
[289.869727652333,207.728673831136,224.976725468659].
[284.296821765206,203.030922019259,227.488978988944].
[279.334081528117,198.518038532859,229.940165463377].
[275.280112256549,194.406644089966,232.198773150852].
[272.003318895885,191.163413761859,233.782822991008].
[269.555807822654,188.907049036551,234.597228595588].
[268.019482959865,187.321499929324,234.967256319241].
[267.123540669333,186.012903820699,235.239780441227].
[266.61526051847,184.838961053448,235.645068273672].
[266.273828184512,183.786912520971,236.232647670557].
[266.006373687601,182.731988810132,236.908542337505].
[265.847049424092,181.519733070082,237.849679238876].
[265.692021061245,179.986650840119,239.248067283199].
[265.374230115251,178.01143759801,241.098084740442].
[264.883058821684,175.640855696332,243.29289619502].
[264.394795538966,173.097901523549,245.687343795306].
[263.964847660828,170.724260239799,248.036206028389].
[263.552792084731,168.898867253531,249.983152057156].
[263.28743019876,167.721602007257,251.359532732402].
[263.19899893399,167.153236568637,252.056828161308].
[263.178974683987,167.016915944046,252.260296369816].
[263.191612623082,167.179731074646,252.241977834329].
[263.3342024954,167.686884556198,252.039703056622].
[263.668327968508,168.548652522708,251.622233455943].
[264.115991582731,169.670563298051,251.081087793874].
[264.543568571104,170.920432380437,250.38305776033].
[264.858101660787,172.189084290502,249.59453558358].
[265.01504614392,173.303865029131,248.923249391994].
[265.032639693838,174.146743935055,248.561923378576].
[264.935480818307,174.642043158302,248.409874318928].
[264.684766078454,174.981412002256,248.272975764449].
[264.229012294589,175.263076227382,248.056414545414].
[263.557075443358,175.556093588926,247.74411052567].
[262.600859112626,175.98774881137,247.259791630516].
[261.670419083469,176.585561996506,246.627458611433].
[260.876791295258,177.375540994806,245.832301642596].
[260.131154459745,178.138092372128,244.984769688264].
[259.538000747918,178.663943543635,244.301257618179].
[259.071715639526,179.148577871713,243.661567649417].
[258.834278533593,179.66327385487,243.116513872681].
[258.781299154121,180.058649862576,242.771929707939].
[258.781299154121,180.225402916955,242.639394650649].
[258.690819228558,180.290136777074,242.576057429489].
[258.285316335073,180.44391915003,242.400558264756].
[257.616755089256,180.702144456301,242.11120905887].
[257.217550787234,180.881567106155,241.954105415412].
[257.155299190186,180.971359644919,241.99738926532].
[257.201839835847,181.026781388107,242.133314803988].
[257.273806312636,181.113166483449,242.167344871771].
[257.47612568517,181.390374780569,241.968768654106].
[257.799309316421,181.839728770931,241.611042732975].
[257.995330097492,182.11227574315,241.394070994035].
[258.039068245765,182.173089192709,241.345658055178].
[258.08281218606,182.233910695487,241.297238705239].
[258.278858925175,182.506493759727,241.080238233826].
[258.602085354005,182.955907255772,240.722464940855].
[258.798132093119,183.228490320012,240.505464469442].
[258.885625766883,183.350141380385,240.426887126639].
[259.081698469198,183.627322347349,240.273460610204].
[259.404967704108,184.158051037755,239.938569715663].
[259.607239836404,184.827744429078,239.427638132011].
[259.713465749009,185.769978842828,238.601193243091].
[259.914753614312,186.799467354818,237.555153109895].
[260.248813108773,187.639005075391,236.750946132358].
[260.634274453018,188.492636085036,236.205812080566].
[261.123764924171,189.291710146745,235.810085313666].
[261.732273434071,189.820472071345,235.536901406791].
[262.42261615281,190.178944937617,235.27691270889].
[262.872356546464,190.430345976122,235.003908168898].
[263.193964887729,190.78549946641,234.660629178079].
[263.61955562356,191.389156990664,234.151191358107].
[264.098002777045,192.068651000298,233.597524449491].
[264.607486380645,192.785288906673,233.001317159849].
[265.143827940022,193.5493138741,232.295321367295].
[265.599047446723,194.212278197855,231.629377205465].
[265.995755307072,194.769035214448,231.203729989316].
[266.424036289152,195.234763983649,231.040121510274].
[266.949063643276,195.530464084738,231.008323098282].
[267.469928823792,195.639004708913,231.006638168364].
[267.740857608215,195.660708413746,231.024658635392].
[267.821696717415,195.6798961813,231.105420765517].
[267.865550964159,195.711531461802,231.238575007319].
[267.988471711974,195.700202628176,231.376292125709].
[268.431903994781,195.567718079857,231.6672862516].
[269.169682745126,195.342229201799,232.167541398655].
[269.644318855337,195.205463283832,232.553723448214].
[269.766692205285,195.174946682653,232.690089980125].
[269.778293822851,195.179153148166,232.707809090577].
[269.836395658365,195.250421512158,232.641576507338].
[270.023293499358,195.5164168514,232.344742662937].
[270.286858052367,195.95300231498,231.831087204279].
[270.436771362202,196.376300355513,231.372779258922].
[270.464548015775,196.946111961237,230.813832631642].
[270.444909762302,197.817041038936,229.945763085839].
[270.425658122957,198.824453851188,228.954213676879].
[270.46922927933,199.69299824588,228.120137842203].
[270.641338703926,200.406745461653,227.450121969147].
[271.006653302323,200.920654564914,227.00845819163].
[271.523924030451,201.215507693257,226.748879355241].
[271.93940793836,201.468944217077,226.493556159859].
[272.33272129952,201.854824991495,226.206599642901].
[272.919765235972,202.298888786791,225.934350745043].
[273.607687118377,202.664352829292,225.592735511906].
[274.04307340527,202.93376681282,225.21440019469].
[274.179835233841,203.060857602666,225.012046131307].
[274.196000502942,203.087224158819,224.969915465547].
[274.223659966158,203.121792860041,224.969915465547].
[274.353331885263,203.280789351672,224.963499093811].
[274.605206231849,203.584919394501,224.928232648808].
[274.869527099029,203.906424934313,224.851644748398].
[275.084622876911,204.184291835738,224.774783874755].
[275.236625693139,204.307418678583,224.76773497008].
[275.474231089456,204.259684633495,224.889151998416].
[275.829864270606,204.130767652838,225.100068442968].
[276.094978788489,204.069574080103,225.227995733226].
[276.390732041628,204.176219850625,225.225534724154].
[276.874434707938,204.550958269111,225.079762281983].
[277.316953517594,205.165827082042,224.795810721092].
[277.623963513133,205.841245997844,224.413974841202].
[277.964082471417,206.505824775473,223.798205182616].
[278.326827972343,207.0987440246,223.04051273322].
[278.593369298029,207.5337315787,222.508417145107].
[278.787955180027,207.94841367712,222.13645619964].
[278.903786630235,208.358063517451,221.795201837033].
[279.004709165793,208.740042021794,221.425044077822].
[279.134975885783,209.155392899896,220.985719021598].
[279.257826530383,209.567907893679,220.595507251482].
[279.541965034796,210.127270939563,220.160178984147].
[280.196193812199,210.799087639803,219.667064122794].
[281.022162431892,211.375076121161,219.221742201265].
[281.748852204095,211.963788001882,218.758415069598].
[282.590193733803,212.610530898571,218.319998163644].
[283.69688874012,213.123346967372,218.009751482945].
[284.740661392575,213.539462444679,217.816443550602].
[285.43671914309,213.97260580458,217.535113428724].
[286.02962806545,214.384461330783,217.091119586638].
[286.762231634597,214.811731823489,216.677107759056].
[287.468590078454,215.422418193264,216.214633750456].
[288.067059012713,216.1829096372,215.595106250912].
[288.484336450475,216.846487674611,214.890479233978].
[288.716316719974,217.399963664253,214.136510015338].
[288.885517915711,218.005601413361,213.405882993037].
[289.079545601769,218.688059523834,212.710768934455].
[289.362121284614,219.340181596941,212.139569970573].
[289.928382500255,219.976826898497,211.686515145145].
[290.703044458388,220.651435561503,211.247482827254].
[291.262634883825,221.379756696351,210.668639462531].
[291.628455850052,222.216508054196,209.891244617644].
[292.007921747274,223.048114066879,209.102014342722].
[292.592386604874,223.674987968256,208.547245311527].
[293.450980790277,224.178693139895,208.261996154875].
[294.332424782369,224.718940931248,207.980252360586].
[295.016662723083,225.263343289522,207.544976662096].
[295.471728368631,225.847652496233,207.101572820861].
[295.815933864378,226.474734532562,206.647282879392].
[296.054824834225,227.098037951639,206.135511867288].
[296.360463814308,227.616227444478,205.739443895151].
[296.953891651211,228.133924146075,205.447067578985].
[297.722382895737,228.685063983887,205.075854742893].
[298.405861033419,229.281657475921,204.589862420366].
[298.963028510564,229.872441541044,204.040189363534].
[299.642271679104,230.447341935347,203.552750201531].
[300.464438082513,230.981727528027,203.135635126517].
[301.111720042416,231.507342513784,202.657832534697].
[301.626235874243,232.1544574795,202.070612738207].
[302.051063871764,232.768684927576,201.530701860932].
[302.376720814476,233.238026825051,201.069199849276].
[302.752941483807,233.684789628409,200.581449827201].
[303.397128880001,234.229080271845,200.046058551426].
[304.160281840585,234.70102167716,199.617012948162].
[304.748336180947,235.072553443326,199.318314261895].
[305.344215235731,235.442787892971,199.07243226485].
[306.148759254453,235.949614461538,198.700619862688].
[306.811695616466,236.51570700708,198.179733579518].
[307.309338541882,237.055778112836,197.677688802953].
[307.905116852756,237.52178873479,197.274404154414].
[308.65455831644,237.961286752029,196.901852851758].
[309.354330191431,238.568171495994,196.406803533825].
[309.988794260523,239.367448582414,195.771343411443].
[310.592431189771,240.205234344675,195.108795276435].
[311.205531938531,241.05615491175,194.435859712057].
[311.809281125362,241.894096475951,193.773188363825].
[312.417869222128,242.742067573383,193.089342244642].
[313.049367013628,243.548630607862,192.396609859466].
[313.823190774769,244.2673121747,191.756345796687].
[314.730737345422,244.834051416566,191.305651969447].
[315.688628584256,245.421678991665,190.879649975986].
[316.747178640524,246.206903489089,190.25185146184].
[317.691540230388,247.166431128333,189.403800889208].
[318.459489712168,248.092574321229,188.528643415382].
[319.263446305219,248.856645700523,187.831323307312].
[320.176168049487,249.52312890054,187.270371185113].
[320.945348315205,250.142755762307,186.769944695983].
[321.710578375023,250.759745254202,186.254090782366].
[322.657724131601,251.399287320322,185.669253969726].
[323.645824573479,252.046640610962,185.088973907616].
[324.688091860195,252.715694643021,184.600652384411].
[325.705157882927,253.382406852131,184.133737774116].
[326.722130063566,254.018620403548,183.673555640382].
[327.688581959287,254.530105724817,183.336653429537].
[328.719128720495,254.883549004088,183.139930054182].
[329.671204149225,255.21859194044,182.955614095079].
[330.396453585478,255.669880362396,182.69885605467].
[331.191377642471,256.181252394636,182.432078333106].
[332.253044389254,256.662023719687,182.149173483869].
[333.216587554733,257.116253748723,181.793252401746].
[333.880083025978,257.528724532411,181.420452669097].
[334.442508633394,257.799240044307,181.192521496537].
[335.137989346962,257.986651151121,181.121336039882].
[335.822584141745,258.151563508179,181.088655480169].
[336.391708487945,258.344044566009,180.963463706449].
[336.848837177625,258.712485739331,180.669339756882].
[337.326213536251,259.270646956063,180.218595238024].
[337.787346489621,259.881180483806,179.600083381038].
[338.293183376154,260.597223713738,178.848561253102].
[339.015006019658,261.527257156363,178.0421084048].
[339.997176860842,262.512716521037,177.31564956687].
[341.029777884851,263.330898051354,176.711682579156].
[341.754658597805,263.987041054525,176.071956781949].
[342.359364364598,264.687122986557,175.354236049841].
[343.229439568627,265.526329203972,174.684252377202].
[344.258042684738,266.325941654695,174.175846671481].
[344.984603712254,266.951388393552,173.768308854229].
[345.435405932789,267.385649155399,173.465882956939].
[346.019807069795,267.682405354367,173.333775870426].
[347.020903927615,267.984603782644,173.293338385327].
[348.219771591468,268.276075696416,173.214002495245].
[349.415632077107,268.511810171059,173.057832077147].
[350.342938206678,268.770144358201,172.887364203546].
[350.959473965834,269.150968106766,172.664286030128].
[351.513734963954,269.791883445811,172.227148386514].
[352.288007086555,270.689629878582,171.516684085444].
[353.45604683804,271.57503353936,170.81234039523].
[354.877804730884,272.233290237883,170.406895293011].
[356.111318266416,272.730625324917,170.176612830738].
[357.298532104884,273.209847171368,169.930575467516].
[358.424914667108,273.778921725564,169.588340935635].
[359.208237227823,274.408156357342,169.167243313887].
[359.834207469246,275.106578429947,168.713110320682].
[360.675160678456,275.804854460032,168.305670557709].
[361.780445988295,276.32954749834,167.996755912806].
[362.896896174995,276.877590007378,167.615404777559].
[363.836707634249,277.724841463456,167.015009086767].
[364.743231960424,278.72318864953,166.396640507325].
[365.872492374151,279.529823019889,165.962506423837].
[367.144321149613,280.061691407387,165.599012414016].
[368.156370096394,280.703952842842,165.147374500579].
[369.073497124544,281.791338470281,164.424624856383].
[370.111234039329,283.22343534787,163.377864177157].
[371.199630216287,284.570086487648,162.304971766283].
[372.474172935633,285.599779062267,161.497674154016].
[374.008997982423,286.501617573639,160.885122049178].
[375.111594511862,287.287885887646,160.285134565361].
[375.701067159104,287.947642347152,159.630384615911].
[376.408745875321,288.779295642255,158.850682973981].
[377.720245789581,289.848248274132,158.113687717751].
[379.518984832987,291.085277391334,157.429042381033].
[381.041411817184,292.428961324377,156.583064754322].
[382.179886992704,293.662782639491,155.752671890947].
[383.45838252155,294.669928782376,155.15637314363].
[385.092972163606,295.507482219186,154.773921433712].
[386.782793095383,296.32445114922,154.470621785598].
[388.462502260217,297.14219254174,154.109502435822].
[389.972057554298,298.013232622087,153.665922522583].
[391.446485845366,298.889648590302,153.207222542441].
[392.831396952573,299.806364948439,152.690075012557].
[393.91365119924,300.840717155581,151.97154944078].
[394.821841998428,301.933168672522,151.107713844234].
[395.889283831273,302.957763462566,150.314926293355].
[397.312924711472,303.850311657962,149.76487054752].
[398.977166283423,304.695133973027,149.350064051739].
[400.728340993504,305.653545702544,148.918687350832].
[402.432470562715,306.751144913363,148.404669955714].
[404.073055534364,307.797222262992,147.862571542607].
[405.818765876552,308.796790085864,147.258185533482].
[407.488575844797,309.892853206525,146.602053973731].
[409.071393481196,310.913142856177,146.089105737546].
[410.534988046572,311.848253031139,145.634669178105].
[411.88601009486,312.787647166646,145.130835102869].
[413.351017979642,313.723720193263,144.667852793956].
[414.916284067793,314.798213940001,144.098121293716].
[416.53264302964,316.104104117554,143.311609485479].
[418.240436295382,317.375658214127,142.589839252028].
[419.827232922774,318.480440824582,141.996615043981].
[421.30125816387,319.589309344834,141.372127897167].
[422.939009174054,320.758425756732,140.789271934547].
[424.602683515317,321.953822474731,140.276432679352].
[426.125525563157,323.191153849904,139.736911258452].
[427.466268560179,324.307222513806,139.265271631085].
[428.430840757358,325.208601633347,138.837904116621].
[429.00965932409,325.763909793407,138.52235266135].
[429.346265032302,325.951863269025,138.467251533935].
[429.497870599978,325.915643101434,138.796454653379].
[429.500844517064,325.780659401697,139.441454321909].
[429.346971327123,325.644586448953,139.983301969397].
[429.014595310648,325.537906145441,140.268822280231].
[428.523448558758,325.418358805797,140.394825459699].
[427.874590764005,325.124963450755,140.636878819234].
[427.19647119238,324.291352907041,141.385924896526].
[426.220502170969,322.781442474471,142.698450143298].
[424.630687249847,320.987097652612,144.103497265716].
[422.55513722325,319.237299167111,145.320911998944].
[419.948938998866,317.494517053384,146.364315949431].
[416.958596412677,315.554829184497,147.543072300596].
[413.60837843714,313.225294531153,149.1057355551].
[409.869197421212,310.404626910259,151.059124800981].
[405.648631135321,307.252615580612,153.153087885409].
[401.13595004952,303.910287030572,155.310222632857].
[396.567893124854,300.199147602858,157.816654146586].
[391.954157771315,295.888486164814,160.902843342474].
[387.041955228068,291.164944886399,164.312729851423].
[381.567006654047,286.202895009839,167.773534673958].
[375.673600922507,281.034810000626,171.343513580039].
[369.77433469379,275.931342639251,174.926083335003].
[364.278318725765,271.384872300007,178.076056552091].
[359.175309135035,267.394155202592,180.683189173947].
[354.467990746884,264.046865789687,182.62662181273].
[350.160044104848,261.583070665272,183.747904196898].
[346.343646127911,260.206202773033,184.078547299487].
[343.198359380884,259.797523203358,183.757809148135].
[340.691514946156,260.069224293935,182.78150238743].
[338.882920511447,260.943751105717,181.26938965643].
[337.701414065481,262.391389756687,179.330129418356].
[337.103469544354,264.384870600576,177.007352518954].
[337.00886813083,266.701205840501,174.531015901984].
[337.468593005637,269.104718402285,172.23427588].
[338.621070746507,271.388005632477,170.247554046241].
[340.225683006205,273.480079256125,168.511819210887].
[341.916244882635,275.590411427011,166.820851886509].
[343.42463445326,277.931408457546,164.911852421348].
[344.771216483254,280.008932796097,163.235161391706].
[345.996259354109,281.4169065106,162.186363575045].
[347.057169696904,282.309509273507,161.609304762264].
[347.671107283719,282.982485463921,161.138817898969].
[347.870958675389,283.642001728405,160.560875321147].
[347.889398568984,284.358708813064,159.854729837497].
[347.883480237886,285.054987317092,159.154893767916].
[347.945303799694,285.631340069721,158.557337140284].
[348.064694363057,286.011368656827,158.176059282617].
[348.136423618648,286.28165382605,157.932483433709].
[348.232710142594,286.437295090742,157.777571435226].
[348.612516893029,286.534549207066,157.656122758909].
[349.432788284317,286.694346615743,157.534420190126].
[350.394082069165,286.970218125187,157.365956964688].
[351.293085645925,287.315821729368,157.127521691104].
[352.300345702325,287.654216498466,156.871409703546].
[353.33727505663,288.118367188113,156.493710588454].
[354.185598466634,288.773474474932,155.906291881151].
[354.914380191384,289.352816492051,155.352811158132].
[355.684132439968,289.777019711906,155.040775734986].
[356.391425847782,290.179387753624,154.837355251272].
[356.99597497221,290.569697777785,154.580937464891].
[357.434949831686,290.881154978464,154.355351316534].
[357.718011484656,291.025278762606,154.258479174825].
[357.912186972235,291.054056806917,154.241936575134].
[358.05230838896,291.040369370459,154.273789232919].
[358.288230871956,290.979026536087,154.416542941177].
[358.653040745578,290.877889300251,154.651904016453].
[358.916411980945,290.84323661234,154.770462892091].
[359.084894611581,290.949166113566,154.693881832963].
[359.229829140733,291.14638110306,154.515104857428].
[359.305914624897,291.265998040743,154.406671140516].
[359.32135645924,291.292688187204,154.382476307895].
[359.366003791363,291.354517028139,154.334082637049].
[359.566099251758,291.631614668787,154.117197251345].
[359.918326407504,292.11938842256,153.735414864183].
[360.218477880087,292.53504635266,153.410077808696].
[360.450416433902,292.856241175924,153.166348790192].
[360.650533980217,293.133369401757,152.976148898709].
[360.901822482159,293.401613965838,152.795437196008].
[361.292044069625,293.581984941495,152.657560394727].
[361.805702935083,293.689715743449,152.559911892119].
[362.148137077793,293.780705454907,152.408943339411].
[362.322055516102,293.934182587557,152.159007278804].
[362.500485545524,294.20550840077,151.858399260082].
[362.796423220768,294.636018607173,151.494382387422].
[363.264784180611,295.289652332261,150.980468039763].
[363.865460055106,295.95628772394,150.463607670433].
[364.82551775841,296.528194900729,150.053175173341].
[366.195006286719,297.075666277845,149.735977728885].
[367.463690777662,297.636740353428,149.448279580049].
[368.619852153939,298.149041470272,149.175546999034].
[369.819355968504,298.680776163384,148.955452891455].
[370.926207689647,299.246657275309,148.797391585379].
[371.995155574759,299.718827977304,148.680186656954].
[373.086624708328,300.061366290448,148.680859670239].
[374.186527940442,300.312374143763,148.785215069841].
[375.325045883812,300.530456730629,148.861273717705].
[375.981461251802,300.646953917664,148.880151320946].
[376.249136194914,300.655013266947,148.913203293856].
[376.576261921646,300.554911891779,149.077202388984].
[377.07214949127,300.333996058748,149.401096501172].
[377.54675889839,300.107878948971,149.685763562762].
[377.776411480595,300.001548835491,149.802786685477].
[377.821855770251,299.98182514976,149.821673351143].
[377.81896057179,299.980021765664,149.808136954092].
[377.805985192493,299.971939558868,149.747471031377].
[377.78459240865,299.95861425261,149.64744983419].
[377.771617029353,299.950532045815,149.586783911475].
[377.81710425378,299.932623976344,149.605865076442].
[378.036797597273,299.858657362847,149.765451261664].
[378.455435270658,299.731634828595,150.06653867305].
[378.90997712102,299.648019535477,150.31176641144].
[379.372975698607,299.675845381572,150.388760002685].
[379.792821296473,299.884167465004,150.331809129079].
[380.213486836145,300.276893178246,150.167636428736].
[380.604606486467,300.746641834597,149.868154619877].
[380.994021014664,301.273355531573,149.426378256108].
[381.325127302917,301.725062094775,149.039990753839].
[381.68698468403,302.220177251269,148.682918145016].
[382.14336040648,302.858541947133,148.168030505093].
[382.620869197134,303.534339112425,147.547755782848].
[383.031922520776,304.112117091288,147.032895475434].
[383.449326092548,304.653777368128,146.615678246062].
[383.944408205891,305.077628458254,146.355958419591].
[384.78562980671,305.511850722871,146.111178980356].
[385.880948091348,306.007368904475,145.787012182348].
[386.719611131284,306.43996142685,145.547137888308].
[387.24779825501,306.882561516798,145.291650981564].
[387.901262681668,307.504564726725,144.862136855557].
[388.89888010313,308.153648930945,144.401172090619].
[390.056411975711,308.712195315999,144.054234794605].
[390.909927628043,309.117042472747,143.900543717944].
[391.504495686817,309.421651248044,143.839896818598].
[392.357567268317,309.826433433661,143.704036933434].
[393.516953041805,310.350477031411,143.480041850928].
[394.622310354951,310.881282236825,143.313885535246].
[395.727311010669,311.4120610521,143.14779191579].
[396.930677742916,311.961841893858,142.923929891098].
[398.035421663858,312.492288376206,142.757872270436].
[399.139809282791,313.022708488518,142.574093536551].
[400.342375052142,313.608258346592,142.258186486817].
[401.491272955819,314.28954152734,141.917377069619].
[402.795683631861,315.076044838024,141.623028067519].
[404.328258531579,315.872860736547,141.344276791805].
[405.632448760289,316.659008045892,141.050077795218].
[406.780378556602,317.339883741708,140.709513265769].
[407.936526297729,317.899206994031,140.393942244431].
[408.789553845553,318.305194352765,140.240667630999].
[409.393825017648,318.618029725278,140.201314348625].
[410.267647265732,319.035449799081,140.132381571283].
[411.445731838783,319.601953711397,139.929695355722].
[412.464108886301,320.263377239001,139.628171657656].
[413.14819076511,320.943689900224,139.365067714033].
[413.756741648554,321.563995956372,139.169220225716].
[414.783411799041,322.210693887654,139.017606873471].
[416.031235350162,322.744370467235,138.853365096708].
[416.706832754501,323.198468368864,138.57855423933].
[416.799961452702,323.716567148344,138.226984833252].
[416.588349064104,324.158182847663,137.870545874081].
[416.239459217879,324.498191296467,137.51142062659].
[416.027846829281,324.677602900581,137.312687969458].
[415.932855268918,324.74225962486,137.236165412942].
[415.71754209601,324.84414806183,137.059756415933].
[415.359142844004,325.122794643165,136.639875601205].
[415.136144124403,325.620537349893,136.088231831666].
[415.082978540415,326.18510855165,135.632219709579].
[415.081775616764,326.485284331385,135.430465922544].
[415.083644689187,326.549341947109,135.403001861012].
[415.092021290638,326.554429471289,135.449478914678].
[415.105831971627,326.562817380621,135.526106621657].
[415.158898013963,326.629666150937,135.52426933264].
[415.361051265161,326.907596032799,135.318109903525].
[415.691264050891,327.363953345235,134.961112515057].
[415.891548229665,327.640748047012,134.744582653513].
[415.93623767055,327.702509293147,134.69626831083].
[415.977242430441,327.762058328215,134.647948650313].
[416.161013014675,328.028938587826,134.431394955891].
[416.46399948583,328.468949748577,134.053699616103].
[416.647770070064,328.735830008188,133.744560241953].
[416.688774829954,328.795379043255,133.543592601907].
[416.711137824332,328.826279515622,133.426876254622].
[416.833726010476,328.9956679613,133.273939480992].
[417.14392882573,329.424296317536,132.939216818909].
[417.609878094511,330.068130155742,132.436436792512].
[418.107734637836,330.756052448234,131.915470504246].
[418.671297643557,331.366304055572,131.515225854124].
[419.719782556508,332.060064681927,131.135406446486].
[421.158635360482,332.802056068975,130.762928249814].
[422.216516627268,333.501319790127,130.437582250802].
[422.918005084019,334.117809764615,130.191525829888].
[423.940869985482,334.761106177005,130.014542947591].
[425.229722983707,335.291428297379,129.844242166052].
[426.10389705598,335.743931745902,129.569267502217].
[426.618972557167,336.28733743348,129.209511266236].
[427.042120058955,336.871956141618,128.814689346143].
[427.587405196722,337.541237236797,128.344045673598].
[428.358817868754,338.146125397702,127.963323552075].
[429.478945256023,338.69565475389,127.69769846736].
[430.741871436387,339.442495540429,127.318915900433].
[431.801039084392,340.444900736916,126.652754013174].
[432.624687402026,341.498637464486,125.860692731467].
[433.295500094333,342.338960315412,125.248106254022].
[433.967072632386,342.87975775943,124.983179384833].
[434.734388257569,343.30562755988,124.902700450295].
[435.251365067521,343.677012044342,124.770059537303].
[435.523277741983,344.138013321155,124.436231624584].
[435.722087903396,344.756476267245,123.880354059944].
[435.932262098124,345.460236198606,123.220306355318].
[436.1389047441,346.083272262046,122.737082984868].
[436.332645650168,346.508956492843,122.524565286754].
[436.440171010542,346.687942113699,122.471234318552].
[436.423020557021,346.723280219238,122.464735695232].
[436.223341177195,346.733407171155,122.461876082538].
[435.866815587614,346.775163442937,122.44906018758].
[435.518383070109,346.832457816997,122.430218131445].
[435.045394091138,346.8138859403,122.438741892809].
[434.298051726171,346.679665162754,122.533777348922].
[433.492162048369,346.475004092728,122.775221876939].
[432.988198457829,346.248257434656,123.158730839595].
[432.695263673385,346.02504341627,123.645621553508].
[432.260543176266,345.80316068746,124.164787615611].
[431.651255594734,345.668720868817,124.458222895017].
[431.06972407725,345.591704697341,124.538615461104].
[430.446705583036,345.519074279838,124.540955392847].
[429.874052769414,345.475747485174,124.52682329734].
