[NaN,NaN,NaN].
[NaN,NaN,NaN].
[NaN,NaN,NaN].
[NaN,NaN,NaN].
[NaN,NaN,NaN].
[NaN,NaN,NaN].
[NaN,NaN,NaN].
[NaN,NaN,NaN].
[NaN,NaN,NaN].
[NaN,NaN,NaN].
[NaN,NaN,NaN].
[NaN,NaN,NaN].
[NaN,NaN,NaN].
[NaN,NaN,NaN].
[NaN,NaN,NaN].
[NaN,NaN,NaN].
[NaN,NaN,NaN].
[NaN,NaN,NaN].
[NaN,NaN,NaN].
[NaN,NaN,NaN].
[NaN,NaN,NaN].
[NaN,NaN,NaN].
[NaN,NaN,NaN].
[NaN,NaN,NaN].
[NaN,NaN,NaN].
[NaN,NaN,NaN].
[NaN,NaN,NaN].
[NaN,NaN,NaN].
[NaN,NaN,NaN].
[NaN,NaN,NaN].
[NaN,NaN,NaN].
[NaN,NaN,NaN].
[NaN,NaN,NaN].
[NaN,NaN,NaN].
[NaN,NaN,NaN].
[NaN,NaN,NaN].
[NaN,NaN,NaN].
[NaN,NaN,NaN].
[NaN,NaN,NaN].
[NaN,NaN,NaN].
[NaN,NaN,NaN].
[NaN,NaN,NaN].
[NaN,NaN,NaN].
[NaN,NaN,NaN].
[NaN,NaN,NaN].
[NaN,NaN,NaN].
[NaN,NaN,NaN].
[NaN,NaN,NaN].
[NaN,NaN,NaN].
[NaN,NaN,NaN].
[NaN,NaN,NaN].
[NaN,NaN,NaN].
[NaN,NaN,NaN].
[NaN,NaN,NaN].
[NaN,NaN,NaN].
[NaN,NaN,NaN].
[NaN,NaN,NaN].
[NaN,NaN,NaN].
[NaN,NaN,NaN].
[NaN,NaN,NaN].
[NaN,NaN,NaN].
[NaN,NaN,NaN].
[NaN,NaN,NaN].
[NaN,NaN,NaN].
[NaN,NaN,NaN].
[NaN,NaN,NaN].
[NaN,NaN,NaN].
[NaN,NaN,NaN].
[NaN,NaN,NaN].
[NaN,NaN,NaN].
[NaN,NaN,NaN].
[NaN,NaN,NaN].
[NaN,NaN,NaN].
[NaN,NaN,NaN].
[NaN,NaN,NaN].
[NaN,NaN,NaN].
[NaN,NaN,NaN].
[NaN,NaN,NaN].
[NaN,NaN,NaN].
[NaN,NaN,NaN].
[NaN,NaN,NaN].
[NaN,NaN,NaN].
[NaN,NaN,NaN].
[NaN,NaN,NaN].
[NaN,NaN,NaN].
[NaN,NaN,NaN].
[NaN,NaN,NaN].
[NaN,NaN,NaN].
[NaN,NaN,NaN].
[NaN,NaN,NaN].
[NaN,NaN,NaN].
[NaN,NaN,NaN].
[NaN,NaN,NaN].
[NaN,NaN,NaN].
[NaN,NaN,NaN].
[NaN,NaN,NaN].
[NaN,NaN,NaN].
[NaN,NaN,NaN].
[NaN,NaN,NaN].
[616.809921932358,275.950103451591,316.894887960092].
[475.399283320269,238.469253649984,247.428959661301].
[443.846304880062,230.106145631252,231.929015955132].
[443.846304880062,230.106145631252,231.929015955132].
[443.846304880062,230.106145631252,231.929015955132].
[443.846304880062,230.106145631252,231.929015955132].
[443.846304880062,230.106145631252,231.929015955132].
[443.846304880062,230.106145631252,231.929015955132].
[443.846304880062,230.106145631252,231.929015955132].
[443.846304880062,230.106145631252,231.929015955132].
[443.846304880062,230.106145631252,231.929015955132].
[443.846304880062,230.106145631252,231.929015955132].
[443.846304880062,230.106145631252,231.929015955132].
[443.846304880062,230.106145631252,231.929015955132].
[443.846304880062,230.106145631252,231.929015955132].
[443.846304880062,230.106145631252,231.929015955132].
[443.896398944521,230.093148945555,231.979013488379].
[444.120904965695,230.034901841317,232.203086886674].
[444.491052818206,229.938868601604,232.572521464643].
[444.715558839381,229.880621497366,232.796594862939].
[444.76565290384,229.867624811669,232.846592396186].
[444.714448241659,229.879271606343,232.790058895227].
[444.484964866812,229.931468918738,232.536693321873].
[444.10661074543,230.017527737958,232.11896411182].
[443.877127370583,230.069725050353,231.865598538466].
[443.825922708402,230.081371845027,231.809065037507].
[443.825922708402,230.081371845027,231.809065037507].
[443.825922708402,230.081371845027,231.809065037507].
[443.825922708402,230.081371845027,231.809065037507].
[443.825922708402,230.081371845027,231.809065037507].
[443.877127370583,230.069725050353,231.865598538466].
[444.10661074543,230.017527737958,232.11896411182].
[444.484964866812,229.931468918738,232.536693321873].
[444.714448241659,229.879271606343,232.790058895227].
[444.76565290384,229.867624811669,232.846592396186].
[444.76565290384,229.867624811669,232.846592396186].
[444.76565290384,229.867624811669,232.846592396186].
[444.76565290384,229.867624811669,232.846592396186].
[444.76565290384,229.867624811669,232.846592396186].
[444.76565290384,229.867624811669,232.846592396186].
[444.76565290384,229.867624811669,232.846592396186].
[444.76565290384,229.867624811669,232.846592396186].
[444.76565290384,229.867624811669,232.846592396186].
[444.76565290384,229.867624811669,232.846592396186].
[444.76565290384,229.867624811669,232.846592396186].
[444.76565290384,229.867624811669,232.846592396186].
[444.76565290384,229.867624811669,232.846592396186].
[444.76565290384,229.867624811669,232.846592396186].
[444.76565290384,229.867624811669,232.846592396186].
[444.76565290384,229.867624811669,232.846592396186].
[444.76565290384,229.867624811669,232.846592396186].
[444.76565290384,229.867624811669,232.846592396186].
[444.76565290384,229.867624811669,232.846592396186].
[444.76565290384,229.867624811669,232.846592396186].
[444.76565290384,229.867624811669,232.846592396186].
[444.794024129477,229.855992290676,232.903056612746].
[444.921175141328,229.803858948482,233.15611167497].
[445.15358240204,229.717905598292,233.573328938716].
[445.382784534486,229.665772256098,233.82638400094].
[445.579409613347,229.654139735105,233.8828482175].
[445.681460733942,229.654139735105,233.8828482175].
[445.704231416823,229.654139735105,233.8828482175].
[445.704231416823,229.654139735105,233.8828482175].
[445.704231416823,229.654139735105,233.8828482175].
[445.704231416823,229.654139735105,233.8828482175].
[445.704231416823,229.654139735105,233.8828482175].
[445.704231416823,229.654139735105,233.8828482175].
[445.704231416823,229.654139735105,233.8828482175].
[445.704231416823,229.654139735105,233.8828482175].
[445.704231416823,229.654139735105,233.8828482175].
[445.704231416823,229.654139735105,233.8828482175].
[445.704231416823,229.654139735105,233.8828482175].
[445.704231416823,229.654139735105,233.8828482175].
[445.681460733942,229.654139735105,233.8828482175].
[445.579409613347,229.654139735105,233.8828482175].
[445.382784534486,229.622983090976,233.865371357634].
[445.15358240204,229.483348699518,233.787045505788].
[444.921175141328,229.233566510921,233.657908007804].
[444.748448539891,229.006252366691,233.579582155958].
[444.515821692531,228.83053624916,233.562105296091].
[444.179061104336,228.74285649639,233.562105296091].
[443.974805482613,228.723292499112,233.562105296091].
[443.929229893027,228.723292499112,233.562105296091].
[443.929229893027,228.723292499112,233.562105296091].
[443.929229893027,228.723292499112,233.562105296091].
[443.906439185615,228.692111933082,233.58160146602].
[443.804298321302,228.5523703311,233.668977237704].
[443.635896505701,228.32197537951,233.813035531022].
[443.533755641388,228.182233777528,233.900411302705].
[443.510964933976,228.151053211498,233.919907472634].
[443.510964933976,228.151053211498,233.919907472634].
[443.510964933976,228.151053211498,233.919907472634].
[443.510964933976,228.151053211498,233.919907472634].
[443.459711773277,228.151053211498,233.882910013849].
[443.207202222351,228.131442239287,233.717098907182].
[442.726267699806,228.043551959473,233.443722608703].
[442.32803131323,227.898645385655,233.277911502036].
[442.174556109638,227.810755105841,233.240914043251].
[442.151747288837,227.79114413363,233.240914043251].
[442.151747288837,227.79114413363,233.240914043251].
[442.151747288837,227.79114413363,233.240914043251].
[442.174556109638,227.822345997457,233.221406656507].
[442.276778152531,227.962183049544,233.133980614546].
[442.445313808983,228.192735371752,232.989839439552].
[442.547535851875,228.332572423839,232.902413397591].
[442.570344672677,228.363774287666,232.882906010847].
[442.570344672677,228.363774287666,232.882906010847].
[442.570344672677,228.363774287666,232.882906010847].
[442.570344672677,228.363774287666,232.882906010847].
[442.570344672677,228.363774287666,232.882906010847].
[442.570344672677,228.363774287666,232.882906010847].
[442.570344672677,228.363774287666,232.882906010847].
[442.570344672677,228.363774287666,232.882906010847].
[442.598805183887,228.321000173013,232.958908687642].
[442.726356345914,228.129299890882,233.299529053552].
[442.936652659852,227.813239558134,233.86111709606].
[443.064203821879,227.621539276003,234.20173746197].
[443.09266433309,227.578765161351,234.277740138765].
[443.09266433309,227.578765161351,234.277740138765].
[443.041395001078,227.590337412176,234.221244848714].
[442.811621796158,227.64220064222,233.968050524765].
[442.432789825769,227.727708652761,233.550603657251].
[442.203016620849,227.779571882805,233.297409333303].
[442.151747288837,227.79114413363,233.240914043251].
[442.151747288837,227.79114413363,233.240914043251].
[442.151747288837,227.79114413363,233.240914043251].
[442.151747288837,227.79114413363,233.240914043251].
[442.151747288837,227.79114413363,233.240914043251].
[442.151747288837,227.79114413363,233.240914043251].
[442.174556109638,227.822345997457,233.221406656507].
[442.276778152531,227.962183049544,233.133980614546].
[442.422504988181,228.161533507925,233.009346826296].
[442.422504988181,228.161533507925,233.009346826296].
[442.276778152531,227.962183049544,233.133980614546].
[442.174556109638,227.822345997457,233.221406656507].
[442.151747288837,227.79114413363,233.240914043251].
[442.151747288837,227.79114413363,233.240914043251].
[442.151747288837,227.79114413363,233.240914043251].
[442.151747288837,227.79114413363,233.240914043251].
[442.151747288837,227.79114413363,233.240914043251].
[442.151747288837,227.79114413363,233.240914043251].
[442.151747288837,227.79114413363,233.240914043251].
[442.151747288837,227.79114413363,233.240914043251].
[442.151747288837,227.79114413363,233.240914043251].
[442.151747288837,227.79114413363,233.240914043251].
[442.151747288837,227.79114413363,233.240914043251].
[442.151747288837,227.79114413363,233.240914043251].
[442.151747288837,227.79114413363,233.240914043251].
[442.151747288837,227.79114413363,233.240914043251].
[442.174556109638,227.822345997457,233.221406656507].
[442.276778152531,227.962183049544,233.133980614546].
[442.445313808983,228.192735371752,232.989839439552].
[442.547535851875,228.332572423839,232.902413397591].
[442.570344672677,228.363774287666,232.882906010847].
[442.570344672677,228.363774287666,232.882906010847].
[442.570344672677,228.363774287666,232.882906010847].
[442.598257216082,228.352183396049,232.939410856376].
[442.723352556788,228.300236623777,233.192648005004].
[442.929599905875,228.214590875387,233.610165478477].
[443.049014552122,228.173526217614,233.803495000106].
[443.051467989262,228.210705579614,233.591512488482].
[442.98726117028,228.291822911245,233.148851671831].
[442.862165829574,228.343769683518,232.880364314679].
[442.692212756063,228.359888991893,232.82385946915].
[442.592576521624,228.363065510549,232.839109677675].
[442.570344672677,228.363774287666,232.864253020852].
[442.570344672677,228.363774287666,232.879503229377].
[442.593151548831,228.394973491267,232.863400287275].
[442.69536487642,228.534798621049,232.775981699132].
[442.863886163765,228.765331286699,232.631852813406].
[442.966099491354,228.905156416481,232.544434225263].
[442.988906367508,228.936355620082,232.524928501691].
[442.988906367508,228.936355620082,232.524928501691].
[442.988906367508,228.936355620082,232.524928501691].
[442.988906367508,228.936355620082,232.524928501691].
[442.988906367508,228.936355620082,232.524928501691].
[442.988906367508,228.936355620082,232.524928501691].
[442.988906367508,228.935656305406,232.524928501691].
[442.988906367508,228.932522194469,232.524928501691].
[442.988331340301,228.927354919102,232.521561654694].
[442.985754247152,228.924220808165,232.506472493309].
[442.981505338859,228.92352149349,232.481594671976].
[442.97892824571,228.92352149349,232.466505510591].
[442.978353218502,228.92352149349,232.463138663595].
[442.978353218502,228.92352149349,232.463138663595].
[443.029632285757,228.911959272329,232.519886699048].
[443.259449121007,228.860140992124,232.774213749304].
[443.63835302565,228.774051496146,233.193528166776].
[443.868169860901,228.719295042128,233.447855217032].
[443.91891304296,228.702888591305,233.501452797057].
[443.916511372136,228.699950417491,233.487333435395].
[443.912551686364,228.699294822298,233.464054543496].
[443.910685900736,228.699294822298,233.453085637263].
[443.912551686364,228.699294822298,233.464054543496].
[443.916511372136,228.699950417491,233.487333435395].
[443.867633975705,228.714450812465,233.444704761603].
[443.63835302565,228.771113322333,233.193528166776].
[443.259449121007,228.859485396931,232.774213749304].
[443.029632285757,228.911959272329,232.519886699048].
[443.006834084771,228.911959272329,232.51673624362].
[443.156738787631,228.859485396931,232.756943932214].
[443.466958283592,228.771113322333,233.152979457786].
[443.759098170929,228.714450812465,233.393187146381].
[443.887351814555,228.699950417491,233.446784726406].
[443.910150015541,228.699950417491,233.449935181834].
[443.912551686364,228.702888591305,233.464054543496].
[443.916511372136,228.707732820967,233.487333435395].
[443.91891304296,228.710670994781,233.501452797057].
[443.896650727169,228.680136682048,233.524063480139].
[443.794476278988,228.540353212594,233.611278169718].
[443.602667936041,228.290939609545,233.755070883546].
[443.345670484055,228.066229818818,233.808457267332].
[442.925481234993,227.895020078569,233.676309546639].
[442.45011686456,227.810093757297,233.426350297392].
[442.201917667946,227.79114413363,233.274742349046].
[442.151747288837,227.79114413363,233.240914043251].
[442.15056344482,227.789703615226,233.234017692035].
[442.145257824027,227.783247659639,233.203110390164].
[442.136510334172,227.77260358834,233.152152864149].
[442.086765080857,227.705176441465,233.163651218253].
[441.886416621477,227.430482001459,233.350314291035].
[441.558049683758,226.979962448612,233.679384848104].
[441.358885068395,226.70670852701,233.895372792192].
[441.211652941593,226.668849779848,233.8403506812].
[440.750968943469,226.772432568078,233.336710726165].
[439.99142943669,226.943211714312,232.500561050945].
[439.530745438565,227.046794502543,231.993410636815].
[439.427952944286,227.069906946669,231.88025008369].
[439.382256829462,227.007409849826,231.919314803112].
[439.177461051097,226.727317293975,232.094390729182].
[438.839809895157,226.26552273938,232.383042132482].
[438.635014116793,225.985430183529,232.558118058552].
[438.537794461208,225.934473185324,232.540517318999].
[438.256875900191,225.997746617864,232.238798177457].
[437.65205390289,226.136681236229,231.606038711766].
[437.05164374561,226.282207618084,230.999164365031].
[436.776008540643,226.359432322523,230.728443695601].
[436.676093448843,226.391081989908,230.633687127422].
[436.45159299169,226.446215552463,230.418415560794].
[436.079120665464,226.536789981576,230.050298765776].
[435.849357245876,226.596303774648,229.80527144094].
[435.79575645003,226.613334265791,229.737404470566].
[435.794932703556,226.617707922154,229.732747169433].
[435.74422198204,226.620541730347,229.701182215656].
[435.494069910153,226.599167673867,229.559717907307].
[435.016813806969,226.512682446354,229.326482693087].
[434.620464890326,226.374712812516,229.185018384738].
[434.490084817246,226.32290762879,229.133739129065].
[434.56975416881,226.444583496348,229.04538575773].
[434.738833399085,226.675760789035,228.899715675072].
[434.841385136167,226.81597690488,228.811362303737].
[434.864267521686,226.847263349264,228.791648001841].
[434.864267521686,226.847263349264,228.791648001841].
[434.864267521686,226.847263349264,228.791648001841].
[434.864267521686,226.847263349264,228.791648001841].
[434.864267521686,226.847263349264,228.791648001841].
[434.864267521686,226.847263349264,228.791648001841].
[434.841385136167,226.81597690488,228.811362303737].
[434.738833399085,226.675760789035,228.899715675072].
[434.56975416881,226.444583496348,229.04538575773].
[434.467202431727,226.304367380503,229.133739129065].
[434.444320046209,226.273080936119,229.153453430961].
[434.421435813947,226.241791966736,229.173169323917].
[434.318875800336,226.101564534626,229.261529825889].
[434.149782924373,225.870368584571,229.40721166498].
[434.047222910762,225.730141152461,229.495572166952].
[434.024338678501,225.698852183077,229.515288059907].
[434.024338678501,225.698852183077,229.515288059907].
[434.024338678501,225.698852183077,229.515288059907].
[434.024338678501,225.698852183077,229.515288059907].
[434.024338678501,225.698852183077,229.515288059907].
[434.024338678501,225.698852183077,229.515288059907].
[434.024338678501,225.698852183077,229.520220794503].
[434.002341170322,225.668607129125,229.557112526841].
[433.903755178341,225.533058201399,229.659821430238].
[433.740325785321,225.308529360297,229.796141209432].
[433.63775749418,225.168290610551,229.889597170883].
[433.587203332115,225.100076024269,229.955838326748].
[433.484664421251,224.959871922182,230.04921524128].
[433.321283468119,224.735400205413,230.185601342046].
[433.222726856416,224.599885925345,230.288674689102].
[433.200735903863,224.569648602331,230.325844387721].
[433.200735903863,224.569648602331,230.330846536417].
[433.200735903863,224.569648602331,230.330846536417].
[433.200735903863,224.569648602331,230.330846536417].
[433.200735903863,224.569648602331,230.330846536417].
[433.200735903863,224.569648602331,230.330846536417].
[465.411399935094,233.212399289395,245.67497804836].
[609.769580872195,271.953852719676,314.523432050896].
[NaN,NaN,NaN].
[NaN,NaN,NaN].
[NaN,NaN,NaN].
[NaN,NaN,NaN].
[NaN,NaN,NaN].
[NaN,NaN,NaN].
[NaN,NaN,NaN].
[NaN,NaN,NaN].
[NaN,NaN,NaN].
[NaN,NaN,NaN].
[NaN,NaN,NaN].
[NaN,NaN,NaN].
[NaN,NaN,NaN].
[NaN,NaN,NaN].
[NaN,NaN,NaN].
[NaN,NaN,NaN].
[NaN,NaN,NaN].
[NaN,NaN,NaN].
[NaN,NaN,NaN].
[NaN,NaN,NaN].
[NaN,NaN,NaN].
[NaN,NaN,NaN].
[NaN,NaN,NaN].
[NaN,NaN,NaN].
[NaN,NaN,NaN].
[NaN,NaN,NaN].
[NaN,NaN,NaN].
[NaN,NaN,NaN].
[NaN,NaN,NaN].
[NaN,NaN,NaN].
[NaN,NaN,NaN].
[NaN,NaN,NaN].
[NaN,NaN,NaN].
[NaN,NaN,NaN].
[NaN,NaN,NaN].
[NaN,NaN,NaN].
[NaN,NaN,NaN].
[NaN,NaN,NaN].
[NaN,NaN,NaN].
[NaN,NaN,NaN].
[NaN,NaN,NaN].
[NaN,NaN,NaN].
[NaN,NaN,NaN].
[NaN,NaN,NaN].
[NaN,NaN,NaN].
[NaN,NaN,NaN].
[NaN,NaN,NaN].
[NaN,NaN,NaN].
[NaN,NaN,NaN].
[NaN,NaN,NaN].
[NaN,NaN,NaN].
[NaN,NaN,NaN].
[NaN,NaN,NaN].
[NaN,NaN,NaN].
[NaN,NaN,NaN].
[NaN,NaN,NaN].
[NaN,NaN,NaN].
[NaN,NaN,NaN].
[NaN,NaN,NaN].
[NaN,NaN,NaN].
[NaN,NaN,NaN].
[NaN,NaN,NaN].
[NaN,NaN,NaN].
[NaN,NaN,NaN].
[NaN,NaN,NaN].
[NaN,NaN,NaN].
[NaN,NaN,NaN].
[NaN,NaN,NaN].
[NaN,NaN,NaN].
[NaN,NaN,NaN].
[NaN,NaN,NaN].
[NaN,NaN,NaN].
[NaN,NaN,NaN].
[NaN,NaN,NaN].
[NaN,NaN,NaN].
[NaN,NaN,NaN].
[NaN,NaN,NaN].
[NaN,NaN,NaN].
[NaN,NaN,NaN].
[NaN,NaN,NaN].
[NaN,NaN,NaN].
[NaN,NaN,NaN].
[NaN,NaN,NaN].
[NaN,NaN,NaN].
[NaN,NaN,NaN].
[NaN,NaN,NaN].
[NaN,NaN,NaN].
[NaN,NaN,NaN].
[NaN,NaN,NaN].
[NaN,NaN,NaN].
[NaN,NaN,NaN].
[NaN,NaN,NaN].
[NaN,NaN,NaN].
[NaN,NaN,NaN].
[NaN,NaN,NaN].
[NaN,NaN,NaN].
[NaN,NaN,NaN].
[NaN,NaN,NaN].
[NaN,NaN,NaN].
[NaN,NaN,NaN].
[NaN,NaN,NaN].
[NaN,NaN,NaN].
[NaN,NaN,NaN].
[NaN,NaN,NaN].
[NaN,NaN,NaN].
[NaN,NaN,NaN].
[NaN,NaN,NaN].
[NaN,NaN,NaN].
[NaN,NaN,NaN].
[NaN,NaN,NaN].
[NaN,NaN,NaN].
[NaN,NaN,NaN].
[NaN,NaN,NaN].
[NaN,NaN,NaN].
[NaN,NaN,NaN].
[NaN,NaN,NaN].
[NaN,NaN,NaN].
[NaN,NaN,NaN].
[NaN,NaN,NaN].
[NaN,NaN,NaN].
[NaN,NaN,NaN].
[NaN,NaN,NaN].
[NaN,NaN,NaN].
[NaN,NaN,NaN].
[NaN,NaN,NaN].
[NaN,NaN,NaN].
[NaN,NaN,NaN].
[NaN,NaN,NaN].
[NaN,NaN,NaN].
[NaN,NaN,NaN].
[NaN,NaN,NaN].
[NaN,NaN,NaN].
[NaN,NaN,NaN].
[NaN,NaN,NaN].
[NaN,NaN,NaN].
[NaN,NaN,NaN].
[NaN,NaN,NaN].
[NaN,NaN,NaN].
[NaN,NaN,NaN].
[NaN,NaN,NaN].
[NaN,NaN,NaN].
[NaN,NaN,NaN].
[NaN,NaN,NaN].
[NaN,NaN,NaN].
[NaN,NaN,NaN].
[NaN,NaN,NaN].
[NaN,NaN,NaN].
[NaN,NaN,NaN].
[NaN,NaN,NaN].
[NaN,NaN,NaN].
[NaN,NaN,NaN].
[NaN,NaN,NaN].
[NaN,NaN,NaN].
[NaN,NaN,NaN].
[NaN,NaN,NaN].
[NaN,NaN,NaN].
[NaN,NaN,NaN].
[NaN,NaN,NaN].
[NaN,NaN,NaN].
[NaN,NaN,NaN].
[NaN,NaN,NaN].
[NaN,NaN,NaN].
[NaN,NaN,NaN].
[NaN,NaN,NaN].
[NaN,NaN,NaN].
[NaN,NaN,NaN].
[NaN,NaN,NaN].
[NaN,NaN,NaN].
[NaN,NaN,NaN].
[NaN,NaN,NaN].
[NaN,NaN,NaN].
[NaN,NaN,NaN].
[NaN,NaN,NaN].
[NaN,NaN,NaN].
[NaN,NaN,NaN].
[NaN,NaN,NaN].
[NaN,NaN,NaN].
[NaN,NaN,NaN].
[NaN,NaN,NaN].
[NaN,NaN,NaN].
[NaN,NaN,NaN].
[NaN,NaN,NaN].
[NaN,NaN,NaN].
[NaN,NaN,NaN].
[NaN,NaN,NaN].
[NaN,NaN,NaN].
[NaN,NaN,NaN].
[NaN,NaN,NaN].
[NaN,NaN,NaN].
[NaN,NaN,NaN].
[NaN,NaN,NaN].
[NaN,NaN,NaN].
[NaN,NaN,NaN].
[NaN,NaN,NaN].
[NaN,NaN,NaN].
[NaN,NaN,NaN].
[NaN,NaN,NaN].
[NaN,NaN,NaN].
[NaN,NaN,NaN].
[NaN,NaN,NaN].
[NaN,NaN,NaN].
[NaN,NaN,NaN].
[NaN,NaN,NaN].
[NaN,NaN,NaN].
[NaN,NaN,NaN].
[NaN,NaN,NaN].
[NaN,NaN,NaN].
[NaN,NaN,NaN].
[NaN,NaN,NaN].
[NaN,NaN,NaN].
[NaN,NaN,NaN].
[NaN,NaN,NaN].
[NaN,NaN,NaN].
[NaN,NaN,NaN].
[NaN,NaN,NaN].
[NaN,NaN,NaN].
[NaN,NaN,NaN].
[NaN,NaN,NaN].
[NaN,NaN,NaN].
[NaN,NaN,NaN].
[NaN,NaN,NaN].
[NaN,NaN,NaN].
[NaN,NaN,NaN].
[NaN,NaN,NaN].
[NaN,NaN,NaN].
[NaN,NaN,NaN].
[NaN,NaN,NaN].
[NaN,NaN,NaN].
[NaN,NaN,NaN].
[NaN,NaN,NaN].
[NaN,NaN,NaN].
[NaN,NaN,NaN].
[NaN,NaN,NaN].
[NaN,NaN,NaN].
[NaN,NaN,NaN].
[NaN,NaN,NaN].
[NaN,NaN,NaN].
[NaN,NaN,NaN].
[NaN,NaN,NaN].
[NaN,NaN,NaN].
[NaN,NaN,NaN].
[NaN,NaN,NaN].
[NaN,NaN,NaN].
[NaN,NaN,NaN].
[NaN,NaN,NaN].
[NaN,NaN,NaN].
[NaN,NaN,NaN].
[NaN,NaN,NaN].
[NaN,NaN,NaN].
[NaN,NaN,NaN].
[NaN,NaN,NaN].
[NaN,NaN,NaN].
[NaN,NaN,NaN].
[NaN,NaN,NaN].
[NaN,NaN,NaN].
[NaN,NaN,NaN].
[NaN,NaN,NaN].
[NaN,NaN,NaN].
[NaN,NaN,NaN].
[NaN,NaN,NaN].
[NaN,NaN,NaN].
[NaN,NaN,NaN].
[NaN,NaN,NaN].
[NaN,NaN,NaN].
[NaN,NaN,NaN].
[NaN,NaN,NaN].
[NaN,NaN,NaN].
[NaN,NaN,NaN].
[NaN,NaN,NaN].
[NaN,NaN,NaN].
[NaN,NaN,NaN].
[NaN,NaN,NaN].
[NaN,NaN,NaN].
[NaN,NaN,NaN].
[NaN,NaN,NaN].
[NaN,NaN,NaN].
[NaN,NaN,NaN].
[NaN,NaN,NaN].
[NaN,NaN,NaN].
[NaN,NaN,NaN].
[NaN,NaN,NaN].
[NaN,NaN,NaN].
[NaN,NaN,NaN].
[NaN,NaN,NaN].
[NaN,NaN,NaN].
[NaN,NaN,NaN].
[NaN,NaN,NaN].
[NaN,NaN,NaN].
[NaN,NaN,NaN].
[NaN,NaN,NaN].
[NaN,NaN,NaN].
[NaN,NaN,NaN].
[NaN,NaN,NaN].
[NaN,NaN,NaN].
[NaN,NaN,NaN].
[NaN,NaN,NaN].
[NaN,NaN,NaN].
[NaN,NaN,NaN].
[NaN,NaN,NaN].
[NaN,NaN,NaN].
[NaN,NaN,NaN].
[NaN,NaN,NaN].
[NaN,NaN,NaN].
[NaN,NaN,NaN].
[NaN,NaN,NaN].
[NaN,NaN,NaN].
[NaN,NaN,NaN].
[NaN,NaN,NaN].
[NaN,NaN,NaN].
[NaN,NaN,NaN].
[NaN,NaN,NaN].
[NaN,NaN,NaN].
[NaN,NaN,NaN].
[NaN,NaN,NaN].
[NaN,NaN,NaN].
[NaN,NaN,NaN].
[NaN,NaN,NaN].
[NaN,NaN,NaN].
[NaN,NaN,NaN].
[NaN,NaN,NaN].
[NaN,NaN,NaN].
[NaN,NaN,NaN].
[NaN,NaN,NaN].
[NaN,NaN,NaN].
[NaN,NaN,NaN].
[NaN,NaN,NaN].
[NaN,NaN,NaN].
[NaN,NaN,NaN].
[NaN,NaN,NaN].
[NaN,NaN,NaN].
[NaN,NaN,NaN].
[NaN,NaN,NaN].
[NaN,NaN,NaN].
[NaN,NaN,NaN].
[NaN,NaN,NaN].
[NaN,NaN,NaN].
[NaN,NaN,NaN].
[NaN,NaN,NaN].
[NaN,NaN,NaN].
[NaN,NaN,NaN].
[NaN,NaN,NaN].
[NaN,NaN,NaN].
[NaN,NaN,NaN].
[NaN,NaN,NaN].
[NaN,NaN,NaN].
[NaN,NaN,NaN].
[NaN,NaN,NaN].
[NaN,NaN,NaN].
[NaN,NaN,NaN].
[NaN,NaN,NaN].
[NaN,NaN,NaN].
[NaN,NaN,NaN].
[NaN,NaN,NaN].
[NaN,NaN,NaN].
[NaN,NaN,NaN].
[NaN,NaN,NaN].
[NaN,NaN,NaN].
[NaN,NaN,NaN].
[NaN,NaN,NaN].
[NaN,NaN,NaN].
[NaN,NaN,NaN].
[NaN,NaN,NaN].
[NaN,NaN,NaN].
[NaN,NaN,NaN].
[NaN,NaN,NaN].
[NaN,NaN,NaN].
[NaN,NaN,NaN].
[NaN,NaN,NaN].
[NaN,NaN,NaN].
[NaN,NaN,NaN].
[NaN,NaN,NaN].
[NaN,NaN,NaN].
[NaN,NaN,NaN].
[NaN,NaN,NaN].
[NaN,NaN,NaN].
[NaN,NaN,NaN].
[NaN,NaN,NaN].
[NaN,NaN,NaN].
[NaN,NaN,NaN].
[NaN,NaN,NaN].
[NaN,NaN,NaN].
[NaN,NaN,NaN].
[NaN,NaN,NaN].
[NaN,NaN,NaN].
[NaN,NaN,NaN].
[NaN,NaN,NaN].
[NaN,NaN,NaN].
[NaN,NaN,NaN].
[NaN,NaN,NaN].
[NaN,NaN,NaN].
[NaN,NaN,NaN].
[NaN,NaN,NaN].
[NaN,NaN,NaN].
[NaN,NaN,NaN].
[NaN,NaN,NaN].
[NaN,NaN,NaN].
[NaN,NaN,NaN].
[NaN,NaN,NaN].
[NaN,NaN,NaN].
[NaN,NaN,NaN].
[NaN,NaN,NaN].
[NaN,NaN,NaN].
[NaN,NaN,NaN].
[NaN,NaN,NaN].
[NaN,NaN,NaN].
[NaN,NaN,NaN].
[NaN,NaN,NaN].
[NaN,NaN,NaN].
[NaN,NaN,NaN].
[NaN,NaN,NaN].
[NaN,NaN,NaN].
[NaN,NaN,NaN].
[NaN,NaN,NaN].
[NaN,NaN,NaN].
[NaN,NaN,NaN].
[NaN,NaN,NaN].
[NaN,NaN,NaN].
[NaN,NaN,NaN].
[NaN,NaN,NaN].
[NaN,NaN,NaN].
[NaN,NaN,NaN].
[NaN,NaN,NaN].
[NaN,NaN,NaN].
[NaN,NaN,NaN].
[NaN,NaN,NaN].
[NaN,NaN,NaN].
[NaN,NaN,NaN].
[NaN,NaN,NaN].
[NaN,NaN,NaN].
[NaN,NaN,NaN].
[NaN,NaN,NaN].
[NaN,NaN,NaN].
[NaN,NaN,NaN].
[NaN,NaN,NaN].
[NaN,NaN,NaN].
[NaN,NaN,NaN].
[NaN,NaN,NaN].
[NaN,NaN,NaN].
[NaN,NaN,NaN].
[NaN,NaN,NaN].
[NaN,NaN,NaN].
[NaN,NaN,NaN].
[NaN,NaN,NaN].
[NaN,NaN,NaN].
[NaN,NaN,NaN].
[NaN,NaN,NaN].
[NaN,NaN,NaN].
[NaN,NaN,NaN].
[NaN,NaN,NaN].
[NaN,NaN,NaN].
[NaN,NaN,NaN].
[NaN,NaN,NaN].
[NaN,NaN,NaN].
[NaN,NaN,NaN].
[NaN,NaN,NaN].
[NaN,NaN,NaN].
[NaN,NaN,NaN].
[NaN,NaN,NaN].
[NaN,NaN,NaN].
[NaN,NaN,NaN].
[NaN,NaN,NaN].
[NaN,NaN,NaN].
[NaN,NaN,NaN].
[NaN,NaN,NaN].
[NaN,NaN,NaN].
[NaN,NaN,NaN].
[NaN,NaN,NaN].
[NaN,NaN,NaN].
[NaN,NaN,NaN].
[NaN,NaN,NaN].
[NaN,NaN,NaN].
[NaN,NaN,NaN].
[NaN,NaN,NaN].
[NaN,NaN,NaN].
[NaN,NaN,NaN].
[NaN,NaN,NaN].
[NaN,NaN,NaN].
[NaN,NaN,NaN].
[NaN,NaN,NaN].
[NaN,NaN,NaN].
[NaN,NaN,NaN].
[NaN,NaN,NaN].
[NaN,NaN,NaN].
[NaN,NaN,NaN].
[NaN,NaN,NaN].
[NaN,NaN,NaN].
[NaN,NaN,NaN].
[NaN,NaN,NaN].
[NaN,NaN,NaN].
[NaN,NaN,NaN].
[NaN,NaN,NaN].
[NaN,NaN,NaN].
[NaN,NaN,NaN].
[NaN,NaN,NaN].
[NaN,NaN,NaN].
[NaN,NaN,NaN].
[NaN,NaN,NaN].
[NaN,NaN,NaN].
[NaN,NaN,NaN].
[NaN,NaN,NaN].
[NaN,NaN,NaN].
[NaN,NaN,NaN].
[NaN,NaN,NaN].
[NaN,NaN,NaN].
[NaN,NaN,NaN].
[NaN,NaN,NaN].
[NaN,NaN,NaN].
[NaN,NaN,NaN].
[NaN,NaN,NaN].
[NaN,NaN,NaN].
[NaN,NaN,NaN].
[NaN,NaN,NaN].
[NaN,NaN,NaN].
[NaN,NaN,NaN].
[NaN,NaN,NaN].
[NaN,NaN,NaN].
[NaN,NaN,NaN].
[NaN,NaN,NaN].
[NaN,NaN,NaN].
[NaN,NaN,NaN].
[NaN,NaN,NaN].
[NaN,NaN,NaN].
[NaN,NaN,NaN].
[NaN,NaN,NaN].
[NaN,NaN,NaN].
[NaN,NaN,NaN].
[NaN,NaN,NaN].
[NaN,NaN,NaN].
[NaN,NaN,NaN].
[NaN,NaN,NaN].
[NaN,NaN,NaN].
[NaN,NaN,NaN].
[NaN,NaN,NaN].
[NaN,NaN,NaN].
[NaN,NaN,NaN].
[NaN,NaN,NaN].
[NaN,NaN,NaN].
[NaN,NaN,NaN].
[NaN,NaN,NaN].
[NaN,NaN,NaN].
[NaN,NaN,NaN].
[NaN,NaN,NaN].
[NaN,NaN,NaN].
[NaN,NaN,NaN].
[NaN,NaN,NaN].
[NaN,NaN,NaN].
[NaN,NaN,NaN].
[NaN,NaN,NaN].
[NaN,NaN,NaN].
[NaN,NaN,NaN].
[NaN,NaN,NaN].
[NaN,NaN,NaN].
[NaN,NaN,NaN].
[NaN,NaN,NaN].
[NaN,NaN,NaN].
[NaN,NaN,NaN].
[NaN,NaN,NaN].
[NaN,NaN,NaN].
[NaN,NaN,NaN].
[NaN,NaN,NaN].
[NaN,NaN,NaN].
[NaN,NaN,NaN].
[NaN,NaN,NaN].
[NaN,NaN,NaN].
[NaN,NaN,NaN].
[NaN,NaN,NaN].
[NaN,NaN,NaN].
[NaN,NaN,NaN].
[NaN,NaN,NaN].
[NaN,NaN,NaN].
[NaN,NaN,NaN].
[NaN,NaN,NaN].
[NaN,NaN,NaN].
[NaN,NaN,NaN].
[NaN,NaN,NaN].
[NaN,NaN,NaN].
[NaN,NaN,NaN].
[NaN,NaN,NaN].
[NaN,NaN,NaN].
[NaN,NaN,NaN].
[NaN,NaN,NaN].
[NaN,NaN,NaN].
[NaN,NaN,NaN].
[NaN,NaN,NaN].
[NaN,NaN,NaN].
[NaN,NaN,NaN].
[NaN,NaN,NaN].
[NaN,NaN,NaN].
[NaN,NaN,NaN].
[NaN,NaN,NaN].
[NaN,NaN,NaN].
[NaN,NaN,NaN].
[NaN,NaN,NaN].
[NaN,NaN,NaN].
[NaN,NaN,NaN].
[NaN,NaN,NaN].
[NaN,NaN,NaN].
[NaN,NaN,NaN].
[NaN,NaN,NaN].
[NaN,NaN,NaN].
[NaN,NaN,NaN].
[NaN,NaN,NaN].
[NaN,NaN,NaN].
[NaN,NaN,NaN].
[NaN,NaN,NaN].
[NaN,NaN,NaN].
[NaN,NaN,NaN].
[NaN,NaN,NaN].
[NaN,NaN,NaN].
[NaN,NaN,NaN].
[NaN,NaN,NaN].
[NaN,NaN,NaN].
[NaN,NaN,NaN].
[NaN,NaN,NaN].
[NaN,NaN,NaN].
[NaN,NaN,NaN].
[NaN,NaN,NaN].
[NaN,NaN,NaN].
[NaN,NaN,NaN].
[NaN,NaN,NaN].
[NaN,NaN,NaN].
[NaN,NaN,NaN].
[NaN,NaN,NaN].
[NaN,NaN,NaN].
[NaN,NaN,NaN].
[NaN,NaN,NaN].
[NaN,NaN,NaN].
[NaN,NaN,NaN].
[NaN,NaN,NaN].
[NaN,NaN,NaN].
[NaN,NaN,NaN].
[NaN,NaN,NaN].
[NaN,NaN,NaN].
[NaN,NaN,NaN].
[NaN,NaN,NaN].
[NaN,NaN,NaN].
[NaN,NaN,NaN].
[NaN,NaN,NaN].
[NaN,NaN,NaN].
[NaN,NaN,NaN].
[NaN,NaN,NaN].
[NaN,NaN,NaN].
[NaN,NaN,NaN].
[NaN,NaN,NaN].
[NaN,NaN,NaN].
[NaN,NaN,NaN].
[NaN,NaN,NaN].
[NaN,NaN,NaN].
[NaN,NaN,NaN].
[NaN,NaN,NaN].
[NaN,NaN,NaN].
[NaN,NaN,NaN].
[NaN,NaN,NaN].
[NaN,NaN,NaN].
[NaN,NaN,NaN].
[NaN,NaN,NaN].
[NaN,NaN,NaN].
[NaN,NaN,NaN].
[NaN,NaN,NaN].
[NaN,NaN,NaN].
[NaN,NaN,NaN].
[NaN,NaN,NaN].
[NaN,NaN,NaN].
[NaN,NaN,NaN].
[NaN,NaN,NaN].
[NaN,NaN,NaN].
[NaN,NaN,NaN].
[NaN,NaN,NaN].
[NaN,NaN,NaN].
[NaN,NaN,NaN].
[NaN,NaN,NaN].
[NaN,NaN,NaN].
[NaN,NaN,NaN].
[NaN,NaN,NaN].
[NaN,NaN,NaN].
[NaN,NaN,NaN].
[NaN,NaN,NaN].
[NaN,NaN,NaN].
[NaN,NaN,NaN].
[NaN,NaN,NaN].
[NaN,NaN,NaN].
[NaN,NaN,NaN].
[NaN,NaN,NaN].
[NaN,NaN,NaN].
[NaN,NaN,NaN].
[NaN,NaN,NaN].
[NaN,NaN,NaN].
[NaN,NaN,NaN].
[NaN,NaN,NaN].
[NaN,NaN,NaN].
[NaN,NaN,NaN].
[NaN,NaN,NaN].
[NaN,NaN,NaN].
[NaN,NaN,NaN].
[NaN,NaN,NaN].
[NaN,NaN,NaN].
[NaN,NaN,NaN].
[NaN,NaN,NaN].
[NaN,NaN,NaN].
[NaN,NaN,NaN].
[NaN,NaN,NaN].
[NaN,NaN,NaN].
[NaN,NaN,NaN].
[NaN,NaN,NaN].
[NaN,NaN,NaN].
[NaN,NaN,NaN].
[NaN,NaN,NaN].
[NaN,NaN,NaN].
[NaN,NaN,NaN].
[NaN,NaN,NaN].
[NaN,NaN,NaN].
[NaN,NaN,NaN].
[NaN,NaN,NaN].
[NaN,NaN,NaN].
[NaN,NaN,NaN].
[NaN,NaN,NaN].
[NaN,NaN,NaN].
[NaN,NaN,NaN].
[NaN,NaN,NaN].
[NaN,NaN,NaN].
[NaN,NaN,NaN].
[NaN,NaN,NaN].
[NaN,NaN,NaN].
[NaN,NaN,NaN].
[NaN,NaN,NaN].
[NaN,NaN,NaN].
[NaN,NaN,NaN].
[NaN,NaN,NaN].
[NaN,NaN,NaN].
[NaN,NaN,NaN].
[NaN,NaN,NaN].
[NaN,NaN,NaN].
[NaN,NaN,NaN].
[NaN,NaN,NaN].
[NaN,NaN,NaN].
[NaN,NaN,NaN].
[NaN,NaN,NaN].
[NaN,NaN,NaN].
[NaN,NaN,NaN].
[NaN,NaN,NaN].
[NaN,NaN,NaN].
[NaN,NaN,NaN].
[NaN,NaN,NaN].
[NaN,NaN,NaN].
[NaN,NaN,NaN].
[NaN,NaN,NaN].
[NaN,NaN,NaN].
[NaN,NaN,NaN].
[NaN,NaN,NaN].
[NaN,NaN,NaN].
[NaN,NaN,NaN].
[NaN,NaN,NaN].
[NaN,NaN,NaN].
[NaN,NaN,NaN].
[NaN,NaN,NaN].
[NaN,NaN,NaN].
[NaN,NaN,NaN].
[NaN,NaN,NaN].
[NaN,NaN,NaN].
[NaN,NaN,NaN].
[NaN,NaN,NaN].
[NaN,NaN,NaN].
[NaN,NaN,NaN].
[NaN,NaN,NaN].
[NaN,NaN,NaN].
[NaN,NaN,NaN].
[NaN,NaN,NaN].
[NaN,NaN,NaN].
[NaN,NaN,NaN].
[640.081419371449,297.226366117747,287.149280796514].
[498.09544756704,268.797795216938,225.445704429644].
[466.414094939491,262.45452363905,211.677775553173].
[466.414094939491,262.45452363905,211.677775553173].
[466.414094939491,262.45452363905,211.677775553173].
[466.414094939491,262.45452363905,211.676551790183].
[466.458935684736,262.515956208422,211.629804434956].
[466.659897962607,262.79127788314,211.435834807301].
[466.991228744741,263.245206584532,211.125456916331].
[467.192191022612,263.52052825925,210.939305979069].
[467.237031767857,263.581960828622,210.898043149058].
[467.237031767857,263.581960828622,210.898043149058].
[467.237031767857,263.581960828622,210.898043149058].
[467.259540420131,263.612781500298,210.898043149058].
[467.431955854152,263.767492970451,210.905368934119].
[467.918887548387,264.069547608371,210.938200824957].
[468.548367450544,264.330207535656,210.99233146174].
[468.891357776414,264.435189449653,211.024246965788].
[468.962303384325,264.451065384378,211.027465790188].
[468.961325618047,264.449899956008,211.020694556788].
[468.960732572821,264.44919308797,211.016587596127].
[468.960600246545,264.449035364391,211.015671209337].
[468.960600246545,264.449035364391,211.015671209337].
[468.960600246545,264.449035364391,211.015671209337].
[468.960600246545,264.449035364391,211.015671209337].
[468.960600246545,264.449035364391,211.015671209337].
[468.960600246545,264.449035364391,211.015671209337].
[468.960600246545,264.449035364391,211.015671209337].
[468.960600246545,264.449035364391,211.015671209337].
[468.960600246545,264.449035364391,211.015671209337].
[468.960600246545,264.449035364391,211.015671209337].
[468.911379678227,264.46304854339,210.965784117835].
[468.664047977293,264.525851254553,210.692269295235].
[468.157983408116,264.629395420304,210.0910370808].
[467.544435375836,264.658542575439,209.458972802259].
[466.691314439967,264.473987779154,209.123108563109].
[465.419952813117,263.98049322171,209.043946223416].
[464.080307727067,263.290742264656,209.046665508339].
[462.876879238014,262.552872064416,209.05131252887].
[461.440143079956,261.720191423783,209.062846137829].
[459.672352976288,260.720125505006,209.07608155256].
[457.719666880839,259.550261281263,209.107074887199].
[455.673062945674,258.253528752707,209.204025874821].
[453.575547979722,256.806717266909,209.40270106352].
[451.666396350593,255.333667236838,209.701132822862].
[450.074252182594,253.975367009859,210.037060760642].
[448.853878021106,253.07932763825,210.26037789179].
[447.917866387993,252.551302138808,210.380314072943].
[447.105266216563,252.195453200328,210.410243086074].
[446.541620333582,251.968640270794,210.307829392514].
[446.146425720684,251.873473727301,210.06023551277].
[445.759429191691,251.847452605674,209.80213153374].
[445.533623381531,251.845846207178,209.647036499516].
[445.42945842445,251.848910198704,209.560979519801].
[445.217122455224,251.796629521521,209.516940090981].
[444.815759460994,251.577662037825,209.487015518771].
[444.373942258682,251.224260556602,209.452143252617].
[444.0236313672,250.997179854014,209.476996884743].
[444.039813787797,250.887321162235,209.678456335592].
[444.411374869748,250.768707031609,210.06900432204].
[444.858579320638,250.640005366779,210.50203041308].
[445.279449670528,250.521707944759,210.92204293474].
[445.504679434356,250.459681699641,211.148890126914].
[445.53223575759,250.414969092504,211.220141601861].
[445.430504866416,250.275785852447,211.312621366201].
[445.240078632702,250.015253973737,211.485730763111].
[445.036611833062,249.736880629206,211.670694852826].
[444.846178446738,249.476338964645,211.843810751906].
[444.699038480313,249.275029244138,211.977570215361].
[444.472851260463,248.965570929607,212.183188592898].
[444.090448431531,248.469754297263,212.488172903654].
[443.626320127628,248.026376671401,212.654518685496].
[442.958760262549,247.69225626037,212.566142299624].
[442.153640934001,247.527279438737,212.221703124193].
[441.513276634636,247.490468134105,211.797335390481].
[441.214821416324,247.460280537634,211.592595146702].
[441.038136496214,247.293883221044,211.654593152411].
[440.769772502801,246.930484547085,211.882222767543].
[440.453448732228,246.498930787923,212.148947538565].
[440.09674146028,246.012404022633,212.459487557621].
[439.586574320336,245.315553511275,212.898737213357].
[439.009782385181,244.526809464141,213.403051072712].
[438.503333303985,243.834064681161,213.836120955502].
[438.101286959366,243.366754509858,214.052243156844].
[437.536009297866,242.963854833166,214.142019945322].
[436.789768366657,242.553661452945,214.222095928424].
[436.269897758535,242.212885270639,214.270664467282].
[436.071700680902,242.024421346082,214.302119690242].
[435.946880884716,241.853698648781,214.39452368033].
[435.778628155908,241.623570411373,214.546872104286].
[435.676577717306,241.483990579719,214.639276094374].
[435.676577717306,241.469618274832,214.659894211481].
[435.828360249499,241.545794881716,214.685031944476].
[436.22040370922,241.687610600966,214.802918823646].
[469.608931655189,249.349467499075,229.280143987578].
[617.375812563719,283.16886399394,293.376408608912].
[NaN,NaN,NaN].
[NaN,NaN,NaN].
[NaN,NaN,NaN].
[NaN,NaN,NaN].
[NaN,NaN,NaN].
[NaN,NaN,NaN].
[NaN,NaN,NaN].
[NaN,NaN,NaN].
[NaN,NaN,NaN].
[618.180943706493,282.337976548261,295.933265016464].
[471.074358259571,248.107699403737,231.866765921293].
[438.063089105834,240.212767387819,217.576523864112].
[437.616508317186,239.765464900135,217.634690424592].
[436.569802277613,239.069554766218,217.832830143801].
[434.90889956653,238.176481404545,218.075936306061].
[432.76913138514,237.052808550891,217.972010558736].
[429.510841489063,235.787226699085,217.296323132127].
[424.94275688892,234.534130069036,216.172165539963].
[419.520254563759,233.198036961623,214.744933759483].
[413.38481800114,231.89785783723,212.886517622763].
[406.095085802103,230.731437723529,210.338700828535].
[397.534028448567,229.678006081141,207.21899361863].
[387.783905160802,228.734156490582,203.750588909195].
[376.80110759517,227.986811884468,199.833164828432].
[364.629667963438,227.372373181708,195.589219940583].
[351.8593845647,226.795345264875,191.599631459313].
[339.027853868911,226.30868834678,187.996015840185].
[326.007830489072,225.598490115787,184.906118367402].
[312.60696075252,224.310691392918,182.498376604678].
[299.025164679768,222.406136252542,180.819758377907].
[285.512883894496,219.990571654341,179.76756927915].
[272.342951714706,217.361809924648,179.030106288784].
[260.069141189316,214.418495305069,178.48073108892].
[249.589240244626,211.046903633442,178.017464536741].
[241.504537502691,207.733720153513,177.569282988442].
[235.294892455789,204.446895125185,177.016932934187].
[229.691574852063,200.952185119177,176.332259974841].
[226.422675231695,198.836915089623,175.495673201776].
[225.24715864411,198.079500679351,174.211902916087].
[224.637777028296,197.689617660609,172.547553760264].
[223.995764023673,197.278857043914,170.716998964527].
[223.314057002588,196.843860915337,168.768822699518].
[222.640246153984,196.432954049382,166.752160941085].
[222.052086605384,196.133632192444,164.663057382393].
[221.486491643648,195.893147205768,162.373010543945].
[220.980352374138,195.64654952504,160.517002441611].
[266.59332867087,205.310663076046,174.228939469048].
[472.15302381993,249.234066267198,239.359536700654].
[NaN,NaN,NaN].
[NaN,NaN,NaN].
[NaN,NaN,NaN].
[NaN,NaN,NaN].
[NaN,NaN,NaN].
[NaN,NaN,NaN].
[NaN,NaN,NaN].
[NaN,NaN,NaN].
[NaN,NaN,NaN].
[NaN,NaN,NaN].
[NaN,NaN,NaN].
[NaN,NaN,NaN].
[NaN,NaN,NaN].
[NaN,NaN,NaN].
[NaN,NaN,NaN].
[NaN,NaN,NaN].
[NaN,NaN,NaN].
[NaN,NaN,NaN].
[NaN,NaN,NaN].
[NaN,NaN,NaN].
[NaN,NaN,NaN].
[NaN,NaN,NaN].
[NaN,NaN,NaN].
[NaN,NaN,NaN].
[NaN,NaN,NaN].
[NaN,NaN,NaN].
[NaN,NaN,NaN].
[NaN,NaN,NaN].
[NaN,NaN,NaN].
[NaN,NaN,NaN].
[NaN,NaN,NaN].
[NaN,NaN,NaN].
[NaN,NaN,NaN].
[NaN,NaN,NaN].
[716.816102767528,441.565364815286,1155.50058173409].
[273.24325184667,525.57762887817,2081.62906878814].
[4.22501175053836,576.529420399605,2643.30784415265].
[NaN,NaN,NaN].
[NaN,NaN,NaN].
[NaN,NaN,NaN].
[NaN,NaN,NaN].
[NaN,NaN,NaN].
[NaN,NaN,NaN].
[NaN,NaN,NaN].
[NaN,NaN,NaN].
[NaN,NaN,NaN].
[NaN,NaN,NaN].
[NaN,NaN,NaN].
[NaN,NaN,NaN].
[NaN,NaN,NaN].
[NaN,NaN,NaN].
[NaN,NaN,NaN].
[NaN,NaN,NaN].
[NaN,NaN,NaN].
[NaN,NaN,NaN].
[NaN,NaN,NaN].
[NaN,NaN,NaN].
[NaN,NaN,NaN].
[NaN,NaN,NaN].
[NaN,NaN,NaN].
[NaN,NaN,NaN].
[NaN,NaN,NaN].
[NaN,NaN,NaN].
[NaN,NaN,NaN].
[NaN,NaN,NaN].
[NaN,NaN,NaN].
[NaN,NaN,NaN].
[NaN,NaN,NaN].
[NaN,NaN,NaN].
[NaN,NaN,NaN].
[NaN,NaN,NaN].
[NaN,NaN,NaN].
[NaN,NaN,NaN].
[NaN,NaN,NaN].
[NaN,NaN,NaN].
[NaN,NaN,NaN].
[NaN,NaN,NaN].
[NaN,NaN,NaN].
[NaN,NaN,NaN].
[NaN,NaN,NaN].
[NaN,NaN,NaN].
[NaN,NaN,NaN].
[NaN,NaN,NaN].
[NaN,NaN,NaN].
[NaN,NaN,NaN].
[NaN,NaN,NaN].
[NaN,NaN,NaN].
[NaN,NaN,NaN].
[NaN,NaN,NaN].
[NaN,NaN,NaN].
[NaN,NaN,NaN].
[NaN,NaN,NaN].
[NaN,NaN,NaN].
[NaN,NaN,NaN].
[NaN,NaN,NaN].
[NaN,NaN,NaN].
[NaN,NaN,NaN].
[NaN,NaN,NaN].
[NaN,NaN,NaN].
[NaN,NaN,NaN].
[NaN,NaN,NaN].
[NaN,NaN,NaN].
[NaN,NaN,NaN].
[NaN,NaN,NaN].
[NaN,NaN,NaN].
[NaN,NaN,NaN].
[NaN,NaN,NaN].
[NaN,NaN,NaN].
[NaN,NaN,NaN].
[NaN,NaN,NaN].
[NaN,NaN,NaN].
[NaN,NaN,NaN].
[NaN,NaN,NaN].
[NaN,NaN,NaN].
[NaN,NaN,NaN].
[NaN,NaN,NaN].
[NaN,NaN,NaN].
[NaN,NaN,NaN].
[NaN,NaN,NaN].
[NaN,NaN,NaN].
[NaN,NaN,NaN].
[NaN,NaN,NaN].
[NaN,NaN,NaN].
[NaN,NaN,NaN].
[NaN,NaN,NaN].
[NaN,NaN,NaN].
[NaN,NaN,NaN].
[NaN,NaN,NaN].
[NaN,NaN,NaN].
[NaN,NaN,NaN].
[NaN,NaN,NaN].
[NaN,NaN,NaN].
[NaN,NaN,NaN].
[NaN,NaN,NaN].
[NaN,NaN,NaN].
[NaN,NaN,NaN].
[NaN,NaN,NaN].
[NaN,NaN,NaN].
[NaN,NaN,NaN].
[NaN,NaN,NaN].
[NaN,NaN,NaN].
[NaN,NaN,NaN].
[NaN,NaN,NaN].
[NaN,NaN,NaN].
[NaN,NaN,NaN].
[NaN,NaN,NaN].
[NaN,NaN,NaN].
