[493.189576734852,394.700484396924,87.0431312675661].
[493.189576734852,394.700484396924,87.0431312675661].
[493.189576734852,394.700484396924,87.0431312675661].
[493.189576734852,394.700484396924,87.0431312675661].
[493.189576734852,394.700484396924,87.0431312675661].
[493.189576734852,394.700484396924,87.0431312675661].
[493.189576734852,394.700484396924,87.0431312675661].
[493.189576734852,394.700484396924,87.0431312675661].
[493.189576734852,394.700484396924,87.0431312675661].
[493.212170705248,394.699927825295,87.0431312675661].
[493.384875368093,394.66040825252,87.1080191590488].
[493.87258976643,394.490360316167,87.4040368257682].
[494.504317082324,394.214284715988,87.9068480973952].
[494.851317247619,394.047792746998,88.2309444313547].
[494.925316024884,394.01076755521,88.2958323228374].
[494.947908323706,394.041571393695,88.2391607953322].
[495.069760780612,394.210955600984,88.0927998425385].
[495.336256232532,394.578982606845,87.8331732420499].
[495.606041295563,394.948542209556,87.5937761336158].
[495.731833194216,395.119761763278,87.4887522541498].
[495.754987257013,395.151092744306,87.4705356106961].
[495.754987257013,395.151092744306,87.4705356106961].
[495.754987257013,395.151092744306,87.4705356106961].
[495.754987257013,395.151092744306,87.4705356106961].
[495.754987257013,395.151092744306,87.4705356106961].
[495.754987257013,395.151092744306,87.4705356106961].
[495.754987257013,395.151092744306,87.4705356106961].
[495.754987257013,395.151092744306,87.4705356106961].
[495.754987257013,395.151092744306,87.4705356106961].
[495.754987257013,395.151351208734,87.4705356106961].
[495.754987257013,395.152509565935,87.4705356106961].
[495.707980388778,395.173089323775,87.4380337354796].
[495.49731022118,395.257920590414,87.2923704365561].
[495.149973834758,395.396132360414,87.0522122572608].
[494.93930366716,395.479805269852,86.9065489583374].
[494.892296798925,395.498475219535,86.8740470831209].
[494.892296798925,395.498475219535,86.8740470831209].
[494.844706454604,395.517154867236,86.8363805762913].
[494.631421328608,395.600871240174,86.6675710043154].
[494.279773604654,395.738896204943,86.3892510723009].
[494.114078822978,395.80393293018,86.2581080071546].
[494.279773604654,395.738896204943,86.3892510723009].
[494.631421328608,395.600871240174,86.6675710043154].
[494.844706454604,395.517154867236,86.8363805762913].
[494.892296798925,395.498475219535,86.8740470831209].
[494.892296798925,395.498475219535,86.8740470831209].
[494.892296798925,395.498475219535,86.8740470831209].
[494.892296798925,395.498475219535,86.8740470831209].
[494.892296798925,395.498475219535,86.8740470831209].
[494.892296798925,395.498475219535,86.8740470831209].
[494.9398624355,395.479805269852,86.9116940344184].
[495.153036829059,395.396132360414,87.0804159645802].
[495.504501986088,395.258179054842,87.3585913996714].
[495.717676379647,395.174506145404,87.5273133298331].
[495.765242016221,395.155836195721,87.5649602811307].
[495.765242016221,395.155836195721,87.5649602811307].
[495.765242016221,395.155836195721,87.5649602811307].
[495.740266593566,395.20557977446,87.5038790759538].
[495.628334514828,395.428515027611,87.2301321063097].
[495.443789715738,395.796073121472,86.7787996546678].
[495.331857637,396.037696378759,86.4816177142619].
[495.306882214345,396.171193781381,86.3155082567585].
[495.329473119327,396.309280492318,86.1423459431233].
[495.433103048946,396.386734237618,86.074977960513].
[495.655886024764,396.37718724843,86.2203246089247].
[495.977192452949,396.330635614357,86.4985984545591].
[496.344239930901,396.302400621033,86.6673800737325].
[496.54906612996,396.29610054245,86.7050403434488].
[496.594236974748,396.29610054245,86.7050403434488].
[496.594236974748,396.29610054245,86.7050403434488].
[496.594236974748,396.29610054245,86.7050403434488].
[496.594236974748,396.29610054245,86.7050403434488].
[496.594236974748,396.29610054245,86.7050403434488].
[496.594236974748,396.29610054245,86.7050403434488].
[496.594236974748,396.29610054245,86.7050403434488].
[496.593686713533,396.295849107625,86.7050403434488].
[496.591220613861,396.294722254914,86.7050403434488].
[496.587154702874,396.292864388882,86.6999388716276].
[496.584688603202,396.291737536171,86.6770756611238].
[496.584138341987,396.291486101346,86.6393805996497].
[496.584138341987,396.291486101346,86.616517389146].
[496.584138341987,396.291486101346,86.6114159173247].
[496.584138341987,396.291486101346,86.6114159173247].
[496.561548328436,396.26041637008,86.629677719734].
[496.460306911606,396.121171495048,86.7115214399962].
[496.292831209286,395.891339503165,86.8464589224658].
[496.189094276308,395.750947295191,86.9283026427281].
[496.162389852202,395.7179859317,86.9465644451373].
[496.159894336054,395.716838598758,86.9465644451373].
[496.159337511136,395.716582594175,86.9465644451373].
[496.159894336054,395.716838598758,86.9517091435054].
[496.162389852202,395.7179859317,86.974766081952].
[496.166504262758,395.719877563926,87.0127805468061].
[496.168999778906,395.721024896868,87.0358374852527].
[496.169556603824,395.721280901451,87.0409821836208].
[496.169556603824,395.721280901451,87.0409821836208].
[496.169556603824,395.721280901451,87.0409821836208].
[496.192146617375,395.752350632716,87.0175756828434].
[496.293388034204,395.891595507748,86.9126750241346].
[496.460306911606,396.121171495048,86.7397230768109].
[496.561548328436,396.26041637008,86.6348224181021].
[496.584138341987,396.291486101346,86.6114159173247].
[496.584138341987,396.291486101346,86.6114159173247].
[496.584138341987,396.291486101346,86.6114159173247].
[496.584138341987,396.291486101346,86.6114159173247].
[496.606729030756,396.303634234101,86.6114159173247].
[496.707973473706,396.377000915084,86.5880087169237].
[496.897488704355,396.551569032795,86.4831049227194].
[497.099980616511,396.776904390188,86.2867399057815].
[497.289500161364,397.013110605547,86.0769291817367].
[497.39074763057,397.261622844462,85.8805596946638].
[497.413338994588,397.400876043778,85.7756527648233].
[497.483465528476,397.444323893785,85.7522448647673].
[497.820338360843,397.530855483317,85.7481083744204].
[498.440251735959,397.761760146939,85.7247066851098].
[498.946326363766,398.060161148675,85.6723464602696].
[499.222697972329,398.268840295465,85.6227365746628].
[499.461945732092,398.410935581797,85.6094100034302].
[499.776467002687,398.550380570484,85.5992943403988].
[500.171978383729,398.713102551037,85.5531837827949].
[500.483781613603,398.85129798098,85.5168599234672].
[500.694503639788,398.959610953735,85.5076698425816].
[500.771422364961,399.001603322744,85.5076698425816].
[500.694012337948,398.958357760392,85.5076698425816].
[500.481579751515,398.867064530349,85.4934346867496].
[500.168348126869,398.811921001755,85.4296371444425].
[499.796849225842,398.8005903855,85.3244527794225].
[499.585767640476,398.80227963051,85.2606552371154].
[499.538778596788,398.8033042094,85.2464200812834].
[499.538778596788,398.803532823852,85.2464200812834].
[499.538268421472,398.8033042094,85.2415787850894].
[499.535981974337,398.80227963051,85.2198816008508].
[499.532212260311,398.8005903855,85.1841089916823].
[499.529925813176,398.79956580661,85.1624118074437].
[499.576914856865,398.780633904548,85.1953755922587].
[499.789791587525,398.696811584887,85.3648062106194].
[500.140765981402,398.558611943503,85.6441500750187].
[500.353642712062,398.474789623843,85.8135806933795].
[500.401141931067,398.456086336233,85.8513857743884].
[500.401141931067,398.456086336233,85.8513857743884].
[500.401141931067,398.456086336233,85.8513857743884].
[500.401141931067,398.456086336233,85.8513857743884].
[500.401141931067,398.456086336233,85.8513857743884].
[500.401141931067,398.456086336233,85.8513857743884].
[500.401141931067,398.456086336233,85.8513857743884].
[500.423725591995,398.487144818988,85.827988456428].
[500.524938538343,398.626339281694,85.7231289522498].
[500.691810475859,398.855832153122,85.5502448572761].
[500.793023422208,398.995026615828,85.4453853530979].
[500.815607083136,399.026085098583,85.4219880351375].
[500.815607083136,399.026085098583,85.4219880351375].
[500.816094365207,399.026304761263,85.426656724115].
[500.818278211939,399.027289221091,85.4475803364781].
[500.821878766499,399.028912320951,85.4820775412411].
[500.824062613231,399.02989678078,85.5030011536042].
[500.824549895302,399.03011644346,85.5076698425816].
[500.824549895302,399.03011644346,85.5076698425816].
[500.777074684438,399.048833777677,85.4700087337315].
[500.564305550795,399.132719049866,85.3012233538213].
[500.213508554409,399.271022482422,85.0229433077802].
[500.000739420766,399.35490775461,84.8541579278699].
[499.953264209901,399.373625088828,84.8164968190199].
[499.953264209901,399.373625088828,84.8164968190199].
[499.953264209901,399.373625088828,84.8164968190199].
[499.953264209901,399.373625088828,84.8164968190199].
[499.953264209901,399.373625088828,84.8164968190199].
[499.975849676336,399.385963935084,84.8164968190199].
[500.077070714404,399.441262807492,84.8164968190199].
[500.291426068772,399.532435234675,84.8307379131399].
[500.605393227006,399.587734107083,84.8945620690074].
[500.978737747017,399.600072953339,84.9997903123706].
[501.191483867183,399.600072953339,85.0636144682381].
[501.261534964787,399.631130083236,85.0544348316514].
[501.362736083118,399.770318482851,84.9494703988235].
[501.529588519528,399.999801357931,84.7764133057531].
[501.630789637859,400.138989757546,84.6714488729252].
[501.653370659599,400.170046887443,84.6480281422185].
[501.653370659599,400.170046887443,84.6480281422185].
[501.675952371678,400.201104966807,84.6246066955021].
[501.77715658389,400.340297621636,84.5196390537419].
[501.944014121249,400.569787512379,84.3465766700367].
[502.045218333461,400.708980167208,84.2416090282765].
[502.115235225455,400.721305594503,84.2558491042842].
[502.327824952828,400.63735167247,84.4246363390485].
[502.67832615828,400.498935055454,84.7029194432272].
[502.890915885654,400.41498113342,84.8717066779915].
[502.938351065568,400.396248481352,84.9093682007155].
[502.938351065568,400.396248481352,84.9093682007155].
[502.938351065568,400.396248481352,84.9093682007155].
[502.938351065568,400.396248481352,84.9093682007155].
[502.938351065568,400.396248481352,84.9093682007155].
[502.938351065568,400.396248481352,84.9093682007155].
[502.938351065568,400.396248481352,84.9093682007155].
[502.938351065568,400.396248481352,84.9093682007155].
[502.938351065568,400.396248481352,84.9093682007155].
[502.938351065568,400.396248481352,84.9093682007155].
[502.938351065568,400.396248481352,84.9093682007155].
[502.938351065568,400.396248481352,84.9093682007155].
[502.938351065568,400.396248481352,84.9093682007155].
[502.960928334296,400.427299166203,84.8859526899938].
[503.062112632791,400.566458681127,84.7810116515158].
[503.22893733798,400.795893933403,84.6079931292079].
[503.330121636475,400.935053448327,84.50305209073].
[503.352698905203,400.947372858644,84.50305209073].
[503.400104347905,400.863425110295,84.6222262535529].
[503.61256080234,400.725018671964,84.8590332136743].
[503.962842277864,400.641070923615,85.0691436064].
[504.175298732299,400.622339649081,85.1563475549352].
[504.222704175002,400.622339649081,85.1705806792801].
[504.222704175002,400.622339649081,85.1705806792801].
[504.222704175002,400.622339649081,85.1705806792801].
[504.222704175002,400.622339649081,85.1705806792801].
[504.222704175002,400.622339649081,85.1705806792801].
[504.222704175002,400.622339649081,85.1705806792801].
[504.222704175002,400.622339649081,85.1705806792801].
[504.222704175002,400.622339649081,85.1705806792801].
[504.270085033352,400.603618088543,85.2082097898523].
[504.482431308364,400.519713875301,85.3768517634302].
[504.832531128731,400.381379214227,85.6548953724008].
[505.044877403743,400.297475000984,85.8235373459787].
[505.092258262093,400.278753440446,85.8611664565508].
[505.092258262093,400.278753440446,85.8611664565508].
[505.092258262093,400.278753440446,85.8611664565508].
[505.092258262093,400.278753440446,85.8611664565508].
[505.092258262093,400.278753440446,85.8611664565508].
[505.069691253948,400.278753440446,85.8611664565508].
[504.968552940191,400.266432655679,85.8611664565508].
[504.776990200814,400.211214729248,85.8469462084124].
[504.564643925801,400.120175759419,85.7832154777531].
[504.358291064117,400.064957832989,85.6781412665178].
[504.22299670119,400.052637048221,85.6101086909437].
[504.095757071094,400.052637048221,85.576608911468].
[503.930234761244,400.052637048221,85.5448223380632].
[503.830587724617,400.052637048221,85.525542806726].
[503.808011762207,400.052438153196,85.5212409618111].
[503.806484179963,400.05174566256,85.5212409618111].
[503.805208580057,400.051167401721,85.5212409618111].
[503.828621394911,400.082592155324,85.4978542163891].
[503.929361091437,400.221529035438,85.3930420950403].
[504.093372962026,400.449654395952,85.2202361211454].
[504.192585076307,400.587898785431,85.1154239997967].
[504.214722291255,400.618745278195,85.0920372543746].
[504.214722291255,400.618745278195,85.0920372543746].
[504.214722291255,400.618745278195,85.0920372543746].
[504.214722291255,400.618745278195,85.0920372543746].
[504.214722291255,400.618745278195,85.0920372543746].
[504.214722291255,400.618745278195,85.0920372543746].
[504.214722291255,400.618745278195,85.0920372543746].
[504.214722291255,400.618745278195,85.0920372543746].
[504.214722291255,400.618745278195,85.0920372543746].
[504.214722291255,400.618745278195,85.0920372543746].
[504.214722291255,400.618745278195,85.0920372543746].
[504.214722291255,400.618745278195,85.0920372543746].
[504.214722291255,400.618745278195,85.0920372543746].
[504.214722291255,400.618745278195,85.0920372543746].
[504.215157213601,400.618941130736,85.0920372543746].
[504.239248114582,400.650669343297,85.0686498105464].
[504.364271369811,400.821425930785,84.9446818600971].
[504.631011412492,401.189403563528,84.6817988403854].
[504.897503629899,401.557271409435,84.4164812816705].
[505.021257150054,401.727455789118,84.2801969115546].
[505.045749570529,401.759353798616,84.2610442124934].
[505.048907052541,401.760756476975,84.2881046967315].
[505.050822162188,401.761607244405,84.3070866362495].
[505.05124948091,401.761797076278,84.3113220794541].
[505.05124948091,401.761797076278,84.3113220794541].
[505.05124948091,401.761797076278,84.3113220794541].
[505.05124948091,401.761797076278,84.3113220794541].
[505.05124948091,401.761797076278,84.3113220794541].
[505.05124948091,401.761797076278,84.3113220794541].
[505.050822162188,401.761607244405,84.3070866362495].
[505.048907052541,401.760756476975,84.2881046967315].
[505.045749570529,401.759353798616,84.2568087692888].
[505.043834460882,401.758503031186,84.2378268297707].
[505.043834460882,401.758503031186,84.2378268297707].
[505.045749570529,401.759353798616,84.2568087692888].
[505.048907052541,401.760756476975,84.2881046967315].
[505.050822162188,401.761607244405,84.3070866362495].
[505.05124948091,401.761607244405,84.3113220794541].
[505.098210523912,401.742208076663,84.3448791766713].
[505.309084873109,401.657677235354,84.4993569561063].
[505.657918157166,401.519771297473,84.7656212904741].
[505.871409182915,401.436453302649,84.9462003038183].
[505.920205728771,401.417904902337,84.9980664615482].
[505.920615284817,401.417904902337,85.0021517651525].
[505.920615284817,401.417904902337,85.0021517651525].
[505.94318436124,401.448941756853,84.9787474024357].
[506.044331944374,401.588039288512,84.8738563258494].
[506.211096116166,401.81737234766,84.7009201767751].
[506.289674622876,401.925433024804,84.6153481593013].
[506.21068656012,401.81737234766,84.6785258126581].
[506.042086885474,401.588039288512,84.8212754242188].
[505.937913069742,401.467679989038,84.8885383811799].
[505.888698113822,401.520622064903,84.8070373861141].
[505.75494549759,401.659079913713,84.6004773147964].
[505.472347833422,401.743058844093,84.4086896364283].
[505.197482923236,401.761797076278,84.3255601175589].
[505.07340014727,401.761797076278,84.3113220794541].
[505.05124948091,401.761797076278,84.3113220794541].
[505.098620079958,401.761797076278,84.3255601175589].
[505.310920375963,401.761797076278,84.3893705773158].
[505.683513466187,401.774095698609,84.4945762396103].
[505.996961345327,401.829214299887,84.5583866993673].
[506.211096116166,401.920089510226,84.572624737472].
[506.3122436993,401.975208111505,84.572624737472].
[506.334812775723,401.987506733835,84.572624737472].
[506.404718323943,401.99979935502,84.5868558280882].
[506.718013255357,402.05489106103,84.6506351513618].
[507.234549272781,402.145721928569,84.7557894782737].
[507.547844204195,402.200813634579,84.8195688015473].
[507.617749752415,402.213106255764,84.8337998921634].
[507.617749752415,402.213106255764,84.8337998921634].
[507.617749752415,402.212933197962,84.8337998921634].
[507.664693467947,402.19342767923,84.8676753591149].
[507.875080604768,402.108207234189,85.0194946691037].
[508.221950352326,401.969035158122,85.2698023947854].
[508.432337489147,401.884920389088,85.4216217047742].
[508.504027032443,401.816454792534,85.5166066610421].
[508.614930138268,401.593554987994,85.7904803914055].
[508.79777844783,401.226055339015,86.2420218361417].
[508.908681553655,401.003155534475,86.5158955665051].
[508.933071876074,400.953419865391,86.5733760802355].
[508.884525212705,400.971960622588,86.5230011359875].
[508.718421227826,401.055054531474,86.3540820970805].
[508.580672704762,401.192053226521,86.1340404216278].
[508.740627122937,401.287459332969,86.0571209460986].
[509.006251025235,401.361179531414,86.0712803291882].
[509.218878293311,401.452155049903,86.082050908396].
[509.318753716074,401.507334491151,86.082050908396].
[509.340959611186,401.519646688713,86.082050908396].
[509.340959611186,401.519646688713,86.082050908396].
[509.340959611186,401.519646688713,86.082050908396].
[509.31839821073,401.48862843742,86.1053913332155].
[509.217285028892,401.349614279618,86.2099958600263].
[509.050577575249,401.120418680721,86.3824595683907].
[508.949464393412,400.981404522919,86.4870640952015].
[508.949464393412,400.981404522919,86.4870640952015].
[509.050577575249,401.120418680721,86.3824595683907].
[509.217285028892,401.349614279618,86.2099958600263].
[509.31839821073,401.48862843742,86.1053913332155].
[509.340959611186,401.519646688713,86.082050908396].
[509.340959611186,401.519646688713,86.082050908396].
[509.31839821073,401.48862843742,86.1053913332155].
[509.217285028892,401.349614279618,86.2099958600263].
[509.050577575249,401.120418680721,86.3824595683907].
[508.949464393412,400.981404522919,86.4870640952015].
[508.926902992955,400.950386271626,86.5104045200211].
[508.926902992955,400.950386271626,86.5104045200211].
[508.926902992955,400.950386271626,86.5104045200211].
[508.9272584983,400.95055156816,86.5104045200211].
[508.951409649663,400.982307904955,86.4906706548479].
[509.055133933968,401.122531248214,86.402229606986].
[509.223408690491,401.352447540538,86.2564149701731].
[509.372140633335,401.472904434855,86.2057008511282].
[509.606588307386,401.420065947556,86.3550473504917].
[509.955935506433,401.28181404704,86.6338137439609].
[510.16782529354,401.197960030614,86.8028941084975].
[510.21510429567,401.1792496705,86.8406210373145].
[510.262358604585,401.160549082567,86.8783282618404].
[510.474137724373,401.076738862018,87.0473203178706].
[510.823302463857,400.938559168698,87.325941115227].
[511.035081583645,400.854748948149,87.4949331712572].
[511.082017375189,400.835897300148,87.5293333419748].
[511.080589879371,400.835220295892,87.5145121550672].
[511.078236336653,400.834104104576,87.4900761489557].
[511.076808840836,400.83342710032,87.4752549620482].
[511.076490323465,400.833276040252,87.4719479082399].
[511.029219384522,400.851970831872,87.4340910522637].
[510.817365734116,400.935755075147,87.264428394598].
[510.468078114416,401.073891939183,86.9847019620611].
[510.303495402952,401.138981390838,86.8528961603716].
[510.468078114416,401.073891939183,86.9847019620611].
[510.817365734116,400.935755075147,87.264428394598].
[511.029219384522,400.851970831872,87.4340910522637].
[511.053939427465,400.802274668571,87.4952749386143].
[510.952873323336,400.663336159942,87.5998194356867].
[510.786243487712,400.434265285444,87.7721841717446].
[510.685177383583,400.295326776815,87.8767286688171].
[510.640076248298,400.233324936257,87.9233820502491].
[510.53901308736,400.094390473717,88.0279235028348].
[510.372388104237,399.865326270095,88.2002832193827].
[510.271324943299,399.726391807555,88.3048246719684].
[510.248774704014,399.695391338678,88.328151023026].
[510.248774704014,399.695391338678,88.328151023026].
[510.248774704014,399.695391338678,88.328151023026].
[510.248774704014,399.695391338678,88.328151023026].
[510.248774704014,399.695391338678,88.328151023026].
[510.248774704014,399.695391338678,88.328151023026].
[510.248774704014,399.695391338678,88.328151023026].
[510.248774704014,399.695391338678,88.328151023026].
[510.248774704014,399.695391338678,88.328151023026].
[510.271324943299,399.726391807555,88.3048246719684].
[510.372388104237,399.865326270095,88.2002832193827].
[510.53901308736,400.094390473717,88.0279235028348].
[510.662627144298,400.245641359048,87.9233820502491].
[510.786243487712,400.350525154222,87.8767286688171].
[510.952873323336,400.525272024383,87.7721841717446].
[511.053939427465,400.718534537348,87.5998194356867].
[511.076490323465,400.814591091362,87.4952749386143].
[511.099041876209,400.833276040252,87.4719479082399].
[511.224805421906,400.833276040252,87.4864638148916].
[511.502113173146,400.845584932478,87.5515195950785].
[511.760956755244,400.900749560235,87.6442625370031].
[511.783508307987,401.010394037707,87.6209348272822].
[511.625733773337,401.149336592603,87.4236443436658].
[511.515060710435,401.299771935319,87.1862188076919].
[511.490366212186,401.383549862459,87.0671553593482].
[511.490366212186,401.402243244759,87.0438276496274].
[511.537607014229,401.383549862459,87.0816712659999].
[511.749325600418,401.299771935319,87.2512745878788].
[512.098390536872,401.161645484829,87.530903192242].
[512.310109123061,401.077867557689,87.7005065141209].
[512.357349925104,401.05917417539,87.7383501304934].
[512.357349925104,401.05917417539,87.7383501304934].
[512.332661332576,401.077867557689,87.7005065141209].
[512.222014737283,401.161645484829,87.530903192242].
[512.039589342093,401.299771935319,87.2512745878788].
[511.9289427468,401.383549862459,87.0816712659999].
[511.904254154272,401.402243244759,87.0438276496274].
[511.9289427468,401.383549862459,87.0816712659999].
[512.039589342093,401.299771935319,87.2512745878788].
[512.222014737283,401.180338867128,87.5075814953906].
[512.355208292816,401.192640228346,87.5726642233887].
[512.48094535062,401.367204172654,87.4381825134037].
[512.647546104692,401.54187754792,87.333661919523].
[512.748594569968,401.615701806337,87.3103402226715].
[512.818352219476,401.609311195485,87.348170607926].
[513.029935849575,401.52553958856,87.5177146320478].
[513.378778281052,401.387423558343,87.7972454709374].
[513.590361911151,401.303651951418,87.9667894950591].
[513.63757260042,401.284959979349,88.0046198803136].
[513.63757260042,401.284959979349,88.0046198803136].
[513.63757260042,401.284959979349,88.0046198803136].
[513.63757260042,401.284959979349,88.0046198803136].
[513.63757260042,401.284959979349,88.0046198803136].
[513.63757260042,401.284959979349,88.0046198803136].
[513.63757260042,401.284959979349,88.0046198803136].
[513.615030887055,401.253973665141,88.027934888732].
[513.536547650003,401.146088953637,88.1091104987171].
[513.471010615797,401.056000365373,88.176895785464].
[513.514005936638,401.115102639429,88.1324255071354].
[513.491464223272,401.084116325222,88.1557405155538].
[513.347443952014,400.886143025454,88.3047014122858].
[513.246419001598,400.747271999742,88.4091920306893].
[513.223877288232,400.716285685535,88.4325070391076].
[513.223877288232,400.716285685535,88.4325070391076].
[513.246419001598,400.747271999742,88.4121553953909].
[513.347443952014,400.886143025454,88.3179822914808].
[513.514005936638,401.115236984307,88.1543219751578].
[513.568115715657,401.273407903915,88.0064979615611].
[513.380398218137,401.389184634489,87.8172710253135].
[513.03373938479,401.527945833812,87.5577758417427].
[512.823184656033,401.611737738484,87.3990688495181].
[512.774945065422,401.629807320835,87.3504014323665].
[512.772761467292,401.628771561862,87.327402412346].
[512.771437048078,401.628283517023,87.3134528015602].
[512.771141530207,401.628771561862,87.3103402226715].
[512.771437048078,401.629807320835,87.3134528015602].
[512.81967663869,401.611603393606,87.3621202187118].
[513.032119447705,401.527343741841,87.5407136520683].
[513.380102700266,401.38819195265,87.8111950817232].
[513.613199798537,401.334779342316,87.9465863868707].
[513.76114286101,401.454822263515,87.8768105332958].
[513.927709693958,401.6837885421,87.7045296134982].
[514.028737585033,401.822663610102,87.6000359535574].
[514.051279954548,401.853650826266,87.5767202664803].
[514.051279954548,401.853650826266,87.5767202664803].
[514.051279954548,401.853650826266,87.5767202664803].
[514.051279954548,401.853650826266,87.5767202664803].
[514.051279954548,401.853650826266,87.5767202664803].
[514.073822980241,401.884638944427,87.5534039007149].
[514.174853812102,402.023518054896,87.448907199104].
[514.341425493587,402.252490998382,87.2766212644402].
[514.487544345483,402.453349051318,87.1283626496891].
[514.71215785777,402.762107518522,86.906046141532].
[515.045315767198,403.220073401361,86.5698116693968].
[515.247652985276,403.497968576841,86.3553295525406].
[515.293936412886,403.560506952578,86.3115676394004].
[515.295907306782,403.561429302111,86.3299224684391].
[515.297102714357,403.561988735382,86.3427977093851].
[515.297369445841,403.562113561817,86.3456705639593].
[515.297369445841,403.562113561817,86.3427977093851].
[515.319911300161,403.593102060296,86.3094542512456].
[515.42093688229,403.731982875232,86.196494382347].
[515.587499908433,403.960958628909,86.0323783363128].
[515.735421517302,404.081109575669,85.9727670179714].
[515.968136782101,404.028039729691,86.1091297800377].
[516.314902218522,403.889119778215,86.3704013953443].
[516.573074116685,403.785600144605,86.5744605649873].
[516.831934900897,403.682474181856,86.7868225991242].
[517.179495412506,403.544075419586,87.0584532968413].
[517.389875274991,403.460203229807,87.2185644884812].
[517.436762016834,403.44148881467,87.2536874399562].
[517.436762016834,403.44148881467,87.2536874399562].
[517.436762016834,403.44148881467,87.2536874399562].
[517.436762016834,403.44148881467,87.2536874399562].
[517.459297177072,403.472463690534,87.2303817290586].
[517.560292758409,403.611283453149,87.1259327792523].
[517.726806321608,403.840158548566,86.9537255740043].
[517.827801902945,403.978978311181,86.849276624198].
[517.850337063183,404.009953187045,86.8259709133003].
[517.850337063183,404.009953187045,86.8259709133003].
[517.850337063183,404.009953187045,86.8259709133003].
[517.850337063183,404.009953187045,86.8259709133003].
[517.850337063183,404.009953187045,86.8259709133003].
[517.850337063183,404.009953187045,86.8259709133003].
[517.850337063183,404.009953187045,86.8259709133003].
[517.850337063183,404.009953187045,86.8259709133003].
[517.850337063183,404.009953187045,86.8259709133003].
[517.850337063183,404.009953187045,86.8259709133003].
[517.850337063183,404.009953187045,86.8259709133003].
[517.850337063183,404.009953187045,86.8259709133003].
[517.827801902945,403.997692726319,86.8259709133003].
[517.726806321608,403.942745153483,86.8259709133003].
[517.535698356805,403.852151921375,86.8114526288267].
[517.324478314606,403.828187647451,86.7230737980288].
[517.120213741194,403.954784698826,86.511318478413].
[517.009989280333,404.183722032623,86.2739954548527].
[516.985394878728,404.322579544724,86.154998269199].
[516.985394878728,404.353562843636,86.1316858752466].
[516.985394878728,404.353562843636,86.1316858752466].
[517.032524440571,404.33484000545,86.1695165536727].
[517.24374448277,404.250930066186,86.3390618916982].
[517.591987459142,404.112585964496,86.6185948968488].
[517.803207501341,404.028676025232,86.7881402348743].
[517.850337063183,404.009953187045,86.8259709133003].
[517.850337063183,404.009953187045,86.8259709133003].
[517.850337063183,404.009953187045,86.8259709133003].
[517.850337063183,404.009953187045,86.8259709133003].
[517.850337063183,404.009953187045,86.8259709133003].
[517.850337063183,404.009953187045,86.8259709133003].
[517.872872879092,404.040928964138,86.8026645243124].
[517.973871398943,404.179752765778,86.6982125355159].
[518.14038980693,404.408634520421,86.5260003198203].
[518.263924798388,404.547458322061,86.4215483310239].
[518.389494556815,404.559712690282,86.4360594010277].
[518.565126771245,404.475809156765,86.6055454936594].
[518.703676942179,404.306508258232,86.9082805290342].
[518.836297402272,404.083818654222,87.18218867447].
[519.029358988034,403.817574549443,87.4299598890584].
[519.240356913045,403.59496677866,87.7037489874614].
[519.444284579145,403.425800800309,88.0062877474611].
[519.554307477115,403.341979100018,88.17565479306].
[519.578856903959,403.323275950608,88.2134456890683].
[519.578856903959,403.323275950608,88.2134456890683].
[519.578856903959,403.323275950608,88.2134456890683].
[519.578856903959,403.323275950608,88.2134456890683].
[519.578856903959,403.323275950608,88.2134456890683].
[519.578856903959,403.323275950608,88.2134456890683].
[519.578856903959,403.323275950608,88.2134456890683].
[519.578856903959,403.323275950608,88.2134456890683].
[519.578856903959,403.323275950608,88.2134456890683].
[519.578856903959,403.323275950608,88.2134456890683].
[519.578856903959,403.323275950608,88.2134456890683].
[519.578856903959,403.323275950608,88.2134456890683].
[519.578856903959,403.323275950608,88.2134456890683].
[519.578856903959,403.323275950608,88.2134456890683].
[519.578856903959,403.323275950608,88.2134456890683].
[519.578856903959,403.323275950608,88.2134456890683].
[519.578856903959,403.323275950608,88.2134456890683].
[519.578856903959,403.323275950608,88.2134456890683].
[519.578856903959,403.323275950608,88.2134456890683].
[519.53177690316,403.341979100018,88.17565479306].
[519.32077897815,403.425800800309,88.0062877474611].
[518.972902211112,403.582712410438,87.6892379174575].
[518.759871802075,403.750399913099,87.3504147152193].
[518.703682839832,403.907374394761,87.0332378493087].
[518.735758988655,403.991240197132,86.8637816926694].
[518.962255511833,404.003495991471,86.8782795551336].
[519.418201837393,403.974556848638,87.112710623522].
[519.810617324264,403.926844268293,87.499222112487].
[519.967708090289,403.89790512546,87.7336531808755].
[519.9922516222,403.891447929885,87.7859618227087].
[519.9922516222,403.891447929885,87.7859618227087].
[519.9922516222,403.891447929885,87.7859618227087].
[519.9922516222,403.891447929885,87.7859618227087].
[520.014777611647,403.922407773938,87.7626681117896].
[520.115732092348,404.061160168649,87.6582729421559].
[520.282177892053,404.28992419317,87.4861544054224].
[520.383132372754,404.428676587881,87.3817592357887].
[520.405658362201,404.459636431934,87.3584655248696].
[520.405658362201,404.459636431934,87.3584655248696].
[520.405658362201,404.459636431934,87.3584655248696].
[520.405658362201,404.459636431934,87.3584655248696].
[520.405658362201,404.459636431934,87.3584655248696].
[520.405658362201,404.459636431934,87.3584655248696].
[520.405658362201,404.459636431934,87.3584655248696].
[520.405852581582,404.459729941882,87.3606520818442].
[520.40652879308,404.460055514447,87.3682649933642].
[520.407093460105,404.460327382188,87.3746221170182].
[520.40652879308,404.460055514447,87.3682649933642].
[520.405852581582,404.459729941882,87.3606520818442].
[520.405658362201,404.459636431934,87.3584655248696].
[520.405658362201,404.459636431934,87.3584655248696].
[520.405658362201,404.459636431934,87.3584655248696].
[520.405658362201,404.459636431934,87.3584655248696].
[520.405658362201,404.459636431934,87.3584655248696].
[520.405852581582,404.459729941882,87.3606520818442].
[520.406723012461,404.460149024396,87.3704515503388].
[520.408158110366,404.460839974649,87.3866081424874].
[520.409028541245,404.461259057163,87.3964076109821].
[520.409222760626,404.461352567111,87.3985941679566].
[520.409222760626,404.461352567111,87.3985941679566].
[520.409222760626,404.461352567111,87.3985941679566].
[520.409222760626,404.461352567111,87.3985941679566].
[520.409028541245,404.461259057163,87.3964076109821].
[520.408158110366,404.460839974649,87.3866081424874].
[520.406723012461,404.460149024396,87.3704515503388].
[520.405852581582,404.459729941882,87.3606520818442].
[520.405658362201,404.459636431934,87.3584655248696].
[520.405658362201,404.459636431934,87.3584655248696].
[520.405658362201,404.459636431934,87.3584655248696].
[520.405658362201,404.459636431934,87.3584655248696].
[520.405658362201,404.459636431934,87.3584655248696].
[520.405658362201,404.459636431934,87.3584655248696].
[520.405658362201,404.459636431934,87.3584655248696].
[520.405658362201,404.459636431934,87.3584655248696].
[520.428185006726,404.49059717633,87.3373348215566].
[520.529142423285,404.6293536061,87.2404698944597].
[520.6955930634,404.858124283309,87.0746369788065].
[520.796550479959,404.996880713079,86.9639481467961].
[520.819077124484,405.027841457475,86.9331204800193].
[520.796550479959,404.996880713079,86.9542511833322].
[520.6955930634,404.858124283309,87.0586493888824].
[520.529142423285,404.6293536061,87.2307729309958].
[520.428185006726,404.49059717633,87.335171136546].
[520.405658362201,404.459636431934,87.3584655248696].
[520.405658362201,404.459636431934,87.3584655248696].
[520.383132372754,404.428676587881,87.3817592357887].
[520.282177892053,404.28992419317,87.4861544054224].
[520.115732092348,404.061160168649,87.6582729421559].
[520.014777611647,403.922407773938,87.7626681117896].
[519.9922516222,403.891447929885,87.7859618227087].
[519.9922516222,403.891447929885,87.7859618227087].
[519.9922516222,403.891447929885,87.7859618227087].
[519.9922516222,403.891447929885,87.7859618227087].
[519.9922516222,403.891447929885,87.7859618227087].
[519.9922516222,403.891447929885,87.7859618227087].
[519.9922516222,403.891447929885,87.7859618227087].
[519.9922516222,403.891447929885,87.7859618227087].
[519.969726287804,403.860488986137,87.8092548562528].
[519.868774742832,403.721740626308,87.9136469901026].
[519.702333783327,403.492983254185,88.0857605216745].
[519.601382238356,403.354234894357,88.1901526555242].
[519.53177690316,403.341979100018,88.17565479306].
[519.32077897815,403.425800800309,88.0062877474611].
[518.972902211112,403.563999420524,87.7270486968266].
[518.761904286101,403.647821120815,87.5576816512277].
[518.714824285303,403.666524270225,87.5198907552194].
[518.714824285303,403.666524270225,87.5198907552194].
[518.714824285303,403.666524270225,87.5198907552194].
[518.714824285303,403.666524270225,87.5198907552194].
[518.714824285303,403.666524270225,87.5198907552194].
[518.761904286101,403.666524270225,87.5343886176835].
[518.995427545508,403.678780064564,87.5993635294327].
[519.444255857518,403.733706724101,87.7064890484954].
[519.821694742033,403.824265476009,87.7714639602445].
[519.969726287804,403.879192135546,87.7859618227087].
[519.9922516222,403.891447929885,87.7859618227087].
[519.9922516222,403.891447929885,87.7859618227087].
[519.9922516222,403.891447929885,87.7859618227087].
[519.9922516222,403.891447929885,87.7859618227087].
[519.9922516222,403.891447929885,87.7859618227087].
[519.9922516222,403.891447929885,87.7859618227087].
[519.9922516222,403.891447929885,87.7859618227087].
[519.9922516222,403.891447929885,87.7859618227087].
[519.9922516222,403.891447929885,87.7859618227087].
[519.9922516222,403.891447929885,87.7859618227087].
[519.9922516222,403.891447929885,87.7859618227087].
[520.014777611647,403.922407773938,87.7626681117896].
[520.115732092348,404.061160168649,87.6582729421559].
[520.282177892053,404.28992419317,87.4861544054224].
[520.360606383308,404.397716743828,87.4050529467078].
[520.282177892053,404.28992419317,87.4861544054224].
[520.115732092348,404.061160168649,87.6582729421559].
[520.014777611647,403.922407773938,87.7626681117896].
[519.9922516222,403.891447929885,87.7859618227087].
[519.9922516222,403.891447929885,87.7859618227087].
[519.9922516222,403.891447929885,87.7859618227087].
[519.9922516222,403.891447929885,87.7859618227087].
[520.014777611647,403.922407773938,87.7626681117896].
[520.115732092348,404.061160168649,87.6582729421559].
[520.282177892053,404.28992419317,87.4861544054224].
[520.383132372754,404.428676587881,87.3817592357887].
[520.405658362201,404.459636431934,87.3584655248696].
[520.405658362201,404.459636431934,87.3584655248696].
[520.405658362201,404.459636431934,87.3584655248696].
[520.405658362201,404.459636431934,87.3584655248696].
[520.405658362201,404.459636431934,87.3584655248696].
[520.405658362201,404.459636431934,87.3584655248696].
[520.405658362201,404.459636431934,87.3584655248696].
[520.405658362201,404.459636431934,87.3584655248696].
[520.405658362201,404.459636431934,87.3584655248696].
[520.405658362201,404.459636431934,87.3584655248696].
[520.405658362201,404.459636431934,87.3584655248696].
[520.405658362201,404.459636431934,87.3584655248696].
[520.405658362201,404.459636431934,87.3584655248696].
[520.405658362201,404.459636431934,87.3584655248696].
[520.383132372754,404.428676587881,87.3817592357887].
[520.282177892053,404.28992419317,87.4861544054224].
[520.115732092348,404.061160168649,87.6582729421559].
[520.014777611647,403.922407773938,87.7626681117896].
[519.969525572484,403.860391020651,87.8070134476905].
[519.867674483859,403.721203609979,87.9013602852841].
[519.699750427598,403.491722365389,88.056911923248].
[519.597899338972,403.352534954716,88.1512587608416].
[519.575173289256,403.321478045482,88.1723103858233].
[519.575173289256,403.321478045482,88.1723103858233].
[519.575173289256,403.321478045482,88.1723103858233].
[519.575173289256,403.321478045482,88.1723103858233].
[519.575173289256,403.321478045482,88.1723103858233].
[519.575173289256,403.321478045482,88.1723103858233].
[519.575173289256,403.321478045482,88.1723103858233].
[519.575173289256,403.321478045482,88.1723103858233].
[519.575173289256,403.321478045482,88.1723103858233].
[519.575173289256,403.321478045482,88.1723103858233].
[519.575173289256,403.321478045482,88.1723103858233].
[519.575173289256,403.321478045482,88.1723103858233].
[519.575173289256,403.321478045482,88.1723103858233].
[519.575173289256,403.321478045482,88.1723103858233].
[519.575173289256,403.321478045482,88.1723103858233].
[519.575374004575,403.321576010968,88.1745517943857].
[519.576273548229,403.322015061812,88.1845970906418].
[519.577756644985,403.322738934279,88.2011589842498].
[519.578656188639,403.323177985123,88.211204280506].
[519.578656188639,403.323177985123,88.211204280506].
[519.577756644985,403.322738934278,88.2011589842498].
[519.576273548229,403.322015061812,88.1845970906418].
[519.622257122532,403.302888571705,88.2103704717731].
[519.832171964541,403.21894684766,88.368657238172].
[520.178593953213,403.080449905552,88.6333234547773].
[520.388709510541,402.996015374831,88.7938516297386].
[520.435592628498,402.976913530515,88.829670307126].
[520.435592628498,402.976821064249,88.829670307126].
[520.435592628498,402.976821064249,88.829670307126].
[520.435592628498,402.976821064249,88.829670307126].
[520.435592628498,402.976821064249,88.829670307126].
[520.435592628498,402.976821064249,88.829670307126].
[520.435592628498,402.976821064249,88.829670307126].
[520.435592628498,402.976821064249,88.829670307126].
[520.435592628498,402.976821064249,88.829670307126].
[520.435592628498,402.976821064249,88.829670307126].
[520.458118320475,403.007775577484,88.8064299752958].
[520.559071468011,403.146504081126,88.7022740341416].
[520.725515069698,403.375228715934,88.5305499184908].
[520.826468217234,403.513957219576,88.4263939773366].
[520.848993909211,403.544911732811,88.4031536455064].
[520.848993909211,403.544911732811,88.4031536455064].
[520.848993909211,403.544911732811,88.4031536455064].
[520.848993909211,403.544911732811,88.4031536455064].
[520.848993909211,403.544911732811,88.4031536455064].
[520.848993909211,403.544911732811,88.4031536455064].
[520.848993909211,403.544911732811,88.4031536455064].
[520.848993909211,403.544911732811,88.4031536455064].
[520.848993909211,403.544911732811,88.4031536455064].
[520.848993909211,403.544911732811,88.4031536455064].
[520.848993909211,403.575867102695,88.3799126705129].
[520.848993909211,403.714599445572,88.2757538469003].
[520.824446305105,403.943330410208,88.0891899142284].
[520.71443157608,404.082062753085,87.9185449435126].
[520.533047952245,404.131716725864,87.7624391292878].
[520.42303322322,404.215518050091,87.5939685028735].
[520.398485619114,404.353683075858,87.41723487071].
[520.398681436514,404.437578679424,87.3293353706919].
[520.399559029215,404.456699813003,87.3159677539845].
[520.401005934968,404.45739644833,87.3181723017416].
[520.40188352767,404.457818979014,87.3181723017416].
[520.40207934507,404.457913258353,87.3181723017416].
[520.40207934507,404.457913258353,87.3181723017416].
[520.40207934507,404.457913258353,87.3181723017416].
[520.40207934507,404.457913258353,87.3181723017416].
[520.40207934507,404.457913258353,87.3181723017416].
[520.40207934507,404.457913258353,87.3181723017416].
[520.40207934507,404.457913258353,87.3181723017416].
[520.40207934507,404.457913258353,87.3181723017416].
[520.40188352767,404.457818979014,87.3159677539845].
[520.401005934968,404.45739644833,87.3060876563964].
[520.399559029215,404.456699813003,87.2897981293464].
[520.398681436514,404.456277282319,87.2799180317584].
[520.445559538583,404.43757290046,87.3157962629475].
[520.656530208968,404.354168207396,87.4885264713422].
[521.004362040724,404.216568615491,87.7791322857973].
[521.192990398067,404.101902393884,87.9882562777949].
[521.117223323072,403.913266498145,88.1609735586155].
[520.850356929898,403.545673435479,88.4297704786693].
[520.582422424569,403.177864920644,88.6904015536972].
[520.458302322797,403.007866049988,88.8085080891899].
[520.435592628498,402.976821064249,88.829670307126].
[520.435592628498,402.976821064249,88.829670307126].
[520.435592628498,402.976821064249,88.829670307126].
[520.41103903136,402.995502601542,88.7916010064251].
[520.30099744343,403.079227443045,88.6209862375583].
[520.119569536748,403.24822941592,88.3164429682585].
[520.009527948818,403.470721001385,88.0416420563885].
[519.98497435168,403.718190221114,87.831798845606].
[519.98497435168,403.856956965076,87.7276127026028].
[519.98497435168,403.887920010879,87.7043656318292].
[519.98497435168,403.856956965076,87.7276127026028].
[520.009527948818,403.699508683821,87.8698681463069].
[520.119569536748,403.386996159882,88.2122568252553].
[520.30099744343,403.110190488848,88.5977391667848].
[520.41103903136,402.995502601542,88.7916010064251].
[520.435592628498,402.976821064249,88.829670307126].
[520.435592628498,402.976821064249,88.829670307126].
[520.435592628498,402.976821064249,88.829670307126].
[520.482652129704,402.958149508464,88.8677192674756].
[520.693558181916,402.874469400977,89.0382428772123].
[521.041283476318,402.736504227828,89.3193887797416].
[521.25218952853,402.652824120341,89.4899123894782].
[521.299249029737,402.634152564556,89.5279613498278].
[521.299249029737,402.634152564556,89.5279613498278].
[521.299249029737,402.634152564556,89.5279613498278].
[521.299249029737,402.634152564556,89.5279613498278].
[521.299249029737,402.634152564556,89.5279613498278].
[521.299249029737,402.634152564556,89.5279613498278].
[521.299249029737,402.634152564556,89.5279613498278].
[521.299249029737,402.634152564556,89.5279613498278].
[521.321769354905,402.665098549919,89.5047277530591].
[521.42269845007,402.803788834293,89.4006019963559].
[521.589102396101,403.032450456178,89.2289276464516].
[521.690031491266,403.171140740552,89.1248018897484].
[521.712551816433,403.202086725915,89.1015682929796].
[521.712551816433,403.202086725915,89.1015682929796].
[521.712551816433,403.202086725915,89.1015682929796].
[521.712551816433,403.202086725915,89.1015682929796].
[521.712551816433,403.202086725915,89.1015682929796].
[521.712551816433,403.202086725915,89.1015682929796].
[521.712551816433,403.202086725915,89.1015682929796].
[521.712551816433,403.202086725915,89.1015682929796].
[521.712551816433,403.202086725915,89.1015682929796].
[521.712551816433,403.202086725915,89.1015682929796].
[521.712551816433,403.202086725915,89.1015682929796].
[521.712551816433,403.202086725915,89.1015682929796].
[521.712551816433,403.202086725915,89.1015682929796].
[521.712551816433,403.202086725915,89.1015682929796].
[521.712551816433,403.202086725915,89.1015682929796].
[521.712551816433,403.202086725915,89.1015682929796].
[521.712551816433,403.202086725915,89.1015682929796].
[521.712551816433,403.202086725915,89.1015682929796].
[521.712551816433,403.202086725915,89.1015682929796].
[521.712551816433,403.202086725915,89.1015682929796].
[521.712551816433,403.202086725915,89.1015682929796].
[521.712551816433,403.202086725915,89.1015682929796].
[521.712551816433,403.202086725915,89.1015682929796].
[521.712551816433,403.202086725915,89.1015682929796].
[521.712551816433,403.202086725915,89.1015682929796].
[521.712551816433,403.202086725915,89.1015682929796].
[521.712551816433,403.202086725915,89.1015682929796].
[521.712551816433,403.202086725915,89.1015682929796].
[521.712551816433,403.202086725915,89.1015682929796].
[521.712551816433,403.202086725915,89.1015682929796].
[521.712551816433,403.202086725915,89.1015682929796].
[521.712551816433,403.202086725915,89.1015682929796].
[521.712551816433,403.202086725915,89.1015682929796].
[521.712551816433,403.202086725915,89.1015682929796].
[521.735072764672,403.233033567463,89.0783340534057].
[521.836004652248,403.371727688988,88.9742054158494].
[522.002413202187,403.600395637268,88.8025263162213].
[522.103345089762,403.739089758793,88.698397678665].
[522.103345089762,403.739089758793,88.698397678665].
[522.002413202187,403.600395637268,88.8025263162213].
[521.836004652248,403.371727688988,88.9742054158494].
[521.757593712911,403.26398040901,89.0550998138317].
[521.836004652248,403.371727688988,88.9742054158494].
[522.002413202187,403.600395637268,88.8025263162213].
[522.103345089762,403.739089758793,88.698397678665].
[522.125866038001,403.770036600341,88.675163439091].
[522.125866038001,403.770036600341,88.675163439091].
[522.125866038001,403.770036600341,88.675163439091].
[522.125866038001,403.770036600341,88.675163439091].
[522.125866038001,403.770036600341,88.675163439091].
[522.125866038001,403.770036600341,88.675163439091].
[522.125866038001,403.770036600341,88.675163439091].
[522.125866038001,403.770036600341,88.675163439091].
[522.125866038001,403.770036600341,88.675163439091].
[522.125866038001,403.770036600341,88.675163439091].
[522.125866038001,403.770036600341,88.675163439091].
[522.125866038001,403.770036600341,88.675163439091].
[522.103345089762,403.739089758793,88.698397678665].
[522.002413202187,403.600395637268,88.8025263162213].
[521.836004652248,403.371727688988,88.9742054158494].
[521.735072764672,403.233033567463,89.0783340534057].
[521.712551816433,403.202086725915,89.1015682929796].
[521.642971990059,403.189812296337,89.0867529293988].
[521.331136842682,403.134802119451,89.0203550763653].
[520.817007602249,403.044105670713,88.9108835237403].
[520.505172454872,402.989095493827,88.8444856707069].
[520.435592628498,402.976821064249,88.829670307126].
[520.435592628498,402.976821064249,88.829670307126].
[520.435592628498,402.976821064249,88.829670307126].
[520.435592628498,402.976821064249,88.829670307126].
[520.435592628498,402.976821064249,88.829670307126].
[520.482652129704,402.958149508464,88.8677192674756].
[520.693558181916,402.874469400977,89.0382428772123].
[521.041283476318,402.736504227828,89.3193887797416].
[521.25218952853,402.652824120341,89.4899123894782].
[521.299249029737,402.634152564556,89.5279613498278].
[521.25218952853,402.652824120341,89.4899123894782].
[521.041283476318,402.736504227828,89.3193887797416].
[520.693558181916,402.874469400977,89.0382428772123].
[520.482652129704,402.958149508464,88.8677192674756].
[520.435592628498,402.976821064249,88.829670307126].
[520.435592628498,402.976821064249,88.829670307126].
[520.435592628498,402.976821064249,88.829670307126].
[520.435592628498,402.976821064249,88.829670307126].
[520.435592628498,402.976821064249,88.829670307126].
[520.435592628498,402.976821064249,88.829670307126].
[520.435592628498,402.976821064249,88.829670307126].
[520.435592628498,402.976821064249,88.829670307126].
[520.435592628498,402.976821064249,88.829670307126].
[520.458118320475,403.007775577484,88.8064299752958].
[520.559071468011,403.146504081126,88.7022740341416].
[520.725515069698,403.375228715934,88.5305499184908].
[520.826468217234,403.513957219576,88.4263939773366].
[520.848993909211,403.544911732811,88.4031536455064].
[520.848993909211,403.544911732811,88.4031536455064].
[520.848993909211,403.544911732811,88.4031536455064].
[520.848993909211,403.544911732811,88.4031536455064].
[520.848993909211,403.544911732811,88.4031536455064].
[520.848993909211,403.544911732811,88.4031536455064].
[520.848993909211,403.544911732811,88.4031536455064].
[520.848993909211,403.544911732811,88.4031536455064].
[520.848993909211,403.544911732811,88.4031536455064].
[520.848993909211,403.544911732811,88.4031536455064].
[520.848993909211,403.544911732811,88.4031536455064].
[520.848993909211,403.544911732811,88.4031536455064].
[520.848993909211,403.544911732811,88.4031536455064].
[520.848993909211,403.544911732811,88.4031536455064].
[520.848993909211,403.544911732811,88.4031536455064].
[520.848993909211,403.544911732811,88.4031536455064].
[520.848993909211,403.575867102695,88.3799126705129].
[520.848993909211,403.714599445572,88.2757538469003].
[520.824642122505,403.962029013103,88.0681467476901].
[520.715504986181,404.184656959547,87.8031928474942].
[520.5355682681,404.354199885881,87.514845609514].
[520.426431131776,404.438697845434,87.3540505329307].
[520.40207934507,404.457818979014,87.3181723017416].
[520.40207934507,404.457913258353,87.3181723017416].
[520.40207934507,404.457913258353,87.3181723017416].
[520.40207934507,404.457913258353,87.3181723017416].
[520.40207934507,404.457913258353,87.3181723017416].
[520.40207934507,404.457913258353,87.3181723017416].
[520.402274361005,404.458007151815,87.3203678264661].
[520.403148361792,404.458427953116,87.3302074856276].
[520.404589345479,404.459121737171,87.3464303409836].
[520.405463346265,404.459542538472,87.3562700001451].
[520.405658362201,404.459636431934,87.3584655248696].
[520.405658362201,404.459636431934,87.3584655248696].
[520.405658362201,404.459636431934,87.3584655248696].
[520.405658362201,404.459636431934,87.3584655248696].
[520.405658362201,404.459636431934,87.3584655248696].
[520.429999135293,404.440926295147,87.3962498976142].
[520.539086912025,404.326031743316,87.5868051305808].
[520.718942249896,404.048662979065,87.9610858714546].
[520.828030026628,403.735442310485,88.2872004077355].
[520.829847910911,403.546661140312,88.4433380660434].
[520.728907326304,403.3769000358,88.5688147898001].
[520.562484437384,403.14819013301,88.7407093172731].
[520.461543852777,403.009470564788,88.8449686184222].
[520.439207005429,402.978518045315,88.8703245958608].
[520.440040785412,402.978518045315,88.8797029016659].
[520.441415456204,402.978518045315,88.8951651139299].
[520.442249236187,402.978610133396,88.9024508368588].
[520.442435277648,402.979022843545,88.8951651139299].
[520.442435277648,403.010563718938,88.8564395071035].
[520.442249236187,403.180236684915,88.7195378454852].
[520.439402555985,403.565786118053,88.4033552102035].
[520.429006692282,404.016636592336,87.957191403051].
[520.41329947966,404.324428254991,87.5493747228198].
[520.381761271777,404.408342925902,87.3815948027977].
[520.279667891644,404.288715714352,87.4578963661804].
[520.09213774123,404.029686530138,87.6672893832516].
[519.891105716343,403.7526065769,87.8758710496405].
[519.702333783327,403.492983254185,88.056911923248].
[519.623907572752,403.385193838106,88.1302071358598].
[519.702333783327,403.492983254185,88.056911923248].
[519.868774742832,403.721740626308,87.9013602852841].
[519.969726287804,403.860488986137,87.8070134476905].
[519.9922516222,403.891447929885,87.7859618227087].
[519.9922516222,403.891447929885,87.7859618227087].
[520.014777611647,403.922407773938,87.7626681117896].
[520.115732092348,404.061160168649,87.6582729421559].
[520.282177892053,404.28992419317,87.4861544054224].
[520.383132372754,404.428676587881,87.3817592357887].
[520.405658362201,404.459636431934,87.3584655248696].
[520.405658362201,404.459636431934,87.3584655248696].
[520.405658362201,404.459636431934,87.3584655248696].
[520.405658362201,404.459636431934,87.3584655248696].
[520.405658362201,404.459636431934,87.3584655248696].
[520.405658362201,404.459636431934,87.3584655248696].
[520.452703137138,404.440926295147,87.3962498976142].
[520.663543190791,404.357073279605,87.5655877079733].
[521.011159671963,404.218823029268,87.8447785578461].
[521.221999725616,404.134970013726,88.0141163682052].
[521.269044500553,404.116259876939,88.0519007409498].
[521.269044500553,404.116259876939,88.0519007409498].
[521.269044500553,404.116259876939,88.0519007409498].
[521.269044500553,404.116259876939,88.0519007409498].
[521.269044500553,404.116259876939,88.0519007409498].
[521.269044500553,404.116259876939,88.0519007409498].
[521.269044500553,404.116259876939,88.0519007409498].
[521.269044500553,404.116259876939,88.0519007409498].
[521.269044500553,404.116259876939,88.0519007409498].
[521.269044500553,404.116259876939,88.0519007409498].
[521.269044500553,404.116259876939,88.0519007409498].
[521.269044500553,404.116259876939,88.0519007409498].
[521.269044500553,404.116259876939,88.0519007409498].
[521.269044500553,404.116259876939,88.0519007409498].
[521.269044500553,404.147212210553,88.0286130253929].
[521.244526370141,404.304649493381,87.8864536795968].
[521.134643733047,404.617248732901,87.545011727306].
[520.95347789199,404.894279866239,87.1614032717013].
[520.843595254897,405.009122909906,86.9687478405199].
[520.819077124484,405.027841457475,86.9309567950086].
[520.819077124484,405.027841457475,86.9309567950086].
[520.819077124484,405.027841457475,86.9309567950086].
[520.819077124484,405.027841457475,86.9309567950086].
[520.819077124484,405.027841457475,86.9309567950086].
[520.819077124484,405.027841457475,86.9309567950086].
[520.819077124484,405.027841457475,86.9309567950086].
[520.819077124484,405.027841457475,86.9309567950086].
[520.819077124484,405.027841457475,86.9309567950086].
[520.819077124484,405.027841457475,86.9309567950086].
[520.819077124484,405.027841457475,86.9309567950086].
[520.819077124484,405.027841457475,86.9309567950086].
[520.819077124484,405.027841457475,86.9309567950086].
[520.819077124484,405.027841457475,86.9309567950086].
[520.86611666161,405.009122909906,86.9687478405199].
[521.076933241017,404.925232199853,87.1381155561443].
[521.424511019704,404.786919801774,87.4173557114643].
[521.612806192398,404.672076758106,87.6100111426457].
[521.55891178721,404.514639475278,87.7521704884417].
[521.392499849581,404.285930945812,87.9242447251081].
[521.269045155307,404.134962503287,88.0286130253929].
[521.145592740684,404.049110790504,88.0519007409498].
[520.95466161809,403.95859701632,88.0374100791243].
[520.743821564437,403.903697637151,87.9724674383989].
[520.540091430921,403.922407773938,87.8421014143405].
[520.430182385179,404.061160168649,87.6727636039814].
[520.405658362201,404.28992419317,87.4861544054224].
[520.405658362201,404.428676587881,87.3817592357887].
[520.428376411554,404.49068869084,87.3373348215566].
[520.530191645038,404.62985526019,87.2426335794703].
[520.698056586166,404.859302143247,87.086497627281].
[520.799871819651,404.998468712596,86.9917963851947].
[520.822589869004,405.029520971503,86.9706656818817].
[520.822589869004,405.029520971503,86.9706656818817].
[520.800066039032,404.998562222544,86.9917963851947].
[520.699121236426,404.859814735708,87.086497627281].
[520.532497173822,404.630965292957,87.2426335794704].
[520.430681940337,404.491798723607,87.3373348215566].
[520.406723012461,404.460149024396,87.3584655248696].
[520.405852581582,404.459729941882,87.3584655248696].
[520.405658362201,404.459636431934,87.3584655248696].
[520.452703137138,404.440926295147,87.3962498976142].
[520.663543190791,404.357073279605,87.5655877079733].
[521.011159671963,404.218823029268,87.8447785578461].
[521.221999725616,404.134970013726,88.0141163682052].
[521.269044500553,404.116259876939,88.0519007409498].
[521.269044500553,404.116259876939,88.0519007409498].
[521.269044500553,404.116259876939,88.0519007409498].
[521.269044500553,404.116259876939,88.0519007409498].
[521.269044500553,404.116259876939,88.0519007409498].
[521.269044500553,404.116259876939,88.0519007409498].
[521.269044500553,404.116259876939,88.0519007409498].
[521.269044500553,404.116259876939,88.0519007409498].
[521.269044500553,404.116259876939,88.0519007409498].
[521.269044500553,404.116259876939,88.0519007409498].
[521.269044500553,404.116259876939,88.0519007409498].
[521.269044500553,404.116259876939,88.0519007409498].
[521.269044500553,404.116259876939,88.0519007409498].
[521.269044500553,404.116259876939,88.0519007409498].
[521.269044500553,404.116259876939,88.0519007409498].
[521.269044500553,404.116259876939,88.0519007409498].
[521.269044500553,404.116259876939,88.0519007409498].
[521.269044500553,404.116259876939,88.0519007409498].
[521.269044500553,404.116259876939,88.0519007409498].
[521.269044500553,404.116259876939,88.0519007409498].
[521.269044500553,404.116259876939,88.0519007409498].
[521.269044500553,404.116259876939,88.0519007409498].
[521.269044500553,404.116259876939,88.0519007409498].
[521.31606454858,404.116259876939,88.0663842074998].
[521.549309955202,404.128503501666,88.1312946012375].
[521.997654206643,404.183375620785,88.2383137480824].
[522.3747566948,404.273844450745,88.3032241418202].
[522.522687221624,404.328716569865,88.3177076083702].
[522.545203392918,404.340960194592,88.3177076083702].
[522.545203392918,404.340960194592,88.3177076083702].
[522.545203392918,404.340960194592,88.3177076083702].
[522.545203392918,404.340960194592,88.3177076083702].
[522.545203392918,404.340960194592,88.3177076083702].
[522.545203392918,404.340960194592,88.3177076083702].
[522.567720218671,404.371905021407,88.2944258850937].
[522.668633630547,404.510590113532,88.1900844403472].
[522.835011719205,404.739243174847,88.0180544809779].
[522.93592513108,404.877928266971,87.9137130362314].
[522.958602072625,404.908951337962,87.8922756645372].
[522.959319661824,404.909302004023,87.9005414748652].
[522.960502766398,404.909880154617,87.9141694921724].
[522.961220355596,404.910230820679,87.9224353025004].
[522.961380471389,404.910309064853,87.9242796540826].
[522.961220355596,404.910230820679,87.9224353025004].
[522.960502766398,404.909880154617,87.9141694921724].
[522.959319661824,404.909302004023,87.9005414748652].
[522.958602072625,404.908951337962,87.8922756645372].
[522.958441956833,404.908873093787,87.8904313129549].
[522.958441956833,404.908873093787,87.8904313129549].
[522.958441956833,404.908873093787,87.8904313129549].
[522.958441956833,404.908873093787,87.8904313129549].
[522.958441956833,404.908873093787,87.8904313129549].
[522.958441956833,404.908873093787,87.8904313129549].
[522.958441956833,404.908873093787,87.8904313129549].
[522.958441956833,404.908873093787,87.8904313129549].
[522.958281185975,404.9087945295,87.8885794157634].
[522.957560660976,404.908442428794,87.8802797883604].
[522.956372716085,404.907861912871,87.8665960161223].
[522.955652191087,404.907509812165,87.8582963887194].
[522.955652191087,404.907509812165,87.8582963887194].
[522.956372716085,404.907861912871,87.8665960161223].
[522.957560660976,404.908442428794,87.8802797883604].
[522.958281185975,404.9087945295,87.8885794157634].
[522.958441956833,404.908873093787,87.8904313129549].
[522.958281185975,404.9087945295,87.8885794157634].
[522.957560660976,404.908442428794,87.8802797883604].
[522.956372716085,404.907861912871,87.8665960161223].
[522.955652191087,404.907509812165,87.8582963887194].
[522.955491420229,404.907431247878,87.8564444915278].
[522.955491420229,404.907431247878,87.8564444915278].
[522.955491420229,404.907431247878,87.8564444915278].
[522.955491420229,404.907431247878,87.8564444915278].
[522.955491420229,404.907431247878,87.8564444915278].
[522.955491420229,404.907431247878,87.8564444915278].
[522.955491420229,404.907431247878,87.8564444915278].
[522.955491420229,404.907431247878,87.8564444915278].
[522.955491420229,404.907431247878,87.8564444915278].
[522.955491420229,404.907431247878,87.8564444915278].
[522.955491420229,404.907431247878,87.8564444915278].
[522.955491420229,404.907431247878,87.8564444915278].
[522.955491420229,404.907431247878,87.8564444915278].
[522.955491420229,404.907431247878,87.8564444915278].
[522.955491420229,404.907431247878,87.8564444915278].
[522.955491420229,404.907431247878,87.8564444915278].
[522.955491420229,404.907431247878,87.8564444915278].
[522.955491420229,404.907431247878,87.8564444915278].
[522.955491420229,404.907431247878,87.8564444915278].
[522.955491420229,404.907431247878,87.8564444915278].
[522.955491420229,404.907431247878,87.8564444915278].
[522.955491420229,404.907431247878,87.8564444915278].
[522.955491420229,404.907431247878,87.8564444915278].
[522.955491420229,404.907431247878,87.8564444915278].
[522.955491420229,404.907431247878,87.8564444915278].
[522.955491420229,404.907431247878,87.8564444915278].
[522.955491420229,404.907431247878,87.8564444915278].
[522.955491420229,404.907431247878,87.8564444915278].
[522.955491420229,404.907431247878,87.8564444915278].
[522.955491420229,404.907431247878,87.8564444915278].
[522.955491420229,404.907431247878,87.8564444915278].
[522.955491420229,404.907431247878,87.8564444915278].
[522.955491420229,404.907431247878,87.8564444915278].
[522.955491420229,404.907431247878,87.8564444915278].
[522.955491420229,404.907431247878,87.8564444915278].
[522.955491420229,404.907431247878,87.8564444915278].
[522.955491420229,404.907431247878,87.8564444915278].
[522.955491420229,404.907431247878,87.8564444915278].
[522.955491420229,404.907431247878,87.8564444915278].
[522.955491420229,404.907431247878,87.8564444915278].
[522.955491420229,404.907431247878,87.8564444915278].
[522.955491420229,404.907431247878,87.8564444915278].
[522.955491420229,404.907431247878,87.8564444915278].
[522.955491420229,404.907431247878,87.8564444915278].
[522.955491420229,404.907431247878,87.8564444915278].
[522.955491420229,404.907431247878,87.8564444915278].
[522.955491420229,404.907431247878,87.8564444915278].
[522.955491420229,404.907431247878,87.8564444915278].
[522.932971915671,404.876484561299,87.8778205275905].
[522.831882378374,404.737710380483,87.9736212747798].
[522.664748961726,404.508681663799,88.1315700044199].
[522.562610853479,404.36939154235,88.2273707516092].
[522.539355814768,404.338082942296,88.2487467876719].
[522.539191694915,404.338002188484,88.2487467876719].
[522.539191694915,404.338002188484,88.2487467876719].
[522.539355814768,404.338082942296,88.2506294237877].
[522.539927229068,404.338364101959,88.2571841773756].
[522.540404385718,404.338598882929,88.2626576915457].
[522.539927229068,404.338364101959,88.2571841773756].
[522.539355814768,404.338163696107,88.2506294237877].
[522.539191694915,404.338444855771,88.2487467876719].
[522.492326738179,404.357657937198,88.2127095586767].
[522.282292573796,404.441452708742,88.0512019033636].
[521.936004779403,404.579090990326,87.7849207966679].
[521.72597061502,404.6316561222,87.6466778561488].
[521.703449043684,404.493155845707,87.7509132417773].
[521.812548527965,404.180919305944,88.084191480341].
[521.992423168321,403.903834618174,88.4545173718643].
[522.101522652602,403.788813712708,88.6391560424838].
[522.125866038001,403.770036600341,88.675163439091].
[522.125866038001,403.770036600341,88.675163439091].
[522.125866038001,403.770036600341,88.675163439091].
[522.125866038001,403.770036600341,88.675163439091].
[522.125866038001,403.770036600341,88.675163439091].
[522.125866038001,403.770036600341,88.675163439091].
[522.125866038001,403.770036600341,88.675163439091].
[522.125866038001,403.770036600341,88.675163439091].
[522.125866038001,403.770036600341,88.675163439091].
[522.125866038001,403.770036600341,88.675163439091].
[522.125866038001,403.770036600341,88.675163439091].
[522.125866038001,403.770036600341,88.675163439091].
[522.125866038001,403.770036600341,88.675163439091].
[522.125866038001,403.800984298108,88.6519285566851].
[522.125866038001,403.939682256944,88.547797038156].
[522.101522652602,404.187140222555,88.3400759596117].
[521.992423168321,404.410020842587,88.0744367857695].
[521.812548527965,404.579762284491,87.7849207966679].
[521.703449043684,404.663944945687,87.6234131413548].
[521.678927215187,404.682642086481,87.5853439747465].
[521.678127488707,404.682254196829,87.5762374621543].
[521.676808962649,404.681614674909,87.5612233611415].
[521.676009236169,404.681226785257,87.5521168485493].
[521.675830793072,404.681140235376,87.5500849109362].
[521.675830793072,404.681140235376,87.5500849109362].
[521.675830793072,404.681140235376,87.5500849109362].
[521.675830793072,404.681140235376,87.5500849109362].
[521.675830793072,404.681140235376,87.5500849109362].
[521.675830793072,404.681140235376,87.5500849109362].
[521.698358355285,404.693391648605,87.5500849109362].
[521.799319884638,404.748298673368,87.5500849109362].
[522.012815337682,404.838825053006,87.56491855228].
[522.32458670129,404.89373207777,87.6313983205641].
[522.694680921314,404.905983490998,87.7410049286053].
[522.90549075557,404.905983490998,87.8074846968893].
[522.952528787649,404.905983490998,87.8223183382332].
[522.952528787649,404.905983490998,87.8223183382332].
[522.952528787649,404.905983490998,87.8223183382332].
[522.952528787649,404.905983490998,87.8223183382332].
[522.952528787649,404.905983490998,87.8223183382332].
[522.952528787649,404.905983490998,87.8223183382332].
[522.952528787649,404.905983490998,87.8223183382332].
[522.952528787649,404.905983490998,87.8223183382332].
[522.952528787649,404.905983490998,87.8223183382332].
[522.952528787649,404.905983490998,87.8223183382332].
[522.952528787649,404.905983490998,87.8223183382332].
[522.952528787649,404.905983490998,87.8223183382332].
[522.90549075557,404.924689161059,87.7842424354889].
[522.694680921314,405.008522158121,87.6135980783168].
[522.347114263503,405.146739403563,87.332253096922].
[522.136304429247,405.230572400625,87.1616087397498].
[522.089266397169,405.249278070685,87.1235328370056].
[522.089266397169,405.249278070685,87.1235328370056].
[522.089266397169,405.249278070685,87.1235328370056].
[522.089266397169,405.249278070685,87.1235328370056].
[522.089266397169,405.249278070685,87.1235328370056].
[522.089266397169,405.249278070685,87.1235328370056].
[522.089442084213,405.249278070685,87.1255416610672].
[522.090229458919,405.249278070685,87.1345445859084].
[522.138551395331,405.230651286993,87.187314467477].
[522.350084708439,405.147171834104,87.3662924770811].
[522.69772170684,405.009537484459,87.6485428388805].
[522.908467645242,404.92605803157,87.8185179236434].
[522.955491420229,404.907431247878,87.8564444915278].
[522.955329990277,404.90735236151,87.8545850023261].
[522.954606511425,404.906998817337,87.8462513498941].
[522.883848102161,404.89416450831,87.8325114798669].
[522.549007535782,404.808036213181,87.8325858042747].
[521.934494225544,404.579002895692,87.8684082529794].
[521.456796905687,404.295615879274,87.9305352655269].
[521.285745717998,404.144370980701,87.9682172034333].
[521.262587845435,404.113106623344,87.9766251802731].
[521.215723544444,404.113018122969,87.9662361847276].
[520.983978478101,404.113106623344,87.9196759369395].
[520.538080055084,404.101341685776,87.8284132035781].
[520.115340417242,404.04749125035,87.7168780440409].
[519.734197833511,403.964482563479,87.5760638200675].
[519.215753993829,403.939005837025,87.3921557855104].
[518.62719093621,403.974556848638,87.1404609596227].
[518.084196792059,404.022333485447,86.8936634415817].
[517.593555764392,404.13207241036,86.6129022049459].
[516.989918988218,404.355779126853,86.1823024547041].
[516.386527622194,404.598298741827,85.7323698936109].
[515.919468835301,404.785698824007,85.3827641303606].
[515.525960578418,404.94325175273,85.0788389388185].
[515.314658270612,405.046625992817,84.8814256704173].
[515.241424914095,405.150414989846,84.7279113263024].
[515.108585837865,405.289655132089,84.5109505640496].
[514.82744580928,405.373894396388,84.3155274363948].
[514.551779347933,405.392662908006,84.2321217330205].
[514.426394565791,405.392662908006,84.2180725406474].
[514.403847440305,405.392662908006,84.2180725406474].
[514.403847440305,405.392662908006,84.2180725406474].
[514.403847440305,405.392662908006,84.2180725406474].
[514.311875304701,405.368339004415,84.2180725406474].
[513.852485847933,405.259326831541,84.193382938734].
[512.961367596569,405.079596143359,84.082731819688].
[512.200421452474,404.970583970485,83.9002989660899].
[511.896918335023,404.946260066894,83.7896478470438].
[511.849719393167,404.946260066894,83.7649582451304].
[511.849719393167,404.946260066894,83.7649582451304].
[511.827167642167,404.915246700272,83.7883922527919].
[511.703546674728,404.745242056933,83.9168494487822].
[511.435843810213,404.377094719589,84.1950252311486].
[511.168143037644,404.008950259106,84.4731988397293].
[510.999424670922,403.776927275031,84.6485177095803].
[510.774749890504,403.467952537951,84.8819820878337].
[510.441504166295,403.00967008262,85.2282648600408].
[510.192137437207,402.750461043108,85.4009827580722].
[509.935309185,402.77248580853,85.2806207837891].
[509.586228154482,402.911055145413,85.004911306186].
[509.374499806748,402.995101696729,84.8376850548463].
[509.32725682661,403.013855017184,84.8003718346039].
[509.32725682661,403.013855017184,84.8003718346039].
[509.32725682661,403.013855017184,84.8003718346039].
[509.32725682661,403.014015070799,84.8003718346039].
[509.280733997901,403.033500609774,84.7706223499763].
[509.072233144952,403.118796619181,84.6372944098725].
[508.728473353736,403.258358145368,84.4174737990448].
[508.519972500788,403.343369799756,84.284145858941].
[508.473449672078,403.363355174421,84.2543963743134].
[508.473449672078,403.364093410923,84.2543963743134].
[508.473449672078,403.364258133752,84.2543963743134].
[508.473449672078,403.364258133752,84.2543963743134].
[508.473449672078,403.364258133752,84.2543963743134].
[508.47307831482,403.364093410923,84.2506127652513].
[508.471414007057,403.363355174421,84.2336558058711].
[508.468670027446,403.362138028196,84.2056985062546].
[508.467005719683,403.361399791693,84.1887415468744].
[508.467005719683,403.361399791693,84.1887415468744].
[508.468670027446,403.362138028196,84.2056985062546].
[508.471414007057,403.363355174421,84.2336558058711].
[508.47307831482,403.364093410923,84.2506127652513].
[508.473449672078,403.364258133752,84.2543963743134].
[508.473449672078,403.364258133752,84.2543963743134].
[508.473449672078,403.364093410923,84.2543963743134].
[508.520328528331,403.34458694598,84.287797104006].
[508.777311938626,403.240343061415,84.471150764388].
[509.333835180318,403.016161470239,84.8688131360706].
[509.984487746102,402.754509278088,85.3385823820821].
[510.710146018875,402.463508503708,85.8769189056457].
[511.709727966608,402.063383733489,86.62909973956].
[512.736313365896,401.652784470038,87.4053440210963].
[513.646239433363,401.289412614314,88.0983554174526].
[514.461238127845,400.963822466962,88.7141101682534].
[515.065098445976,400.722201492204,89.1656445199741].
[515.322169833617,400.61876455505,89.3571072300022].
[515.41620348049,400.580874988252,89.4298541325696].
[515.627453346557,400.497113076378,89.5991307083205].
[516.000336175654,400.309609602309,89.9392597410389].
[516.368679710621,399.984913487993,90.4175662268773].
[516.832020641385,399.466064935815,91.1242987539739].
[517.399784200431,398.864125350012,91.9622094491898].
[517.82507074873,398.218313127737,92.8325305374313].
[518.004300326043,397.512468338873,93.6731428675775].
[518.050276147126,396.668978425226,94.5282023469718].
[518.009208144908,395.806666054734,95.3682695549459].
[517.758735991159,394.955599390692,96.1149073083531].
[517.186324996824,393.972130409582,96.8861517726478].
[516.391497714317,392.838117556376,97.752509642197].
[515.398112293495,391.552885346045,98.7026008138684].
[514.049469888204,390.072414590384,99.7111391454608].
[512.363062226036,388.369059879327,100.826797752675].
[510.579417866386,386.372085774824,102.226106832483].
[508.717780281073,384.267608142633,103.71148664286].
[506.844331965407,382.305764128844,105.042630200744].
[505.299898483681,380.550344242275,106.295503879832].
[504.174062034981,379.00794857332,107.468805798828].
[503.490363721149,377.748906240167,108.457342290262].
[503.255979000498,376.828814971542,109.304483682797].
[503.438386387506,376.301016569215,110.118745361489].
[504.232159802852,376.068458299415,110.922010659045].
[505.753183032614,376.021316601007,111.547033133347].
[507.761279003521,376.177151614704,111.858685805897].
[510.151365145178,376.686433120071,111.892922416574].
[512.705695749909,377.649047012184,111.73484702046].
[515.044937465258,379.005287116933,111.352449349412].
[516.819259374485,380.476715001504,110.67809241611].
[517.695227468857,381.632902464404,109.931272391937].
[517.922092153154,382.323196343577,109.316030584905].
[517.89475894583,382.675837670122,108.835236760367].
[517.683439815964,382.870489180218,108.460781088246].
[517.28877184371,383.023890681397,108.121017036154].
[516.844411201683,383.105785419438,107.85162500696].
[516.300975206731,383.111347790748,107.580372902674].
[515.619913485189,383.054454603437,107.297169280941].
[514.663956568852,382.972074829135,107.054815257928].
[513.49101206196,382.966368060404,106.759913250859].
[512.470544583363,383.038065611491,106.309683159112].
[511.770575416671,383.1075443944,105.833328106833].
[511.299890350038,383.200946317464,105.452446441634].
[510.856172919302,383.354412402552,105.086717645427].
[510.385399425195,383.536890480026,104.701093520699].
[509.730544216014,383.791531947927,104.172255749373].
[508.911806650113,384.110708331934,103.518628041174].
[508.093082796016,384.430221886124,102.868210165185].
[507.46172056394,384.716970945394,102.333012748084].
[507.093302228854,385.039464395077,101.866293442471].
[506.816949919987,385.44153886891,101.349707095362].
[506.495020596408,385.746447450412,100.91519281159].
[506.075311981739,385.951656110816,100.553605569662].
[505.652317704204,386.11809418198,100.223446027353].
[505.209093944996,386.291727250097,99.8772042614984].
[504.738442589697,386.475570017924,99.5080950669917].
[504.08326894427,386.732218946682,98.9968757308689].
[503.287484544289,387.085507444082,98.3492246991417].
[502.52305829392,387.565640921131,97.5880350930307].
[501.823450146701,388.135876110099,96.7555125132693].
[501.05906367726,388.61683334702,96.0011801656059].
[500.263109092141,388.971474923729,95.3639535655101].
[499.607494422022,389.22968610254,94.8623344714433].
[499.136952844314,389.41550338582,94.5070133819892].
[498.694994899881,389.591486421993,94.1870274920485].
[498.226029010926,389.77837073127,93.8488779935192].
[497.618681881989,390.019155692812,93.3991725517904].
[497.056914350441,390.24049651003,92.9702175798348].
[496.7969688445,390.34245883118,92.7673927714383].
[496.772026070646,390.392049988543,92.7062306993979].
[496.873171573045,390.531130487619,92.6015700252309].
[497.039932314285,390.760435464785,92.4290137455259].
[497.141077816683,390.899515963862,92.3243530713589].
[497.163646428832,390.930549017894,92.3010001183707].
[497.163646428832,390.930549017894,92.3010001183707].
[497.163646428832,390.930549017894,92.3010001183707].
[497.163646428832,390.930549017894,92.3010001183707].
[497.163646428832,390.930549017894,92.3010001183707].
[497.163646428832,390.930549017894,92.3010001183707].
[497.163646428832,390.930549017894,92.3010001183707].
[497.163646428832,390.930549017894,92.3010001183707].
[497.163646428832,390.930549017894,92.3010001183707].
[497.163646428832,390.930549017894,92.3010001183707].
[497.163646428832,390.930549017894,92.3010001183707].
[497.163646428832,390.930549017894,92.3010001183707].
[497.163646428832,390.930549017894,92.3010001183707].
[497.163646428832,390.930549017894,92.3010001183707].
[497.163646428832,390.930549017894,92.3010001183707].
[497.163646428832,390.930549017894,92.3010001183707].
[497.163646428832,390.930549017894,92.3010001183707].
[497.163646428832,390.930549017894,92.3010001183707].
[497.163646428832,390.930549017894,92.3010001183707].
[497.141077816683,390.899515963862,92.3243530713589].
[497.039932314285,390.760435464786,92.4290137455259].
[496.873171573045,390.531130487619,92.6015700252309].
[496.772026070646,390.392049988543,92.7062306993979].
[496.796477712572,390.342209608945,92.7628291734414].
[497.007207871342,390.257921023515,92.9118252617928].
[497.354643166484,390.11895263984,93.157478281909].
[497.517842689071,390.053215362589,93.268514507693].
[497.351845410454,390.117549232129,93.1316357275683].
[497.000638873274,390.254625888971,92.8511481735497].
[496.787621340583,390.337767084077,92.6810238723697].
[496.7400907044,390.356318392256,92.6430640098023].
[496.740090704399,390.356318392256,92.6430640098023].
