[307.890655571753,227.028855858979,170.875692047827].
[307.890655571752,227.028855858979,170.875692047827].
[307.890655571753,227.028855858979,170.875692047827].
[307.890655571753,227.028855858979,170.875692047827].
[307.890655571753,227.028855858979,170.875692047827].
[307.890655571753,227.028855858979,170.875692047827].
[307.890655571753,227.028855858979,170.875692047827].
[307.890655571753,227.028855858979,170.875692047827].
[307.890655571753,227.028855858979,170.875692047827].
[307.837423107079,227.044272849378,170.831919307915].
[307.598851751964,227.113367006747,170.635743497873].
[307.205514084207,227.227284013683,170.312304267059].
[307.020175193766,227.280961180653,170.159901196929].
[307.205514084207,227.227284013683,170.312304267059].
[307.598851751964,227.113367006747,170.635743497873].
[307.837423107079,227.044272849378,170.831919307915].
[307.884027950661,227.024124981738,170.851839643569].
[307.854325013651,227.002922660914,170.744940584104].
[307.8053531496,226.967965943584,170.568693830948].
[307.775650212591,226.94676362276,170.461794771483].
[307.769022591499,226.942032745519,170.437942367225].
[307.769022591499,226.942032745519,170.437942367225].
[307.769022591499,226.942032745519,170.437942367225].
[307.769022591499,226.942032745519,170.437942367225].
[307.769022591499,226.942032745519,170.437942367225].
[307.669146178198,226.972819981224,170.374217135813].
[307.221531148325,227.115587746781,170.088620462686].
[306.483538727489,227.364538933519,169.617751152861].
[306.035923697616,227.537903555184,169.332154479735].
[305.936047284315,227.590153365874,169.268429248322].
[305.936047284315,227.594942313668,169.268429248322].
[305.936047284315,227.594942313668,169.268429248322].
[305.936047284315,227.590153365874,169.268429248322].
[305.982622148803,227.553291478228,169.288189133399].
[306.191356209928,227.448890743083,169.376746794377].
[306.535500496425,227.313641782962,169.522753693715].
[306.74423455755,227.239837903925,169.611311354693].
[306.737468421231,227.239837903925,169.58707335178].
[306.498410640917,227.308852835168,169.389888498058].
[306.104270993587,227.422639220304,169.064785635466].
[305.865213213273,227.491654151547,168.867600781744].
[305.865213213273,227.491654151547,168.867600781744].
[306.104270993587,227.422639220304,169.064785635466].
[306.498410640917,227.308852835168,169.389888498058].
[306.737468421231,227.239837903925,169.58707335178].
[306.790809422037,227.224438591264,169.631071239769].
[306.790809422037,227.224438591264,169.631071239769].
[306.737468421231,227.239837903925,169.58707335178].
[306.498410640917,227.308852835168,169.389888498058].
[306.104270993587,227.422639220304,169.064785635466].
[305.865213213273,227.491654151547,168.867600781744].
[305.811872212467,227.507053464208,168.823602893754].
[305.811872212467,227.507053464208,168.823602893754].
[305.811872212467,227.507053464208,168.823602893754].
[305.818638348786,227.511842412002,168.847840896668].
[305.848962067975,227.533304986987,168.956468089412].
[305.898957428808,227.568690790889,169.135564052665].
[305.929281147997,227.590153365874,169.244191245409].
[305.936047284315,227.594942313668,169.268429248322].
[305.936047284315,227.594942313668,169.268429248322].
[305.936047284315,227.594942313668,169.268429248322].
[305.936047284315,227.594942313668,169.268429248322].
[305.936047284315,227.594942313668,169.268429248322].
[305.936047284315,227.594942313668,169.268429248322].
[305.936047284315,227.594942313668,169.268429248322].
[305.959325224442,227.626847355518,169.245520871018].
[306.063649714287,227.769835832866,169.142852646833].
[306.235651719749,228.005583976935,168.973581361794].
[306.339976209593,228.148572454283,168.870913137609].
[306.36325414972,228.180477496133,168.848004760304].
[306.36325414972,228.180477496133,168.848004760304].
[306.36325414972,228.180477496133,168.848004760304].
[306.36325414972,228.180477496133,168.848004760304].
[306.36325414972,228.180477496133,168.848004760304].
[306.36325414972,228.180477496133,168.848004760304].
[306.36325414972,228.180477496133,168.848004760304].
[306.36325414972,228.180477496133,168.848004760304].
[306.36325414972,228.180477496133,168.848004760304].
[306.36325414972,228.180477496133,168.848004760304].
[306.339976209593,228.148572454283,168.870913137609].
[306.235651719749,228.005583976935,168.973581361794].
[306.063649714287,227.769835832866,169.142852646833].
[305.959325224442,227.626847355518,169.245520871018].
[305.936047284315,227.594942313668,169.268429248322].
[305.936047284315,227.594942313668,169.268429248322].
[305.959325224442,227.626847355518,169.245520871018].
[306.063649714287,227.769835832866,169.142852646833].
[306.235651719749,228.005583976935,168.973581361794].
[306.339976209593,228.148572454283,168.870913137609].
[306.36325414972,228.180477496133,168.848004760304].
[306.36325414972,228.180477496133,168.848004760304].
[306.36325414972,228.180477496133,168.848004760304].
[306.36325414972,228.180477496133,168.848004760304].
[306.36325414972,228.180477496133,168.848004760304].
[306.36325414972,228.180477496133,168.848004760304].
[306.36325414972,228.180477496133,168.848004760304].
[306.36325414972,228.180477496133,168.848004760304].
[306.36325414972,228.180477496133,168.848004760304].
[306.36325414972,228.180477496133,168.848004760304].
[306.36325414972,228.180477496133,168.848004760304].
[306.36325414972,228.180477496133,168.848004760304].
[306.36325414972,228.180477496133,168.848004760304].
[306.36325414972,228.180477496133,168.848004760304].
[306.36325414972,228.180477496133,168.848004760304].
[306.36325414972,228.180477496133,168.848004760304].
[306.36325414972,228.180477496133,168.848004760304].
[306.36325414972,228.180477496133,168.848004760304].
[306.36325414972,228.180477496133,168.848004760304].
[306.36325414972,228.180477496133,168.848004760304].
[306.36325414972,228.180477496133,168.848004760304].
[306.36325414972,228.180477496133,168.848004760304].
[306.36325414972,228.180477496133,168.848004760304].
[306.36325414972,228.180477496133,168.848004760304].
[306.333210073274,228.14378350649,168.846675134695].
[306.198561864241,227.979332454156,168.840716166136].
[305.976564497946,227.708198506185,168.830891487922].
[305.841916288912,227.543747453852,168.824932519363].
[305.888498904071,227.523564910542,168.844719126879].
[306.231915910329,227.59756407911,168.93935551808].
[306.798114833268,227.719568082342,169.095384549234].
[307.141531839526,227.79356725091,169.190020940435].
[307.21815853113,227.810078697243,169.211137173559].
[307.21815853113,227.810078697243,169.211137173559].
[307.21815853113,227.810078697243,169.211137173559].
[307.21815853113,227.810078697243,169.211137173559].
[307.21815853113,227.810078697243,169.211137173559].
[307.21815853113,227.810078697243,169.211137173559].
[307.21815853113,227.810078697243,169.211137173559].
[307.21815853113,227.810078697243,169.211137173559].
[307.21815853113,227.810078697243,169.211137173559].
[307.21815853113,227.810078697243,169.211137173559].
[307.171575915972,227.825489802969,169.191350566044].
[306.962807118747,227.899329024646,169.102673143402].
[306.618605562103,228.034586649072,168.956468790461].
[306.409836764879,228.13891085315,168.86779136782].
[306.36325414972,228.175706058549,168.848004760304].
[306.36325414972,228.180477496133,168.848004760304].
[306.36325414972,228.180477496133,168.848004760304].
[306.36325414972,228.180477496133,168.848004760304].
[306.36325414972,228.180477496133,168.848004760304].
[306.36325414972,228.180477496133,168.848004760304].
[306.36325414972,228.180477496133,168.848004760304].
[306.36325414972,228.180477496133,168.848004760304].
[306.36325414972,228.180477496133,168.848004760304].
[306.36325414972,228.180477496133,168.848004760304].
[306.36325414972,228.180477496133,168.848004760304].
[306.36325414972,228.180477496133,168.848004760304].
[306.36325414972,228.180477496133,168.848004760304].
[306.36325414972,228.180477496133,168.848004760304].
[306.36325414972,228.180477496133,168.848004760304].
[306.36325414972,228.180477496133,168.848004760304].
[306.36325414972,228.180477496133,168.848004760304].
[306.386532059628,228.212382496566,168.825096412738].
[306.490856414043,228.355370788292,168.722428321833].
[306.662858196219,228.591118626323,168.553157256535].
[306.767182550634,228.734106918049,168.450489165629].
[306.790460460542,228.766011918481,168.427580818063].
[306.790460460542,228.766011918481,168.427580818063].
[306.790460460542,228.766011918481,168.427580818063].
[306.790460460542,228.766011918481,168.427580818063].
[306.790460460542,228.766011918481,168.427580818063].
[306.790460460542,228.766011918481,168.427580818063].
[306.790460460542,228.766011918481,168.427580818063].
[306.790460460542,228.766011918481,168.427580818063].
[306.790460460542,228.766011918481,168.427580818063].
[306.790460460542,228.766011918481,168.427580818063].
[306.790460460542,228.766011918481,168.427580818063].
[306.767182550634,228.734106918049,168.450489165629].
[306.662858196219,228.591118626323,168.553157256535].
[306.490856414043,228.355370788292,168.722428321833].
[306.386532059628,228.212382496566,168.825096412738].
[306.36325414972,228.180477496133,168.848004760304].
[306.36325414972,228.180477496133,168.848004760304].
[306.36325414972,228.180477496133,168.848004760304].
[306.36325414972,228.180477496133,168.848004760304].
[306.386532059628,228.212382496566,168.825096412738].
[306.490856414043,228.355370788292,168.722428321833].
[306.662858196219,228.591118626323,168.553157256535].
[306.767182550634,228.734106918049,168.450489165629].
[306.790460460542,228.766011918481,168.427580818063].
[306.790460460542,228.766011918481,168.427580818063].
[306.790460460542,228.766011918481,168.427580818063].
[306.790460460542,228.766011918481,168.427580818063].
[306.790460460542,228.766011918481,168.427580818063].
[306.790460460542,228.766011918481,168.427580818063].
[306.790460460542,228.766011918481,168.427580818063].
[306.790460460542,228.766011918481,168.427580818063].
[306.767182550634,228.734106918049,168.450489165629].
[306.662858196219,228.591118626323,168.553157256535].
[306.490856414043,228.355370788292,168.722428321833].
[306.386532059628,228.207611058981,168.825096412738].
[306.36325414972,228.154321958875,168.848004760304].
[306.409836764879,228.103654433164,168.86779136782].
[306.618605562103,228.013202549398,168.956468790461].
[306.962807118747,227.894557587061,169.102673143402].
[307.171575915972,227.825489802969,169.191350566044].
[307.21815853113,227.810078697243,169.211137173559].
[307.21815853113,227.810078697243,169.211137173559].
[307.21815853113,227.810078697243,169.211137173559].
[307.21815853113,227.810078697243,169.211137173559].
[307.21815853113,227.810078697243,169.211137173559].
[307.21815853113,227.810078697243,169.211137173559].
[307.21815853113,227.810078697243,169.211137173559].
[307.21815853113,227.810078697243,169.211137173559].
[307.21815853113,227.810078697243,169.211137173559].
[307.21815853113,227.810078697243,169.211137173559].
[307.21815853113,227.810078697243,169.211137173559].
[307.21815853113,227.810078697243,169.211137173559].
[307.21815853113,227.810078697243,169.211137173559].
[307.21815853113,227.810078697243,169.211137173559].
[307.21815853113,227.810078697243,169.211137173559].
[307.21815853113,227.810078697243,169.211137173559].
[307.21815853113,227.810078697243,169.211137173559].
[307.21815853113,227.810078697243,169.211137173559].
[307.21815853113,227.810078697243,169.211137173559].
[307.21815853113,227.810078697243,169.211137173559].
[307.21815853113,227.810078697243,169.211137173559].
[307.21815853113,227.810078697243,169.211137173559].
[307.21815853113,227.810078697243,169.211137173559].
[307.21815853113,227.810078697243,169.211137173559].
[307.21815853113,227.810078697243,169.211137173559].
[307.21815853113,227.810078697243,169.211137173559].
[307.21815853113,227.810078697243,169.211137173559].
[307.21815853113,227.810078697243,169.211137173559].
[307.21815853113,227.810078697243,169.211137173559].
[307.21815853113,227.810078697243,169.211137173559].
[307.21815853113,227.810078697243,169.211137173559].
[307.21815853113,227.810078697243,169.211137173559].
[307.21815853113,227.810078697243,169.211137173559].
[307.21815853113,227.814821220151,169.211137173559].
[307.171575915972,227.846744316052,169.191350566044].
[306.962807118747,227.934371792465,169.102673143402].
[306.618605562103,228.055841162155,168.956468790461].
[306.409836764879,228.143653376058,168.86779136782].
[306.36325414972,228.175706058549,168.848004760304].
[306.36325414972,228.180477496133,168.848004760304].
[306.36325414972,228.180477496133,168.848004760304].
[306.36325414972,228.180477496133,168.848004760304].
[306.36325414972,228.180477496133,168.848004760304].
[306.416517137927,228.165037475731,168.891818038895].
[306.655225290029,228.095840105049,169.088175530691].
[307.048788497888,227.98175292813,169.411914304076].
[307.28749664999,227.912555557448,169.608271795872].
[307.340759638197,227.897115537046,169.652085074463].
[307.340759638197,227.897115537046,169.652085074463].
[307.340759638197,227.897115537046,169.652085074463].
[307.340759638197,227.897115537046,169.652085074463].
[307.340759638197,227.897115537046,169.652085074463].
[307.340759638197,227.897115537046,169.652085074463].
[307.340759638197,227.897115537046,169.652085074463].
[307.334079265149,227.892373014138,169.628058403388].
[307.304139910272,227.871118501054,169.520378334234].
[307.254778259056,227.836075733235,169.342843913789].
[307.224838904179,227.814821220151,169.235163844634].
[307.21815853113,227.810078697243,169.211137173559].
[307.224838904179,227.814821220151,169.235163844634].
[307.254778259056,227.836075733235,169.342843913789].
[307.304139910272,227.871118501054,169.520378334234].
[307.334079265149,227.892373014138,169.628058403388].
[307.340759638197,227.897115537046,169.652085074463].
[307.340759638197,227.897115537046,169.652085074463].
[307.340759638197,227.897115537046,169.652085074463].
[307.340759638197,227.897115537046,169.652085074463].
[307.340759638197,227.929008832965,169.629185109708].
[307.340759638197,228.071944668702,169.526554587952].
[307.310774559898,228.323057746342,169.313523802309].
[307.176390762211,228.53524340875,169.014498219607].
[306.954829336528,228.681310366895,168.66779754041].
[306.820445538841,228.750560193566,168.471402479464].
[306.790460460542,228.766011918481,168.427580818063].
[306.790460460542,228.766011918481,168.427580818063].
[306.84371486726,228.750560193566,168.471402479464].
[307.082384559795,228.681310366895,168.66779754041].
[307.475884358549,228.567136704669,168.991598254852].
[307.714554051084,228.497886877998,169.187993315797].
[307.767808457802,228.482435153082,169.231814977198].
[307.767808457802,228.482435153082,169.231814977198].
[307.767808457802,228.482435153082,169.231814977198].
[307.767808457802,228.482435153082,169.231814977198].
[307.767808457802,228.482435153082,169.231814977198].
[307.767808457802,228.482435153082,169.231814977198].
[307.767808457802,228.482435153082,169.231814977198].
[307.761144397094,228.477710024677,169.207806665183].
[307.731278149059,228.456533468349,169.100208875627].
[307.682037030646,228.421619229489,168.922810111306].
[307.652170782611,228.40044267316,168.81521232175].
[307.645506721903,228.395717544755,168.791204009735].
[307.645506721903,228.395717544755,168.791204009735].
[307.645506721903,228.395717544755,168.791204009735].
[307.645506721903,228.395717544755,168.791204009735].
[307.645506721903,228.395717544755,168.791204009735].
[307.645506721903,228.395717544755,168.791204009735].
[307.645506721903,228.395717544755,168.791204009735].
[307.645506721903,228.395717544755,168.791204009735].
[307.645506721903,228.395717544755,168.791204009735].
[307.698790933747,228.380306053053,168.835186185271].
[307.93759420359,228.311236539134,169.032300620664].
[308.331314234093,228.197360162379,169.357287383058].
[308.516833292091,228.143702140162,169.510419642913].
[308.331314234093,228.197360162379,169.357287383058].
[307.93759420359,228.311236539134,169.032300620664].
[307.705454994455,228.385031181458,168.836294562248].
[307.682037030646,228.421619229489,168.797279787693].
[307.754547447281,228.48842672288,168.805469647352].
[307.888699454836,228.652538929461,168.810437048333].
[308.067301665492,228.892925104777,168.81154542531].
[308.171587425011,229.035860755029,168.81154542531].
[308.194856723233,229.067754009561,168.81154542531].
[308.194856723233,229.067754009561,168.81154542531].
[308.194856723233,229.067754009561,168.81154542531].
[308.194856723233,229.067754009561,168.81154542531].
[308.194856723233,229.067754009561,168.81154542531].
[308.194856723233,229.067754009561,168.81154542531].
[308.194856723233,229.067754009561,168.81154542531].
[308.194856723233,229.067754009561,168.81154542531].
[308.194856723233,229.067754009561,168.81154542531].
[308.21812599126,229.084183448651,168.81154542531].
[308.375609779508,229.157815086256,168.832451766567].
[308.785965336766,229.279213133372,168.926147487681].
[309.283335179553,229.352844770977,169.080625616054].
[309.545022078008,229.369274210068,169.174321337167].
[309.598220242068,229.369274210068,169.195227678424].
[309.598220242068,229.369274210068,169.195227678424].
[309.598220242068,229.369274210068,169.195227678424].
[309.598220242068,229.369274210068,169.195227678424].
[309.598220242068,229.369274210068,169.195227678424].
[309.598220242068,229.369274210068,169.195227678424].
[309.598220242068,229.369274210068,169.195227678424].
[309.598220242068,229.369274210068,169.195227678424].
[309.598220242068,229.369274210068,169.195227678424].
[309.598220242068,229.369274210068,169.195227678424].
[309.598220242068,229.369274210068,169.195227678424].
[309.598220242068,229.369274210068,169.195227678424].
[309.598220242068,229.369274210068,169.195227678424].
[309.598220242068,229.369274210068,169.195227678424].
[309.598220242068,229.369274210068,169.195227678424].
[309.598220242068,229.369274210068,169.195227678424].
[309.598220242068,229.369274210068,169.195227678424].
[309.598220242068,229.369274210068,169.195227678424].
[309.598220242068,229.369274210068,169.195227678424].
[309.598220242068,229.369274210068,169.195227678424].
[309.598220242068,229.369274210068,169.195227678424].
[309.598220242068,229.369274210068,169.195227678424].
[309.598220242068,229.369274210068,169.195227678424].
[309.598220242068,229.369274210068,169.195227678424].
[309.598220242068,229.369274210068,169.195227678424].
[309.598220242068,229.369274210068,169.195227678424].
[309.598220242068,229.369274210068,169.195227678424].
[309.598220242068,229.369274210068,169.195227678424].
[309.551619613702,229.384737984121,169.175270209265].
[309.336172551188,229.458708212613,169.066098501721].
[308.922330864575,229.609387876801,168.830214477701].
[308.485737929339,229.787325237362,168.594996045978].
[308.114458234388,229.959192809772,168.486621412006].
[307.928866851633,230.067854900533,168.466892875861].
[307.888927925873,230.104291902682,168.466892875861].
[307.888927925873,230.108962773742,168.466892875861].
[307.888927925873,230.108962773742,168.466892875861].
[307.888927925873,230.108962773742,168.466892875861].
[307.888927925873,230.108962773742,168.466892875861].
[307.888927925873,230.108962773742,168.466892875861].
[307.888927925873,230.108962773742,168.466892875861].
[307.888927925873,230.108962773742,168.466892875861].
[307.94202822336,230.093430858057,168.510348371867].
[308.180007246241,230.023821641288,168.705102393363].
[308.572368323245,229.909055444965,169.026197491156].
[308.810347346125,229.839446228196,169.220951512652].
[308.863447643613,229.82391431251,169.264407008658].
[308.863447643613,229.839446228196,169.264407008658].
[308.810347346126,229.909055444965,169.220951512652].
[308.572368323245,230.023821641288,169.026197491156].
[308.180007246241,230.093430858057,168.705102393363].
[307.94202822336,230.108962773742,168.510348371867].
[307.888927925873,230.108962773742,168.466892875861].
[307.888927925873,230.108962773742,168.466892875861].
[308.018318733746,230.109757474857,168.530844379877].
[308.598208103193,230.113319078158,168.817455136454].
[309.554284041255,230.119191169277,169.289996387233].
[310.134173410702,230.122752772578,169.57660714381].
[310.263564218576,230.123547473693,169.640558647826].
[310.263564218576,230.123547473693,169.640558647826].
[310.263564218576,230.123547473693,169.640558647826].
[310.263564218576,230.123547473693,169.640558647826].
[310.263564218576,230.123547473693,169.640558647826].
[310.263564218576,230.123547473693,169.640558647826].
[310.263564218576,230.123547473693,169.640558647826].
[310.263564218576,230.123547473693,169.640558647826].
[310.286792835141,230.155394788178,169.617630571678].
[310.390896272122,230.298124549426,169.514874063405].
[310.562533823025,230.533446142756,169.345457222513].
[310.666637260006,230.676175904004,169.24270071424].
[310.689865876572,230.708023218489,169.219772638092].
[310.689865876572,230.708023218489,169.219772638092].
[310.689865876572,230.708023218489,169.219772638092].
[310.689865876572,230.708023218489,169.219772638092].
[310.689865876572,230.708023218489,169.219772638092].
[310.689865876572,230.708023218489,169.219772638092].
[310.689865876572,230.708023218489,169.219772638092].
[310.689865876572,230.708023218489,169.219772638092].
[310.689865876572,230.708023218489,169.219772638092].
[310.689865876572,230.708023218489,169.219772638092].
[310.689865876572,230.708023218489,169.219772638092].
[310.689865876572,230.708023218489,169.219772638092].
[310.689865876572,230.708023218489,169.219772638092].
[310.689865876572,230.708023218489,169.219772638092].
[310.63682075458,230.723566945558,169.176331961587].
[310.399089011114,230.793229097279,168.981644356483].
[310.007135628941,230.908082568583,168.660658760808].
[309.769403885475,230.977744720303,168.465971155705].
[309.716358763483,230.993288447373,168.422530479199].
[309.716358763483,230.993288447373,168.422530479199].
[309.716358763483,230.993288447373,168.422530479199].
[309.716358763483,230.993288447373,168.422530479199].
[309.716358763483,230.993288447373,168.422530479199].
[309.716358763483,230.993288447373,168.422530479199].
[309.769403885475,230.977744720303,168.465971155705].
[310.007135628941,230.908082568583,168.660658760808].
[310.399089011114,230.793229097279,168.981644356483].
[310.63682075458,230.723566945559,169.176331961587].
[310.689865876572,230.708023218489,169.219772638092].
[310.689865876572,230.708023218489,169.219772638092].
[310.63682075458,230.723566945558,169.176331961587].
[310.399089011114,230.793229097279,168.981644356483].
[310.007135628941,230.908082568583,168.660658760808].
[309.769403885475,230.977744720303,168.465971155705].
[309.716358763483,230.993288447373,168.422530479199].
[309.716358763483,230.993288447373,168.422530479199].
[309.716358763483,230.993288447373,168.422530479199].
[309.716358763483,230.993288447373,168.422530479199].
[309.716358763483,230.993288447373,168.422530479199].
[309.716358763483,230.993288447373,168.422530479199].
[309.769403885475,230.977744720303,168.465971155705].
[310.007135628941,230.908082568583,168.660658760808].
[310.399089011114,230.793229097279,168.981644356483].
[310.63682075458,230.723566945559,169.176331961587].
[310.689865876572,230.708023218489,169.219772638092].
[310.689865876572,230.708023218489,169.219772638092].
[310.689865876572,230.708023218489,169.219772638092].
[310.689865876572,230.708023218489,169.219772638092].
[310.689865876572,230.708023218489,169.219772638092].
[310.689865876572,230.708023218489,169.219772638092].
[310.689865876572,230.708023218489,169.219772638092].
[310.689865876572,230.708023218489,169.219772638092].
[310.689865876572,230.708023218489,169.219772638092].
[310.689865876572,230.708023218489,169.219772638092].
[310.689865876572,230.708023218489,169.219772638092].
[310.689865876572,230.708023218489,169.219772638092].
[310.689865876572,230.708023218489,169.219772638092].
[310.689865876572,230.708023218489,169.219772638092].
[310.689865876572,230.708023218489,169.219772638092].
[310.689865876572,230.708023218489,169.219772638092].
[310.689865876572,230.708023218489,169.219772638092].
[310.689865876572,230.708023218489,169.219772638092].
[310.689865876572,230.708023218489,169.219772638092].
[310.689865876572,230.708023218489,169.219772638092].
[310.689865876572,230.708023218489,169.219772638092].
[310.689865876572,230.708023218489,169.219772638092].
[310.689865876572,230.708023218489,169.219772638092].
[310.689865876572,230.708023218489,169.219772638092].
[310.689865876572,230.708023218489,169.219772638092].
[310.63682075458,230.723566945558,169.176331961587].
[310.346005506676,230.808784071495,168.938172247127].
[309.716148362852,230.993350100732,168.422358174086].
[309.086179627171,231.177948829552,167.906452714211].
[308.795230743527,231.263205114556,167.66818356034].
[308.795230743527,231.263205114556,167.66818356034].
[309.033134505179,231.193492556622,167.863012037706].
[309.425371497394,231.078555979522,168.184229892477].
[309.663275259045,231.008843421589,168.379058369843].
[309.716358763483,230.993288447373,168.422530479199].
[309.663275259045,231.008843421589,168.379058369843].
[309.425371497394,231.078555979522,168.184229892477].
[309.033134505179,231.193492556622,167.863012037706].
[308.795230743527,231.263205114556,167.66818356034].
[308.74214723909,231.278760088772,167.624711450984].
[308.74214723909,231.278760088772,167.624711450984].
[308.74214723909,231.278760088772,167.624711450984].
[308.74214723909,231.278760088772,167.624711450984].
[308.74214723909,231.278760088772,167.624711450984].
[308.74214723909,231.278760088772,167.624711450984].
[308.74214723909,231.278760088772,167.624711450984].
[308.74214723909,231.278760088772,167.624711450984].
[308.74214723909,231.278760088772,167.624711450984].
[308.74214723909,231.278760088772,167.624711450984].
[308.74214723909,231.278760088772,167.624711450984].
[308.74214723909,231.278760088772,167.624711450984].
[308.74214723909,231.278760088772,167.624711450984].
[308.74214723909,231.278760088772,167.624711450984].
[308.74214723909,231.278760088772,167.624711450984].
[308.74214723909,231.278760088772,167.624711450984].
[308.74214723909,231.278760088772,167.624711450984].
[308.74214723909,231.278760088772,167.624711450984].
[308.74214723909,231.278760088772,167.624711450984].
[308.74214723909,231.278760088772,167.624711450984].
[308.74214723909,231.278760088772,167.624711450984].
[308.74214723909,231.278760088772,167.624711450984].
[308.74214723909,231.278760088772,167.624711450984].
[308.74214723909,231.278760088772,167.624711450984].
[308.74214723909,231.278760088772,167.624711450984].
[308.74214723909,231.278760088772,167.624711450984].
[308.74214723909,231.278760088772,167.624711450984].
[308.74214723909,231.278760088772,167.624711450984].
[308.74214723909,231.278760088772,167.624711450984].
[308.74214723909,231.278760088772,167.624711450984].
[308.74214723909,231.278760088772,167.624711450984].
[308.74214723909,231.278760088772,167.624711450984].
[308.74214723909,231.278760088772,167.624711450984].
[308.74214723909,231.278760088772,167.624711450984].
[308.74214723909,231.278760088772,167.624711450984].
[308.74214723909,231.278760088772,167.624711450984].
[308.74214723909,231.278760088772,167.624711450984].
[308.74214723909,231.278760088772,167.624711450984].
[308.74214723909,231.278760088772,167.624711450984].
[308.74214723909,231.278760088772,167.624711450984].
[308.74214723909,231.278760088772,167.624711450984].
[308.74214723909,231.278760088772,167.624711450984].
[308.74214723909,231.278760088772,167.624711450984].
[308.74214723909,231.278760088772,167.624711450984].
[308.74214723909,231.278760088772,167.624711450984].
[308.74214723909,231.278760088772,167.624711450984].
[308.74214723909,231.278760088772,167.624711450984].
[308.74214723909,231.278760088772,167.624711450984].
[308.74214723909,231.278760088772,167.624711450984].
[308.74214723909,231.278760088772,167.624711450984].
[308.74214723909,231.278760088772,167.624711450984].
[308.74214723909,231.278760088772,167.624711450984].
[308.74214723909,231.278760088772,167.624711450984].
[308.74214723909,231.278760088772,167.624711450984].
[308.74214723909,231.278760088772,167.624711450984].
[308.795230743527,231.263205114556,167.66818356034].
[309.033134505179,231.193492556622,167.863012037706].
[309.425371497394,231.078555979522,168.184229892477].
[309.663275259045,231.008843421589,168.379058369843].
[309.663275259045,231.008843421589,168.379058369843].
[309.425371497394,231.078555979522,168.184229892477].
[309.033134505179,231.193492556622,167.863012037706].
[308.795230743527,231.263205114556,167.66818356034].
[308.74214723909,231.278760088772,167.624711450984].
[308.74214723909,231.278760088772,167.624711450984].
[308.74214723909,231.278760088772,167.624711450984].
[308.74214723909,231.278760088772,167.624711450984].
[308.74214723909,231.278760088772,167.624711450984].
[308.765392651756,231.310630465945,167.601766758502].
[308.869571363637,231.453463586989,167.498935780986].
[309.064578443643,231.720825981474,167.306451459597].
[309.272935908223,232.006492279524,167.100789464275].
[309.467943046417,232.273854753788,166.90830508545].
[309.572121799116,232.416687930794,166.805474067644].
[309.595367220889,232.448558320453,166.782529366173].
[309.595367220889,232.448558320453,166.782529366173].
[309.595367220889,232.448558320453,166.782529366173].
[309.595367220889,232.448558320453,166.782529366173].
[309.595367220889,232.448558320453,166.782529366173].
[309.595367220889,232.448558320453,166.782529366173].
[309.595367220889,232.448558320453,166.782529366173].
[309.595367220889,232.448558320453,166.782529366173].
[309.595367220889,232.448558320453,166.782529366173].
[309.595367220889,232.448558320453,166.782529366173].
[309.595367220889,232.448558320453,166.782529366173].
[309.595367220889,232.448558320453,166.782529366173].
[309.595367220889,232.448558320453,166.782529366173].
[309.595367220889,232.448558320453,166.782529366173].
[309.595367220889,232.448558320453,166.782529366173].
[309.595367220889,232.448558320453,166.782529366173].
[309.595367220889,232.448558320453,166.782529366173].
[309.595367220889,232.448558320453,166.782529366173].
[309.595367220889,232.448558320453,166.782529366173].
[309.595367220889,232.448558320453,166.782529366173].
[309.595367220889,232.448558320453,166.782529366173].
[309.595367220889,232.448558320453,166.782529366173].
[309.595367220889,232.448558320453,166.782529366173].
[309.595367220889,232.448558320453,166.782529366173].
[309.595367220889,232.448558320453,166.782529366173].
[309.595367220889,232.448558320453,166.782529366173].
[309.595367220889,232.448558320453,166.782529366173].
[309.595367220889,232.448558320453,166.782529366173].
[309.595367220889,232.448558320453,166.782529366173].
[309.595367220889,232.448558320453,166.782529366173].
[309.60190130691,232.453137032318,166.806252975039].
[309.631185048816,232.473657395236,166.912574813603].
[309.67946577698,232.507489754063,167.087869890382].
[309.708749518885,232.528010116981,167.194191728946].
[309.715283604906,232.532588828846,167.217915337812].
[309.715283604906,232.532588828846,167.217915337812].
[309.715283604906,232.532588828846,167.217915337812].
[309.662246349998,232.548205861185,167.174585469082].
[309.424549864355,232.618196544332,166.980394469978].
[309.032654612504,232.733591672387,166.660227639177].
[308.794958126861,232.803582355534,166.466036640073].
[308.741920871953,232.819199387873,166.422706771344].
[308.741920871953,232.819199387873,166.422706771344].
[308.794958126861,232.803582355534,166.466036640073].
[309.032654612504,232.733591672387,166.660227639177].
[309.424549864355,232.618196544332,166.980394469978].
[309.662246349998,232.548205861185,167.174585469082].
[309.715283604906,232.532588828846,167.217915337812].
[309.715283604906,232.532588828846,167.217915337812].
[309.662246349998,232.548205861185,167.174585469082].
[309.424549864355,232.618196544332,166.980394469978].
[309.032654612504,232.733591672387,166.660227639177].
[308.794958126861,232.803582355534,166.466036640073].
[308.741920871953,232.819199387873,166.422706771344].
[308.741920871953,232.819199387873,166.422706771344].
[308.741920871953,232.819199387873,166.422706771344].
[308.741920871953,232.819199387873,166.422706771344].
[308.741920871953,232.819199387873,166.422706771344].
[308.741920871953,232.819199387873,166.422706771344].
[308.741920871953,232.819199387873,166.422706771344].
[308.741920871953,232.819199387873,166.422706771344].
[308.794958126861,232.803582355534,166.466036640073].
[309.032654612504,232.733591672387,166.660227639177].
[309.424549864355,232.618196544332,166.980394469978].
[309.662246349998,232.548205861185,167.174585469082].
[309.715283604906,232.532588828846,167.217915337812].
[309.715283604906,232.532588828846,167.217915337812].
[309.715283604906,232.532588828846,167.217915337812].
[309.715283604906,232.532588828846,167.217915337812].
[309.715283604906,232.532588828846,167.217915337812].
[309.715283604906,232.532588828846,167.217915337812].
[309.715283604906,232.532588828846,167.217915337812].
[309.715283604906,232.532588828846,167.217915337812].
[309.715283604906,232.532588828846,167.217915337812].
[309.715283604906,232.532588828846,167.217915337812].
[309.715283604906,232.532588828846,167.217915337812].
[309.715283604906,232.532588828846,167.217915337812].
[309.715283604906,232.532588828846,167.217915337812].
[309.715283604906,232.532588828846,167.217915337812].
[309.715283604906,232.532588828846,167.217915337812].
[309.715283604906,232.532588828846,167.217915337812].
[309.715283604906,232.532588828846,167.217915337812].
[309.715283604906,232.532588828846,167.217915337812].
[309.715283604906,232.532588828846,167.217915337812].
[309.715283604906,232.532588828846,167.217915337812].
[309.715283604906,232.532588828846,167.217915337812].
[309.715283604906,232.532588828846,167.217915337812].
[309.715283604906,232.532588828846,167.217915337812].
[309.715283604906,232.532588828846,167.217915337812].
[309.715283604906,232.532588828846,167.217915337812].
[309.715283604906,232.532588828846,167.217915337812].
[309.715283604906,232.532588828846,167.217915337812].
[309.715283604906,232.532588828846,167.217915337812].
[309.715283604906,232.532588828846,167.217915337812].
[309.715283604906,232.532588828846,167.217915337812].
[309.715283604906,232.532588828846,167.217915337812].
[309.715283604906,232.532588828846,167.217915337812].
[309.715283604906,232.532588828846,167.217915337812].
[309.715283604906,232.532588828846,167.217915337812].
[309.715283604906,232.532588828846,167.217915337812].
[309.715283604906,232.532588828846,167.217915337812].
