[603.460028252019,422.17372473772,108.453347888745].
[603.460028252019,422.173724737721,108.453347888745].
[603.460028252019,422.173724737721,108.453347888745].
[603.460028252019,422.173724737721,108.453347888745].
[603.460028252019,422.173724737721,108.453347888745].
[603.460028252019,422.173724737721,108.453347888745].
[603.460028252019,422.173724737721,108.453347888745].
[603.460028252019,422.173724737721,108.453347888745].
[603.460028252019,422.173724737721,108.453347888745].
[603.460028252019,422.173724737721,108.453347888745].
[603.460028252019,422.173724737721,108.453347888745].
[603.460028252019,422.173724737721,108.453347888745].
[603.460028252019,422.173724737721,108.453347888745].
[603.460028252019,422.173724737721,108.453347888745].
[603.460028252019,422.173724737721,108.453347888745].
[603.460028252019,422.173724737721,108.453347888745].
[603.460028252019,422.173724737721,108.453347888745].
[603.460028252019,422.173724737721,108.453347888745].
[603.460028252019,422.173724737721,108.453347888745].
[603.460256946692,422.174018696666,108.463466407946].
[603.461281885106,422.175336129261,108.508814464853].
[603.462971722871,422.177508208402,108.58358077086].
[603.463996661285,422.178825640997,108.628928827768].
[603.486361849682,422.209467282764,108.617282109132].
[603.585570731665,422.345476161177,108.519737080611].
[603.749138525633,422.569716892019,108.358912517238].
[603.848347407616,422.705725770431,108.261367488718].
[603.870483901341,422.736073453253,108.239602250882].
[603.870483901341,422.736073453253,108.239602250882].
[603.870483901341,422.736073453253,108.239602250882].
[603.870483901341,422.736073453253,108.249792659351].
[603.870483901341,422.736073453253,108.29546290161].
[603.870710769243,422.736364775222,108.370760401461].
[603.849593790369,422.707326547852,108.438165435588].
[603.752073632988,422.573487477844,108.545764423221].
[603.589543009743,422.350580742632,108.706364019637].
[603.49057338061,422.214880400224,108.803772598801].
[603.46843965034,422.184536558373,108.82550739067].
[603.46843965034,422.184536558373,108.82550739067].
[603.46843965034,422.184536558373,108.82550739067].
[603.46843965034,422.184536558373,108.82550739067].
[603.46843965034,422.184536558373,108.82550739067].
[603.46843965034,422.184536558373,108.82550739067].
[603.46843965034,422.184536558373,108.82550739067].
[603.46843965034,422.184536558373,108.82550739067].
[603.46843965034,422.184536558373,108.82550739067].
[603.46843965034,422.184536558373,108.82550739067].
[603.46843965034,422.184536558373,108.82550739067].
[603.46843965034,422.184536558373,108.82550739067].
[603.46843965034,422.184536558373,108.82550739067].
[603.46843965034,422.184536558373,108.82550739067].
[603.46843965034,422.184536558373,108.82550739067].
[603.46843965034,422.184536558373,108.82550739067].
[603.46843965034,422.184536558373,108.82550739067].
[603.46843965034,422.184536558373,108.82550739067].
[603.46843965034,422.184536558373,108.82550739067].
[603.46843965034,422.184536558373,108.82550739067].
[603.46843965034,422.184536558373,108.82550739067].
[603.46843965034,422.184536558373,108.82550739067].
[603.446305856839,422.154192629835,108.84724224463].
[603.324975219685,421.987856561733,108.966386018125].
[603.062230314014,421.627651130125,109.224395209063].
[602.799485224504,421.267445446487,109.482404580526].
[602.678154367196,421.101109076568,109.601548570207].
[602.656020510462,421.070765061344,109.62328348626].
[602.656020510462,421.070765061344,109.62328348626].
[602.656020510462,421.070765061344,109.62328348626].
[602.656020510462,421.070765061344,109.62328348626].
[602.656020510462,421.070765061344,109.62328348626].
[602.656020510462,421.070765061344,109.62328348626].
[602.656020510462,421.070765061344,109.62328348626].
[602.656020510462,421.070765061344,109.62328348626].
[602.656020510462,421.070765061344,109.62328348626].
[602.656020510462,421.070765061344,109.62328348626].
[602.656256580097,421.070765061344,109.633424074873].
[602.702346367127,421.05272885624,109.722169022695].
[602.905909208323,420.971896192955,109.991146496533].
[603.284939916875,420.820619506882,110.410292005892].
[603.689702406482,420.659088856667,110.855449106336].
[604.068943046672,420.508004164008,111.296036842242].
[604.271650957221,420.427306177077,111.537005258369].
[604.316881205765,420.409300022329,111.59077257965].
[604.316881205765,420.409300022329,111.59077257965].
[604.316881205765,420.409300022329,111.59077257965].
[604.294768834647,420.397293594871,111.59077257965].
[604.150663686584,420.343484520159,111.569012841632].
[603.785578515407,420.254768354124,111.47149246158].
[603.353937883714,420.200959279412,111.310708536663].
[603.175134268194,420.170644465715,111.256606363869].
[603.331825512596,420.088591971213,111.429433530769].
[603.664365372331,419.953310278213,111.750253099908].
[603.866060992837,419.87125778371,111.944840004827].
[603.911065368942,419.852949397472,111.988258212084].
[603.889190179298,419.822964621635,112.009916778537].
[603.791152380963,419.688582179493,112.117465575427].
[603.629515377516,419.467022988724,112.324478269316].
[603.53147757918,419.332640546582,112.498996106571].
[603.509602389537,419.302655770746,112.567631004365].
[603.509602389537,419.302655770746,112.5781128407].
[603.509602389537,419.302655770746,112.5781128407].
[603.509602389537,419.302655770746,112.5781128407].
[603.509602389537,419.302655770746,112.5781128407].
[603.509602389537,419.302655770746,112.5781128407].
[603.509602389537,419.302655770746,112.5781128407].
[603.509602389537,419.302655770746,112.5781128407].
[603.509602389537,419.302655770746,112.5781128407].
[603.509602389537,419.302655770746,112.5781128407].
[603.509602389537,419.302655770746,112.5781128407].
[603.509602389537,419.302655770746,112.5781128407].
[603.509602389537,419.284379523035,112.599740745482].
[603.554579055547,419.20247106342,112.696960665359].
[603.756150488021,419.067426843803,112.858071839373].
[604.088485596308,419.015818502325,112.95714698401].
[604.267189962256,419.151625119137,112.936530190961].
[604.209683546141,419.457471740104,112.741660619879].
[604.040717508755,419.728392271739,112.419896264915].
[603.93823442663,419.840649738127,112.224736318426].
[603.915367360103,419.858936894368,112.17067763545].
[603.937245321381,419.888925457235,112.112448311075].
[604.035295541325,420.023324871673,111.974412365033].
[604.196953024543,420.244912045025,111.797916012605].
[604.295003244486,420.379311459462,111.659683320921].
[604.316881205765,420.409300022329,111.611859393702].
[604.295003244487,420.379311459462,111.670195933782].
[604.196953024543,420.244912045025,111.845030274768].
[604.035295541325,420.023324871673,112.052090651214].
[603.937245321381,419.888925457235,112.159562573238].
[603.915367360103,419.858936894368,112.181190248312].
[603.915367360103,419.858936894368,112.181190248312].
[603.915367360103,419.858936894368,112.181190248312].
[603.915602736192,419.859264490022,112.181190248312].
[603.938531724622,419.890715941929,112.170149432047].
[604.038303873452,420.027512258257,112.110081067656].
[604.20098775211,420.25052850453,111.981052847481].
[604.299488544842,420.385555424968,111.863931307053].
[604.322404531232,420.416989109059,111.852890490788].
[604.324122301622,420.419380437542,111.920530525634].
[604.32516418203,420.420830851584,111.967977535051].
[604.370353502126,420.402864467579,112.022277829636].
[604.571836103691,420.320894306704,112.21818785698].
[604.904024754566,420.185748358906,112.541188886205].
[605.10550735613,420.103778198031,112.737098913549].
[605.150464201285,420.085488182908,112.780812349325].
[605.150464201285,420.085488182908,112.780812349325].
[605.150464201285,420.085488182908,112.780812349325].
[605.150464201285,420.085488182908,112.780812349325].
[605.150464201285,420.085488182908,112.780812349325].
[605.150464201285,420.085488182908,112.780812349325].
[605.150464201285,420.085488182908,112.780812349325].
[605.19538833086,420.067211477625,112.824493974364].
[605.396724311373,419.985300967316,113.020261435878].
[605.728671225001,419.850253366676,113.343027413787].
[605.930007205513,419.768342856367,113.538794875301].
[605.975157319967,419.750407366825,113.593427279965].
[605.97617011393,419.751936589685,113.64250526932].
[605.977839928879,419.754457851942,113.723421194292].
[605.979079640625,419.755987074801,113.78349516997].
[606.070056138134,419.720190622567,113.93163340985].
[606.473890661428,419.558232830974,114.406854621572].
[607.13795378025,419.291209575017,115.105683996377].
[607.540338513096,419.129251783423,115.510651234619].
[607.630072050775,419.093114115448,115.598558103154].
[607.630072050775,419.093114115448,115.598558103154].
[607.630072050775,419.093114115448,115.598558103154].
[607.630072050775,419.093114115448,115.598558103154].
[607.630072050775,419.093114115448,115.598558103154].
[607.586162854457,419.032974123939,115.652865322688].
[607.389375489227,418.763445381306,115.896253394914].
[607.064927974369,418.319067610262,116.297532486628].
[606.868140609139,418.049538867629,116.540920558854].
[606.82423141282,417.989398876121,116.595227778388].
[606.824458235118,417.989769711114,116.606574549303].
[606.82547478213,417.991431678249,116.657427248496].
[606.827150784811,417.994171798816,116.741269175328].
[606.828167331823,417.995833765951,116.792121874522].
[606.82839415412,417.996204600945,116.803468645437].
[606.828167331823,417.995833765951,116.792121874522].
[606.827150784811,417.994171798816,116.741269175328].
[606.82547478213,417.991431678249,116.657427248496].
[606.824458235118,417.989769711114,116.606574549303].
[606.780335234021,417.929276393082,116.64945688475].
[606.583606209268,417.659826117966,116.892494878029].
[606.259254881593,417.215577717986,117.293196787135].
[606.017650452545,416.964299139961,117.492007245984].
[605.727486614306,417.003439855648,117.292800088522].
[605.193551246728,417.2175900448,116.718511597713].
[604.658817381876,417.430727322951,116.11225756083].
[604.411593489801,417.528777519973,115.820541268614].
[604.411356225604,417.528406912924,115.809418356878].
[604.612641369027,417.446867467433,116.007057682703].
[604.944504466465,417.312431649249,116.332909843118].
[605.145789609888,417.230892203757,116.530549168943].
[605.190702396175,417.212698294226,116.574648463366].
[605.190702396175,417.212698294226,116.574648463366].
[605.190702396175,417.212698294226,116.574648463366].
[605.190702396175,417.212698294226,116.574648463366].
[605.190702396175,417.212698294226,116.574648463366].
[605.190702396175,417.212698294226,116.574648463366].
[605.190702396175,417.212698294226,116.574648463366].
[605.190702396175,417.212698294226,116.574648463366].
[605.190702396175,417.212698294226,116.574648463366].
[605.190939660372,417.212698294226,116.585771375103].
[605.192003004729,417.212698294226,116.635620807062].
[605.193756163188,417.213068901275,116.717808625866].
[605.194819507545,417.214729846836,116.767658057826].
[605.195056771742,417.217468283112,116.778780969562].
[605.195056771742,417.219129228673,116.767658057826].
[605.195056771742,417.279653332442,116.674847841144].
[605.194819507545,417.549242601235,116.400123142995].
[605.193006332185,418.011936395547,115.988719192109].
[605.187892664316,418.363165154444,115.587350267811].
[605.181288776613,418.557919415027,115.218422229741].
[605.177691003006,418.63955890513,115.020713096524].
[605.176941172003,418.657775137632,114.976598225967].
[605.176941172003,418.657775137632,114.976598225967].
[605.222068187039,418.639921168313,115.031898845559].
[605.4243134371,418.559905229157,115.279739027967].
[605.757759482775,418.427981248275,115.688358408439].
[605.960004732837,418.347965309119,115.936198590847].
[606.005131747872,418.330111339801,115.991499210439].
[606.005131747872,418.330111339801,115.991499210439].
[606.027201394597,418.360368790365,115.970050541108].
[606.126110689109,418.495973275854,115.873924274192].
[606.289184546842,418.719547275482,115.715438853255].
[606.388093841354,418.855151760971,115.608095392099].
[606.410163488079,418.885409211535,115.536374745941].
[606.432008238163,418.915312557816,115.432010339102].
[606.529909615859,419.049330058009,115.285471997791].
[606.691321699697,419.270287561223,115.115538400772].
[606.789223077393,419.404305061416,115.019272036287].
[606.811067827477,419.434208407696,114.997792106963].
[606.78804466708,419.452102920719,114.953661660815].
[606.684862020766,419.532644605827,114.744841249111].
[606.514742597019,419.69634248724,114.347755587435].
[606.411559950704,419.913230131777,113.971949705649].
[606.388536790307,420.153838959289,113.719330684176].
[606.388536790307,420.288330858824,113.611848334371].
[606.388536790307,420.318263291831,113.590329466203].
[606.388536790307,420.318263291831,113.590329466203].
[606.388536790307,420.318263291831,113.590329466203].
[606.388536790307,420.318263291831,113.590329466203].
[606.388536790307,420.318263291831,113.590329466203].
[606.388536790307,420.318263291831,113.590329466203].
[606.366452875792,420.287986817147,113.611848334371].
[606.267479637481,420.152297071469,113.708289210644].
[606.104300354246,419.928582501552,113.867293334721].
[606.005327115935,419.792892755873,113.963734210994].
[605.98324320142,419.762616281189,113.985253079162].
[605.98324320142,419.762616281189,113.985253079162].
[605.98324320142,419.762616281189,113.985253079162].
[605.939074856231,419.720300759892,113.985253079162].
[605.741126066346,419.512417614878,114.028291318449].
[605.414763685953,419.11800820068,114.22117532507].
[605.216814896068,418.793600583473,114.539187289564].
[605.17264655088,418.669547408699,114.732071296184].
[605.17264655088,418.651309272989,114.775109535472].
[605.17264655088,418.651309272989,114.775109535472].
[605.17264655088,418.651309272989,114.775109535472].
[605.17264655088,418.651309272989,114.775109535472].
[605.17264655088,418.651309272989,114.775109535472].
[605.17264655088,418.651309272989,114.775109535472].
[605.127713462185,418.669547408699,114.731122981044].
[604.926337329684,418.751285062175,114.533988920825].
[604.594324216619,418.886047670079,114.208969802562].
[604.392948084119,418.967785323555,114.011835742342].
[604.348014995424,418.986023459265,113.967849187915].
[604.348014995424,418.986023459265,113.967849187915].
[604.348014995424,418.986023459265,113.967849187915].
[604.348014995424,418.986023459265,113.967849187915].
[604.348014995424,418.986023459265,113.967849187915].
[604.348014995424,418.986023459265,113.967849187915].
[604.348014995424,418.986023459265,113.967849187915].
[604.348014995424,418.986023459265,113.967849187915].
[604.392948084119,418.967785323555,114.011835742342].
[604.594324216619,418.886047670079,114.208969802562].
[604.926337329684,418.751285062175,114.533988920825].
[605.127713462185,418.669547408699,114.731122981044].
[605.17264655088,418.651309272989,114.775109535472].
[605.17264655088,418.651309272989,114.775109535472].
[605.17264655088,418.651309272989,114.775109535472].
[605.17264655088,418.651309272989,114.775109535472].
[605.17264655088,418.651309272989,114.775109535472].
[605.17264655088,418.651309272989,114.775109535472].
[605.17264655088,418.651309272989,114.775109535472].
[605.194730809501,418.681586219433,114.753590332002].
[605.29370558999,418.817278079398,114.65714795301].
[605.456887415846,419.040996135183,114.498141351368].
[605.555862196335,419.176687995147,114.401698972376].
[605.577946454956,419.206964941592,114.380179768906].
[605.577946454956,419.206964941592,114.380179768906].
[605.577946454956,419.206964941592,114.380179768906].
[605.600030541523,419.237241652155,114.358660733088].
[605.699004550919,419.37293245497,114.26221910546].
[605.862185105457,419.596648767811,114.103213742608].
[605.961159114853,419.732339570626,114.00677211498].
[605.98324320142,419.762616281189,113.985253079162].
[605.98324320142,419.762616281189,113.985253079162].
[605.98324320142,419.762616281189,113.985253079162].
[605.98324320142,419.762616281189,113.985253079162].
[605.98324320142,419.762616281189,113.985253079162].
[605.98324320142,419.762616281189,113.985253079162].
[605.961159114853,419.732339570626,114.00677211498].
[605.862185105457,419.596648767811,114.103213742608].
[605.699004550919,419.37293245497,114.26221910546].
[605.600030541523,419.237241652155,114.358660733088].
[605.555862196335,419.176687995147,114.401698972376].
[605.456887415846,419.040996135183,114.498141351368].
[605.29370558999,418.817278079398,114.65714795301].
[605.194730809501,418.681586219433,114.753590332002].
[605.17264655088,418.651309272989,114.775109535472].
[605.17264655088,418.651309272989,114.775109535472].
[605.17264655088,418.651309272989,114.775109535472].
[605.17264655088,418.651309272989,114.775109535472].
[605.172880559135,418.651661589447,114.786088389169].
[605.173929311377,418.65324056227,114.835292197786].
[605.175658411506,418.65584384835,114.916415563653].
[605.176473155492,418.657070504714,114.954640518573].
[605.175658411506,418.65584384835,114.916415563653].
[605.173929311377,418.65324056227,114.835292197786].
[605.172880559135,418.651661589447,114.786088389169].
[605.17264655088,418.651309272989,114.775109535472].
[605.17264655088,418.651309272989,114.775109535472].
[605.17264655088,418.651309272989,114.775109535472].
[605.17264655088,418.651309272989,114.775109535472].
[605.17264655088,418.651309272989,114.775109535472].
[605.17264655088,418.651309272989,114.775109535472].
[605.17264655088,418.651309272989,114.775109535472].
[605.17264655088,418.651309272989,114.775109535472].
[605.17264655088,418.651309272989,114.775109535472].
[605.17264655088,418.651309272989,114.775109535472].
[605.17264655088,418.651309272989,114.775109535472].
[605.17264655088,418.651309272989,114.775109535472].
[605.17264655088,418.651309272989,114.775109535472].
[605.17264655088,418.651309272989,114.775109535472].
[605.17264655088,418.651309272989,114.775109535472].
[605.17264655088,418.651309272989,114.775109535472].
[605.17264655088,418.651309272989,114.775109535472].
[605.17264655088,418.651309272989,114.775109535472].
[605.172880559135,418.651661589447,114.775109535472].
[605.196010503315,418.683513383946,114.764600486768].
[605.318781641483,418.852062604605,114.696014481001].
[605.581949742641,419.213001358806,114.522061263924].
[605.844302546057,419.572712697457,114.316189028476].
[605.987424731958,419.768930022309,114.187891181409].
[606.130324052282,419.964809988727,114.048615682004].
[606.391445597837,420.322659220377,113.793543499468].
[606.651922226841,420.679531788822,113.527367691643].
[606.771968232159,420.843969601182,113.359815143482].
[606.793827221655,420.873905973569,113.256278505265].
[606.793827221655,420.873905973569,113.206513094147].
[606.793827221655,420.873905973569,113.195408929994].
[606.793827221655,420.873905973569,113.195408929994].
[606.793827221655,420.873905973569,113.195408929994].
[606.704743125289,420.873905973569,113.194444404991].
[606.304747269407,420.873905973569,113.14608712262].
[605.643144735171,420.84988742047,112.941610891951].
[605.239114444034,420.723969912401,112.655948781161].
[605.150030347668,420.464597891571,112.654984256158].
[605.154813417783,420.221927914966,112.936323665784].
[605.15816856645,420.116011777299,113.133672967097].
[605.15891720131,420.067450143901,113.199234353692].
[605.181749554129,419.913460349277,113.339705126239].
[605.284077060208,419.607874597038,113.695936780447].
[605.452786596058,419.337289399892,114.117489757832].
[605.555114102137,419.22521417915,114.336185444786].
[605.577946454956,419.206964941592,114.380179768906].
[605.577946454956,419.206964941592,114.380179768906].
[605.577946454956,419.206964941592,114.380179768906].
[605.577946454956,419.206964941592,114.380179768906].
[605.577946454956,419.206964941592,114.391189923672].
[605.578177396528,419.207313133281,114.440534013949].
[605.579212404848,419.208873620169,114.521888665171].
[605.580918845081,419.211446428095,114.571232755448].
[605.581953853401,419.213006914983,114.582242910214].
[605.582184794974,419.213355106672,114.582242910214].
[605.582184794974,419.213355106672,114.582242910214].
[605.582184794974,419.213355106672,114.582242910214].
[605.581953853401,419.213006914983,114.582242910214].
[605.580918845081,419.211446428095,114.582242910214].
[605.579212404848,419.208873620169,114.571232755448].
[605.578177396528,419.207313133281,114.521888665171].
[605.577946454956,419.206964941592,114.440534013949].
[605.577946454956,419.206964941592,114.391189923672].
[605.577946454956,419.206964941592,114.380179768906].
[605.577946454956,419.206964941592,114.380179768906].
[605.577946454956,419.206964941592,114.380179768906].
[605.577946454956,419.206964941592,114.380179768906].
[605.600030541523,419.237241652155,114.36970220662].
[605.699004550919,419.37293245497,114.311703556708].
[605.862185105457,419.596648767811,114.18479980995].
[605.961159114853,419.732339570626,114.056256566228].
[605.98324320142,419.762616281189,113.996294552694].
[605.98324320142,419.762616281189,113.985253079162].
[605.98324320142,419.762616281189,113.985253079162].
[605.98324320142,419.762616281189,113.985253079162].
[605.98324320142,419.762616281189,113.985253079162].
[605.983016283636,419.762616281189,113.974257092839].
[605.981999308686,419.762616281189,113.924976501118].
[605.935402307474,419.780542195124,113.799884984796].
[605.688113314812,419.879162501701,113.510246464235].
[605.154501425363,420.093552029274,112.978674456916].
[604.621020688968,420.308976637907,112.458004970927].
[604.374633989136,420.408836495727,112.217535113997].
[604.329680757511,420.427118429748,112.173661409836].
[604.329680757511,420.427118429748,112.173661409836].
[604.28547326837,420.366512378734,112.21679302287].
[604.087349047463,420.094894902307,112.41009550159].
[603.760697430212,419.64707339143,112.728797409936].
[603.562573209304,419.375455915004,112.922099888656].
[603.518365720164,419.314849863989,112.96523150169].
[603.518365720164,419.314849863989,112.96523150169].
[603.518365720164,419.314849863989,112.96523150169].
[603.518365720164,419.314849863989,112.96523150169].
[603.518365720164,419.314849863989,112.96523150169].
[603.51860595397,419.314849863989,112.975843789794].
[603.609348915898,419.278694410041,113.100476744312].
[604.013213576497,419.116656907245,113.535237788208].
[604.67788404491,418.849502229734,114.201288963234].
[605.081702768354,418.687464726938,114.638102926731].
[605.172413507049,418.651309272989,114.764175929231].
[605.17264655088,418.651309272989,114.775109535472].
[605.17264655088,418.651309272989,114.775109535472].
[605.17264655088,418.651309272989,114.775109535472].
[605.17264655088,418.651309272989,114.775109535472].
[605.17264655088,418.651309272989,114.775109535472].
[605.17264655088,418.651309272989,114.775109535472].
[605.17264655088,418.651309272989,114.775109535472].
[605.17264655088,418.651309272989,114.775109535472].
[605.17264655088,418.651309272989,114.775109535472].
[605.17264655088,418.651309272989,114.775109535472].
[605.17264655088,418.651309272989,114.775109535472].
[605.17264655088,418.651309272989,114.775109535472].
[605.17264655088,418.651309272989,114.775109535472].
[605.17264655088,418.651309272989,114.775109535472].
[605.17264655088,418.651309272989,114.775109535472].
[605.17264655088,418.651309272989,114.775109535472].
[605.17264655088,418.651309272989,114.775109535472].
[605.171667685304,418.669547408699,114.731122981044].
[605.167280714152,418.793257959134,114.523941249642].
[605.1600478215,419.13439857886,114.110050036737].
[605.155660850348,419.608150230909,113.642188945805].
[605.109728753147,419.967767028337,113.18535042851].
[604.908262346296,420.173547777492,112.782190232237].
[604.576100395988,420.326902551842,112.414163414408].
[604.374633989136,420.408836495727,112.217535113997].
[604.329680757511,420.427118429748,112.173661409836].
[604.329680757511,420.427118429748,112.173661409836].
[604.329447322508,420.426793462118,112.163030830076].
[604.328401139407,420.425337058246,112.115387876954].
[604.326676275076,420.422935854203,112.036837926742].
[604.325630091975,420.421479450331,111.98919497362].
[604.325396656972,420.421154482702,111.97856439386].
[604.325396656972,420.421154482702,111.97856439386].
[604.325396656972,420.421154482702,111.97856439386].
[604.325396656972,420.421154482702,111.97856439386].
[604.325396656972,420.421154482702,111.97856439386].
[604.325396656972,420.421154482702,111.97856439386].
[604.281422602834,420.360873399317,112.032326586654].
[604.084344565028,420.090712326763,112.273272018497].
[603.759417812108,419.645292019928,112.670523877053].
[603.562580008107,419.375465230486,112.922081597].
[603.519682607193,419.316682300071,113.023404765401].
[603.521457708264,419.319152336737,113.101819557539].
[603.522534361487,419.320650489706,113.149380533146].
[603.522774595293,419.320984772818,113.15999282125].
[603.56697625165,419.381582853158,113.116923492218].
[603.765074331837,419.653164607498,112.923900151024].
[604.091682850325,420.100927222613,112.605658462657].
[604.289780930512,420.372508976953,112.412635121463].
[604.333982586869,420.433107057293,112.36956579243].
[604.333982586869,420.433107057293,112.36956579243].
[604.333982586869,420.433107057293,112.36956579243].
[604.423848628235,420.3965728969,112.457602467328].
[604.826600283622,420.232838149575,112.852155471005].
[605.490625504667,419.962885188907,113.502663400587].
[605.893377160053,419.799150441582,113.897216404264].
[605.98324320142,419.762616281189,113.985253079162].
[605.98324320142,419.762616281189,113.985253079162].
[605.98324320142,419.792892755873,113.963734210994].
[605.982511067809,419.946853942285,113.823283471583].
[605.979229872606,420.282742768566,113.445514355047].
[605.973820096281,420.689179656076,112.927407186512].
[605.9926307957,421.055425006419,112.549589502433].
[606.112999387205,421.357154395612,112.409104694668].
[606.420129009241,421.664935000421,112.388558959183].
[606.883527276722,421.889208969095,112.392954305647].
[607.336271458796,421.973196226681,112.400201006855].
[607.581598695898,422.015453881727,112.383078155733].
[607.725451992271,422.151139398982,112.287621019153].
[607.888626190441,422.374846997408,112.128621850032].
[607.987596344505,422.510532514663,112.032183979091].
[608.009679570831,422.540808045859,112.010665781504].
[608.009679570831,422.540808045859,112.010665781504].
[608.009679570831,422.540808045859,112.010665781504].
[608.009679570831,422.540808045859,112.010665781504].
[608.009679570831,422.540808045859,112.010665781504].
[608.009679570831,422.540808045859,112.010665781504].
[608.009679570831,422.540808045859,112.010665781504].
[608.009679570831,422.540808045859,112.010665781504].
[608.009679570831,422.540808045859,112.010665781504].
[608.009679570831,422.540808045859,112.010665781504].
[608.009679570831,422.540808045859,112.010665781504].
[608.009679570831,422.540808045859,112.010665781504].
[608.009679570831,422.540808045859,112.010665781504].
[608.009679570831,422.540808045859,112.010665781504].
[608.031762625115,422.571083341188,111.989147751557].
[608.13073200814,422.706767801369,111.892710631928].
[608.293904935081,422.930473656972,111.73371270151].
[608.392874318106,423.066158117153,111.637275581881].
[608.41495737239,423.096433412483,111.615757551934].
[608.41495737239,423.096433412483,111.615757551934].
[608.41495737239,423.096433412483,111.615757551934].
[608.41495737239,423.096433412483,111.615757551934].
[608.41495737239,423.096433412483,111.615757551934].
[608.41495737239,423.096433412483,111.604574001166].
[608.437040254634,423.12670847195,111.544118492382].
[608.536008866629,423.262391875068,111.415167437291].
[608.721061552577,423.516062153353,111.255921524015].
[608.91809413856,423.786044592795,111.051585152385].
[609.101857180607,424.037741330084,110.799156484316].
[609.199921154595,424.172040366408,110.652318834538].
[609.221802184816,424.202006531891,110.619554926227].
[609.221802184816,424.202006531891,110.619554926227].
[609.221802184816,424.202006531891,110.619554926227].
[609.221802184816,424.202006531891,110.619554926227].
[609.221802184816,424.202006531891,110.619554926227].
[609.243887960235,424.232285478559,110.598006041245].
[609.34286953854,424.367986302904,110.501430638942].
[609.506062572098,424.591719138453,110.342204718939].
[609.605044150403,424.727419962797,110.245629316636].
[609.627328368558,424.758003208672,110.224080431654].
[609.650300093335,424.771283536925,110.224080431654].
[609.750732696802,424.826938309861,110.235358003236].
[609.959590034929,424.916354168997,110.308430488182].
[610.259535062363,424.970064757231,110.492733173972].
[610.612648156335,424.981981311054,110.709750553891].
[610.813428442074,424.981981311054,110.822000202183].
[610.858228579386,424.981981311054,110.84453011783].
[610.858228579386,424.951718050963,110.866039714492].
[610.858228579386,424.816087528982,110.96243903876].
[610.858864041616,424.574137421415,111.165381701407].
[610.86171198575,424.356343282436,111.459006923849].
[610.888473361916,424.190615119324,111.805687053963].
[610.990213854145,424.108451502326,112.002912952137].
[611.153895563935,424.090118321307,112.046919998382].
[611.274853850348,424.120370497717,112.037095533036].
[611.395997651924,424.256267874402,111.993065334075].
[611.559876731884,424.4812214845,111.920471808495].
[611.660143711303,424.619141178351,111.876441609534].
[611.683043551296,424.650811936253,111.866617144188].
[611.683229664537,424.651128464569,111.866617144188].
[611.683229664537,424.651128464569,111.866617144188].
[611.683229664537,424.651128464569,111.866617144188].
[611.683229664537,424.651128464569,111.866617144188].
[611.683229664537,424.651128464569,111.866617144188].
[611.683229664537,424.651128464569,111.866617144188].
[611.683229664537,424.651128464569,111.866617144188].
[611.683229664537,424.651128464569,111.866617144188].
[611.683229664537,424.651128464569,111.866617144188].
[611.683416545813,424.651446299105,111.866617144188].
[611.706312773772,424.683113532411,111.878342707496].
[611.873318938963,424.821000845711,111.932335658601].
[612.336369869266,425.045891010356,112.02544188776].
[612.950797986014,425.193652673569,112.088651832947].
[613.370897623637,425.277250036141,112.106842780343].
[613.623213528131,425.377112852042,112.131149152508].
[613.823425209218,425.502116641208,112.212195138557].
[614.034682324151,425.684093736934,112.285128885257].
[614.256897326253,425.866438357273,112.250729259484].
[614.585790399583,425.931608283875,112.296439476299].
[615.047422976673,425.90229873847,112.535698081175].
[615.497968154142,425.873400856988,112.800519690816].
[615.719995917533,425.866952868065,112.92433268387].
[615.764618959417,425.848634035364,112.968593596523].
[615.764618959417,425.766534723069,113.064566484284].
[615.7871844078,425.619286335908,113.245620246039].
[615.888315731183,425.483901960488,113.443870747355].
[616.032871728199,425.359423262319,113.655319135108].
[616.034593061627,425.224089011077,113.853534765006].
[615.893259145052,425.046385801704,114.034531033509].
[615.793849155098,424.827477199371,114.130469049851].
[615.77151156638,424.583187888854,114.148471588475].
[615.770811429118,424.444810819114,114.133215352724].
[615.769657097923,424.411771165159,114.108062072329].
[615.702297662722,424.398347388199,114.070383359687].
[615.40339519397,424.34464921917,113.966488663748].
[614.844136980446,424.244759235176,113.77836855513].
[614.246422088909,424.13800044379,113.57731260709].
[613.686846827469,424.038053831372,113.389085851691].
[613.387878182944,423.984654574295,113.288520473263].
[613.276468094643,423.972739589512,113.222131336569].
[613.009331505312,423.972739589512,113.024182725476].
[612.35758996922,423.948882990284,112.695048520785].
[611.564772786556,423.841965130269,112.490848082797].
[611.05764917517,423.665687380246,112.442512687291].
[610.89195676828,423.559095097034,112.441534166083].
[610.869890858186,423.536697631804,112.441534166083].
[610.825304956863,423.55741756884,112.408988531431].
[610.625484810211,423.640955395226,112.263129116327].
[610.251224994514,423.776605858039,112.010197749328].
[609.850570995693,423.858684550427,111.808541991958].
[609.430497945045,423.834466802003,111.684003740985].
[609.030820039937,423.643851691196,111.628207398719].
[608.658169530707,423.269029676966,111.658793779468].
[608.460692506054,422.770475584067,111.93963772547].
[608.422450996409,422.116639241356,112.651884331096].
[608.432552045108,421.514551422514,113.537772723459].
[608.438678640839,421.018934269183,114.167797328038].
[608.440045669126,420.535272584242,114.573538959707].
[608.395212068661,420.282352756319,114.72232508787].
[608.149415134254,420.321930280556,114.524363246348].
[607.617058648385,420.5386981032,114.00246610994].
[607.084605996253,420.755505083349,113.480474696674].
[606.838693898874,420.855636914793,113.239394099673].
[606.793827221655,420.873905973569,113.195408929994].
[606.793827221655,420.873905973569,113.195408929994].
[606.793827221655,420.873905973569,113.195408929994].
[606.771519651942,420.843291268195,113.205900427636].
[606.649457055525,420.675805045275,113.274470142674].
[606.385638082356,420.313882890295,113.448573186479].
[606.122460371615,419.952932007897,113.654827601743].
[606.001165712771,419.786608923,113.761899878549].
[605.979078707721,419.756328290543,113.783449963271].
[605.93415841474,419.774263780084,113.739608406752].
[605.732839628653,419.854645067534,113.543124182073].
[605.400691242366,419.987171405917,113.208385613343].
[605.198342467891,420.067552693367,112.963540162474].
[605.151724011147,420.085488182908,112.839964423659].
[605.150694022759,420.085488182908,112.79160319747].
[605.150464201285,420.085488182908,112.780812349325].
[605.150464201285,420.085488182908,112.780812349325].
[605.150464201285,420.085488182908,112.780812349325].
[605.150464201285,420.085488182908,112.780812349325].
[605.105507356131,420.103778198031,112.737098913549].
[604.904024754566,420.185748358906,112.541188886205].
[604.571836103691,420.320894306704,112.21818785698].
[604.370353502126,420.402864467579,112.022277829636].
[604.325396656972,420.421154482702,111.97856439386].
[604.325396656972,420.421154482702,111.97856439386].
[604.325396656972,420.421154482702,111.97856439386].
[604.325396656972,420.421154482702,111.97856439386].
[604.325396656972,420.421154482702,111.97856439386].
[604.325396656972,420.421154482702,111.97856439386].
[604.325396656972,420.421154482702,111.97856439386].
[604.325396656972,420.421154482702,111.97856439386].
[604.325396656972,420.421154482702,111.97856439386].
[604.325396656972,420.421154482702,111.97856439386].
[604.325864492998,420.421805762768,111.999869545725].
[604.327961188601,420.424724597524,112.095352611981].
[604.33141805524,420.429536942471,112.252777574309].
[604.333514750843,420.432455777226,112.348260640565].
[604.333982586869,420.433107057293,112.36956579243].
[604.333982586869,420.433107057293,112.36956579243].
[604.311881844846,420.421084335292,112.36956579243].
[604.212833190875,420.367202233505,112.36956579243].
[604.049529568239,420.260089466125,112.391100372998].
[603.950480914268,420.124299118307,112.487611667364].
[603.928380172245,419.97723252883,112.646731891248].
[603.928380172245,419.8953242828,112.743243185614].
[603.928380172245,419.877048082746,112.764777766182].
[603.928380172245,419.877048082746,112.764777766182].
[603.906279257911,419.846748924461,112.786312514647].
[603.807229831695,419.710957517938,112.882824561474].
[603.643924935843,419.487075337626,113.041946025958].
[603.544875509627,419.351283931103,113.138458072786].
[603.522774595293,419.320984772818,113.15999282125].
[603.522774595293,419.320984772818,113.15999282125].
[603.522774595293,419.320984772818,113.15999282125].
[603.522774595293,419.320984772818,113.15999282125].
[603.522774595293,419.320984772818,113.15999282125].
[603.522534361487,419.320650489706,113.149380533146].
[603.521457708264,419.319152336737,113.101819557539].
[603.519682607193,419.31668230007,113.023404765401].
[603.51860595397,419.315184147101,112.975843789794].
[603.51860595397,419.315184147101,112.96523150169].
[603.519682607193,419.316682300071,112.975843789794].
[603.521457708264,419.319152336737,113.023404765401].
[603.522534361487,419.320650489706,113.101819557539].
[603.56697625165,419.381582853158,113.106311204114].
[603.765074331837,419.653164607498,112.923900151024].
[604.091682850325,420.100927222613,112.605658462657].
[604.289780930512,420.372508976953,112.412635121463].
[604.333982586869,420.433107057293,112.36956579243].
[604.333982586869,420.433107057293,112.36956579243].
[604.289540696706,420.372174693841,112.402022833359].
[604.090365963296,420.099094786532,112.547485198946].
[603.761982343737,419.64886213475,112.787312095174].
[603.562807610327,419.375782227441,112.932774460761].
[603.518365720164,419.314849863989,112.96523150169].
[603.518365720164,419.314849863989,112.96523150169].
[603.518365720164,419.314849863989,112.96523150169].
[603.518365720164,419.314849863989,112.96523150169].
[603.518365720164,419.314849863989,112.96523150169].
[603.518365720164,419.314849863989,112.96523150169].
[603.518365720164,419.314849863989,112.96523150169].
[603.518365720164,419.314849863989,112.96523150169].
[603.518365720164,419.314849863989,112.96523150169].
[603.518365720164,419.314849863989,112.96523150169].
[603.518365720164,419.314849863989,112.96523150169].
[603.518365720164,419.314849863989,112.96523150169].
[603.518365720164,419.314849863989,112.96523150169].
[603.518365720164,419.314849863989,112.96523150169].
[603.518365720164,419.314849863989,112.96523150169].
[603.518365720164,419.314849863989,112.96523150169].
[603.518365720164,419.314849863989,112.96523150169].
[603.518365720164,419.314849863989,112.96523150169].
[603.518365720164,419.314849863989,112.96523150169].
[603.540469541704,419.345152995019,112.943665620076].
[603.639531997115,419.480962206148,112.847014044154].
[603.802858374478,419.704873741295,112.687662535086].
[603.924024497488,419.87098587241,112.569445227744].
[604.045190084526,420.037097268735,112.451228443332].
[604.208515324414,420.261007244466,112.291878044055].
[604.307577089911,420.396815509763,112.195227141256].
[604.329680757511,420.427118429748,112.173661409836].
[604.307577089911,420.396815509763,112.195227141256].
[604.208515324414,420.261007244466,112.291878044055].
[604.045190084526,420.037097268735,112.451228443332].
[603.946128319028,419.901289003439,112.54787934613].
[603.901920829888,419.840682952425,112.591010959164].
[603.824962196018,419.735176872324,112.666096653472].
[603.760698274066,419.647074548307,112.728796586619].
[603.847065863618,419.765479792309,112.644530922052].
[604.023086262985,420.006794137706,112.472794324946].
[604.208515324414,420.261007244466,112.291878044055].
[604.307577089911,420.396815509763,112.195227141256].
[604.329680757511,420.427118429748,112.173661409836].
[604.329680757511,420.427118429748,112.173661409836].
[604.329680757511,420.427118429748,112.173661409836].
[604.329680757511,420.427118429748,112.173661409836].
[604.329680757511,420.427118429748,112.173661409836].
[604.329680757511,420.427118429748,112.173661409836].
[604.329680757511,420.427118429748,112.173661409836].
[604.307577089911,420.396815509763,112.195227141256].
[604.208515324414,420.261007244466,112.291878044055].
[604.045190084526,420.037097268735,112.451228443332].
[603.946128319028,419.901289003439,112.54787934613].
[603.924024651428,419.870986083454,112.56944507755].
[603.924024651428,419.870986083454,112.56944507755].
[603.924024651428,419.870986083454,112.56944507755].
[603.924024651428,419.870986083454,112.56944507755].
[603.924024651428,419.870986083454,112.56944507755].
[603.901920829888,419.870986083454,112.56944507755].
[603.802858374478,419.870986083454,112.56944507755].
[603.639531997115,419.840682952425,112.591010959164].
[603.540469541704,419.704873741295,112.687662535086].
[603.518365720164,419.480962206148,112.847014044154].
[603.518365720164,419.346899328162,112.942422804151].
[603.518365720164,419.314849863989,112.96523150169].
