[551.663238971106,380.770068241536,127.912884925209].
[551.663238971106,380.770068241536,127.912884925209].
[551.663238971106,380.770068241536,127.912884925209].
[551.663238971106,380.770068241536,127.912884925209].
[551.686141887489,380.801216240034,127.900360341767].
[551.788785637519,380.940811884462,127.844229053042].
[551.958016571499,381.20153052773,127.730021773647].
[552.036526684262,381.482806165687,127.532327434349].
[551.90480092192,381.760860349419,127.137563887252].
[551.495897732373,381.932569848435,126.609488505013].
[550.944353189272,381.98419878272,126.219764244614].
[550.547051531065,381.988898930132,126.072950532269].
[550.400560902062,381.958311378149,126.071795100412].
[550.378243109132,381.821227480736,126.168951750383].
[550.402411623554,381.577586910177,126.373632420214].
[550.510727390487,381.361502338845,126.670208254059].
[550.736368776785,381.183639028113,127.074354039012].
[551.05558780024,381.028334607322,127.514352783316].
[551.427476999752,380.884903563796,127.955497856329].
[551.638380256274,380.808599816924,128.196077416759].
[551.685439133678,380.791574149664,128.249757972607].
[551.685439133678,380.791574149664,128.249757972607].
[551.731871424422,380.773997847177,128.294524901147].
[551.939966514358,380.695226324424,128.495156355498].
[552.283057315463,380.565354039334,128.825941701859].
[552.491152405399,380.486275358098,129.026573156211].
[552.583661376149,380.450066766647,129.111115899633].
[552.790482824686,380.370462472634,129.294335606544].
[553.132380565968,380.241582547401,129.610456493554].
[553.341247121702,380.163940706165,129.825345934318].
[553.388758369574,380.146685006017,129.887336908666].
[553.389078464931,380.146685006017,129.892293780755].
[553.342681689568,380.164247864648,129.847561093783].
[553.088313477779,380.260535438703,129.602316170957].
[552.537390011872,380.469079909135,129.071152383117].
[551.986363289721,380.677663465793,128.53988904247].
[551.731871424422,380.773997847177,128.294524901147].
[551.685439133678,380.791574149664,128.249757972607].
[551.685439133678,380.791574149664,128.249757972607].
[551.663137623769,380.76100991368,128.271361758985].
[551.563189190558,380.624030511324,128.368183212275].
[551.376100321744,380.367625076899,128.549418831393].
[551.176202329985,380.093664729911,128.743062828103].
[550.9891118569,379.837257096831,128.924300001302].
[550.889162298351,379.700276152199,129.021122544722].
[550.866860537345,379.669711572086,129.042726574341].
[550.866860537345,379.669711572086,129.042726574341].
[550.866860537345,379.669711572086,129.042726574341].
[550.866860537345,379.669711572086,129.042726574341].
[550.866860537345,379.669711572086,129.042726574341].
[550.866860537345,379.669711572086,129.042726574341].
[550.866860537345,379.669711572086,129.042726574341].
[550.866860537345,379.669711572086,129.042726574341].
[550.866860537345,379.669711572086,129.042726574341].
[550.866860537345,379.669711572086,129.042726574341].
[550.866860537345,379.669711572086,129.042726574341].
[550.866860537345,379.669711572086,129.042726574341].
[550.866860537345,379.669711572086,129.042726574341].
[550.820375089056,379.687278126609,128.997941403963].
[550.612041763528,379.766005962016,128.797228195366].
[550.268558178335,379.895806218849,128.466308059041].
[550.060224852807,379.974534054257,128.265594850443].
[550.036049966306,379.992100608779,128.220809680065].
[550.136038967229,379.992100608779,128.220809680065].
[550.300892959886,380.022676792655,128.199197630823].
[550.400881960808,380.159709741745,128.102339145947].
[550.423192522597,380.385638879695,127.942646501683].
[550.400881960808,380.50967565657,127.845788016807].
[550.276691270195,380.482007037474,127.800968538037].
[550.003372829364,380.385977591906,127.696960054772].
[549.724556185624,380.358320585386,127.503858981264].
[549.593781175662,380.482409406217,127.302956044999].
[549.569579485971,380.708424350146,127.119996669798].
[549.569579485971,380.845509343192,127.023102216798].
[549.569579485971,380.876097139644,127.001482141983].
[549.569579485971,380.876097139644,127.001482141983].
[549.569579485971,380.876097139644,127.001482141983].
[549.569579485971,380.876097139644,127.001482141983].
[549.569579485971,380.876097139644,127.001482141983].
[549.569579485971,380.876097139644,127.001482141983].
[549.591898603998,380.889081354892,127.001482141983].
[549.691925951321,380.947272570456,127.001482141983].
[549.856843166502,381.060816901874,126.979862310776].
[549.956870513825,381.19790035029,126.882968949552].
[549.979189631852,381.340955867935,126.723218803912].
[549.979189631852,381.419848100788,126.622046008577].
[550.001508498396,381.46803844449,126.563906930795].
[550.101534718648,381.605120348303,126.454572775692].
[550.266450075606,381.831130198947,126.307266315691].
[550.366476295858,381.968212102759,126.225273705196].
[550.388795162402,381.998799209911,126.207933551704].
[550.388795162402,381.998799209911,126.207933551704].
[550.388795162402,381.998799209911,126.207933551704].
[550.388795162402,381.998799209911,126.207933551704].
[550.388795162402,381.998799209911,126.207933551704].
[550.366476295858,381.968212102759,126.229553139307].
[550.266450075606,381.831130198947,126.326445408774].
[550.101534718648,381.605120348303,126.486193754411].
[550.001508498396,381.46803844449,126.583086023877].
[549.979189631852,381.437180799843,126.604705611481].
[550.025396917132,381.41863563585,126.645091801493].
[550.232483602545,381.338956851201,126.826090147863].
[550.573911825662,381.209672100599,127.124505971485].
[550.780998511074,381.131721795189,127.305504317856].
[550.803317377618,381.162309125357,127.283884730252].
[550.696256912459,381.377071796572,127.005994114415].
[550.519455935977,381.731155580758,126.547829945157].
[550.388785814327,381.915330921807,126.287279482812].
[550.262744243319,381.826168047727,126.30298688158].
[550.096540849672,381.600156549205,126.431114248498].
[549.951590882012,381.401898030095,126.552126392547].
[549.729220743999,381.097140611187,126.76351905618].
[549.399391247008,380.645110554091,127.083457557281].
[549.221372465435,380.401258876173,127.251629068893].
[549.275479597512,380.475960950773,127.178937448327].
[549.460600305237,380.730573233594,126.966022512173].
[549.659368326954,381.003536132064,126.752874345064].
[549.846311825086,381.259869841314,126.566807579631].
[549.946335146331,381.396955049375,126.469650000753].
[549.968653366019,381.427542893804,126.447971214618].
[549.968653366019,381.427542893804,126.447971214618].
[549.922131708429,381.445183650531,126.403441147532].
[549.713636104076,381.524244037149,126.203871232568].
[549.32332813203,381.672246673779,125.83027233089].
[548.906179272236,381.83042722744,125.430981598912].
[548.515646554201,381.978515086512,125.057167572614].
[548.284657758082,382.027024449291,124.879141507698].
[548.137999975242,381.907490437928,124.931806903174].
[547.97296141217,381.681305487984,125.092110643479].
[547.872860463632,381.544117381077,125.189339776841].
[547.850524922954,381.513506576813,125.211034528939].
[547.850524922954,381.513506576813,125.211034528939].
[547.850524922954,381.513506576813,125.211034528939].
[547.850524922954,381.513506576813,125.211034528939].
[547.850524922954,381.513506576813,125.211034528939].
[547.850524922954,381.513506576813,125.211034528939].
[547.850524922954,381.513506576813,125.211034528939].
[547.850524922954,381.513506576813,125.211034528939].
[547.850524922954,381.513506576813,125.211034528939].
[547.850524922954,381.513506576813,125.211034528939].
[547.850524922954,381.513506576813,125.211034528939].
[547.850524922954,381.513506576813,125.211034528939].
[547.850524922954,381.513506576813,125.211034528939].
[547.850793107101,381.513752092299,125.214926516784].
[547.851995025064,381.514852416368,125.232369196173].
[547.853976652775,381.516666544065,125.2611273127].
[547.855178570738,381.517766868134,125.278569992089].
[547.855446754885,381.518012383619,125.282461979934].
[547.855446754885,381.518012383619,125.282461979934].
[547.855446754885,381.518012383619,125.282461979934].
[547.855446754885,381.518012383619,125.282461979934].
[547.855446754885,381.518012383619,125.282461979934].
[547.855446754885,381.518012383619,125.282461979934].
[547.855446754885,381.518012383619,125.282461979934].
[547.83311037603,381.487401310841,125.304127594313].
[547.733005671045,381.350212000537,125.401226141478].
[547.567960914639,381.124025066527,125.561314581542].
[547.467856209654,380.986835756223,125.658413128707].
[547.445519830799,380.956224683444,125.680078743086].
[547.445519830799,380.956224683444,125.680078743086].
[547.445519830799,380.956224683444,125.680078743086].
[547.445519830799,380.956224683444,125.680078743086].
[547.445519830799,380.956224683444,125.680078743086].
[547.445519830799,380.956224683444,125.680078743086].
[547.445519830799,380.956224683444,125.680078743086].
[547.445519830799,380.956224683444,125.680078743086].
[547.445519830799,380.956224683444,125.680078743086].
[547.445519830799,380.956224683444,125.680078743086].
[547.445519830799,380.956224683444,125.680078743086].
[547.445519830799,380.956224683444,125.680078743086].
[547.445519830799,380.956224683444,125.680078743086].
[547.445519830799,380.956224683444,125.680078743086].
[547.445519830799,380.956224683444,125.680078743086].
[547.445519830799,380.956224683444,125.680078743086].
[547.445519830799,380.956224683444,125.680078743086].
[547.445519830799,380.956224683444,125.680078743086].
[547.445519830799,380.956224683444,125.680078743086].
[547.445519830799,380.956224683444,125.680078743086].
[547.445519830799,380.956224683444,125.680078743086].
[547.445519830799,380.956224683444,125.680078743086].
[547.445519830799,380.956224683444,125.680078743086].
[547.445519830799,380.956224683444,125.680078743086].
[547.445519830799,380.956224683444,125.680078743086].
[547.445519830799,380.956224683444,125.680078743086].
[547.445519830799,380.956224683444,125.680078743086].
[547.445252271118,380.955979143583,125.676216100539].
[547.444053151817,380.954878710269,125.658904937654].
[547.442076138319,380.953064402456,125.630363655186].
[547.440877019018,380.951963969142,125.613052492301].
[547.440609459337,380.95171842928,125.609189849754].
[547.440609459337,380.95171842928,125.609189849754].
[547.440609459337,380.95171842928,125.609189849754].
[547.440609459337,380.95171842928,125.609189849754].
[547.440609459337,380.95171842928,125.609189849754].
[547.440609459337,380.95171842928,125.609189849754].
[547.440609459337,380.95171842928,125.609189849754].
[547.440609459337,380.95171842928,125.609189849754].
[547.440609459337,380.95171842928,125.609189849754].
[547.440609459337,380.95171842928,125.609189849754].
[547.440609459337,380.95171842928,125.609189849754].
[547.440609459337,380.95171842928,125.609189849754].
[547.440609459337,380.95171842928,125.609189849754].
[547.440609459337,380.95171842928,125.609189849754].
[547.440609459337,380.95171842928,125.609189849754].
[547.440609459337,380.95171842928,125.609189849754].
[547.440609459337,380.95171842928,125.609189849754].
[547.440609459337,380.95171842928,125.609189849754].
[547.440609459337,380.95171842928,125.609189849754].
[547.440609459337,380.95171842928,125.609189849754].
[547.440609459337,380.95171842928,125.609189849754].
[547.440609459337,380.95171842928,125.609189849754].
[547.440609459337,380.95171842928,125.609189849754].
[547.440609459337,380.95171842928,125.609189849754].
[547.440609459337,380.95171842928,125.609189849754].
[547.440609459337,380.95171842928,125.609189849754].
[547.440609459337,380.95171842928,125.609189849754].
[547.440609459337,380.95171842928,125.609189849754].
[547.440609459337,380.95171842928,125.609189849754].
[547.440609459337,380.95171842928,125.609189849754].
[547.440609459337,380.95171842928,125.609189849754].
[547.462945213726,380.982329526435,125.587494890076].
[547.563047120049,381.119518945984,125.490264826408].
[547.75042280292,381.376316864374,125.308264800187].
[547.950625657781,381.650694390829,125.113805603157].
[548.137999975242,381.907490437928,124.931806903174].
[548.23810092378,382.044678544834,124.834577769813].
[548.260436464458,382.075289349099,124.812883017715].
[548.260436464458,382.075289349099,124.812883017715].
[548.260436464458,382.075289349099,124.812883017715].
[548.213844413531,382.092956798593,124.768285570827].
[548.005033328127,382.17213681389,124.568413680544].
[547.660762050063,382.302682589325,124.238880643621].
[547.451950964659,382.381862604623,124.039008753339].
[547.405358913732,382.399530054117,123.994411306451].
[547.405358913732,382.399530054117,123.994411306451].
[547.405358913732,382.399530054117,123.994411306451].
[547.451950964659,382.381862604623,124.039008753339].
[547.660762050063,382.302682589325,124.238880643621].
[548.005033328127,382.17213681389,124.568413680544].
[548.213844413531,382.092956798593,124.768285570827].
[548.260436464458,382.075289349099,124.812883017715].
[548.260436464458,382.075289349099,124.812883017715].
[548.260436464458,382.075289349099,124.812883017715].
[548.260436464458,382.075289349099,124.812883017715].
[548.213844413531,382.092956798593,124.768285570827].
[548.005033328127,382.17213681389,124.568413680544].
[547.660762050063,382.302682589325,124.238880643621].
[547.451950964659,382.381862604623,124.039008753339].
[547.405358913732,382.399530054117,123.994411306451].
[547.405358913732,382.399530054117,123.994411306451].
[547.405358913732,382.399530054117,123.994411306451].
[547.405358913732,382.399530054117,123.994411306451].
[547.358731606207,382.399530054117,123.971490853878].
[547.149762511693,382.386577074126,123.868768512094].
[546.805230720647,382.328525845274,123.699408002219].
[546.620544722405,382.215146232353,123.641308856904].
[546.682746702038,382.077906618076,123.818375696228].
[546.86217586265,381.934394062645,124.148098998249].
[546.924369164979,381.872874994342,124.303463093678].
[546.739644277756,381.934394062645,124.148098998249].
[546.395048369622,382.064953638086,123.818375696228].
[546.186040386127,382.14414202351,123.618388404331].
[546.139404401298,382.161811340631,123.573765207862].
[546.139404401298,382.161811340631,123.573765207862].
[546.139404401298,382.161811340631,123.573765207862].
[546.139404401298,382.161811340631,123.573765207862].
[546.139404401298,382.161811340631,123.573765207862].
[546.139404401298,382.161811340631,123.573765207862].
[546.139404401298,382.161811340631,123.573765207862].
[546.139404401298,382.161811340631,123.573765207862].
[546.139404401298,382.161811340631,123.573765207862].
[546.139404401298,382.161811340631,123.573765207862].
[546.139404401298,382.161811340631,123.573765207862].
[546.139404401298,382.161811340631,123.573765207862].
[546.139404401298,382.161811340631,123.573765207862].
[546.139404401298,382.161811340631,123.573765207862].
[546.139404401298,382.161811340631,123.573765207862].
[546.139404401298,382.161811340631,123.573765207862].
[546.139404401298,382.161811340631,123.573765207862].
[546.139404401298,382.161811340631,123.573765207862].
[546.139404401298,382.161811340631,123.573765207862].
[546.139404401298,382.161811340631,123.573765207862].
[546.117051298702,382.131177248707,123.595476157331].
[546.016871643111,381.993884773749,123.692777882273].
[545.851703314046,381.767527749978,123.85320130586].
[545.751523658455,381.63023527502,123.950503030802].
[545.729170555859,381.599601183096,123.968707520187].
[545.729170555859,381.599601183096,123.952992656353].
[545.729170555859,381.599601183096,123.927083226084].
[545.729170555859,381.599601183096,123.914874822334].
[545.729170555859,381.599601183096,123.927083226084].
[545.729170555859,381.599601183096,123.952992656353].
[545.729170555859,381.599601183096,123.968707520187].
[545.751028147397,381.629794554833,123.950503030802].
[545.848987076494,381.765111858943,123.85320130586].
[545.988636455016,381.958019004786,123.707491178545].
[546.010494046553,381.988212376522,123.66141657642].
[545.946452049141,381.899988684666,123.697195875685].
[545.909827401775,381.850480506854,123.720359342313].
[545.820771897348,381.729249202136,123.777849591046].
[545.742456800559,381.622151182591,123.829076713864].
[545.72010525257,381.591517332467,123.843790010136].
[545.72010525257,381.591517332467,123.843790010136].
[545.72010525257,381.591517332467,123.843790010136].
[545.72010525257,381.591517332467,123.843790010136].
[545.72010525257,381.591517332467,123.843790010136].
[545.72010525257,381.591517332467,123.843790010136].
[545.673444869782,381.609211965851,123.799480764913].
[545.464327542221,381.688513810894,123.600900504882].
[545.1195513562,381.81926044962,123.273497006229].
[544.91043402864,381.898562294663,123.074916746198].
[544.863773645852,381.916256928047,123.030607500975].
[544.863773645852,381.916256928047,123.030607500975].
[544.863773645852,381.916256928047,123.030607500975].
[544.863773645852,381.916256928047,123.030607500975].
[544.863773645852,381.916256928047,123.030607500975].
[544.863773645852,381.916256928047,123.030607500975].
[544.863773645852,381.916256928047,123.030607500975].
[544.863773645852,381.916256928047,123.030607500975].
[544.863773645852,381.916256928047,123.030607500975].
[544.886133721121,381.916256928047,123.030607500975].
[544.986344626066,381.916256928047,123.030607500975].
[545.129204401336,381.916256928047,123.030607500975].
[545.175864784125,381.898562294663,123.074916746198].
[545.242122336415,381.81926044962,123.273497006229].
[545.48668761749,381.688513810894,123.600900504882].
[545.673444869782,381.609211965851,123.799480764913].
[545.72010525257,381.591517332467,123.843790010136].
[545.673444869782,381.609211965851,123.799480764913].
[545.46456420755,381.688513810894,123.604222196302].
[545.120848681946,381.81926044962,123.291705485777].
[544.913480087776,381.898770352912,123.117669389988].
[544.867880365405,381.917397438676,123.088246932894].
[544.868117030733,381.918934792748,123.091568624314].
[544.868117030733,381.919867245128,123.091568624314].
[544.868117030733,381.920075303377,123.088246932894].
[544.868117030733,381.920075303377,123.073360144765].
[544.890240440674,381.932806461867,123.048815980524].
[545.03604254071,381.989863555727,123.056469274677].
[545.408592768801,382.083934800019,123.154165223666].
[545.852456190798,382.140991893879,123.320715156124].
[546.083658711681,382.153723052369,123.421732796532].
[546.130310567189,382.153723052369,123.444272878815].
[546.130310567189,382.153723052369,123.444272878815].
[546.152415044025,382.184137642139,123.422503887428].
[546.251480436266,382.32044637669,123.324942036658].
[546.414811655645,382.545181486725,123.164089738084].
[546.491772571051,382.651075631506,123.084791931567].
[546.414811655645,382.545181486725,123.144876707689].
[546.251234294985,382.32044637669,123.279830755268].
[546.151065774053,382.183918717798,123.361684522777].
[546.080500344859,382.152741901544,123.357606188727].
[545.848002150637,382.156678454036,123.235668586817].
[545.402907079036,382.190735524246,122.97285174676].
[545.028657672018,382.283216794903,122.711594328354].
[544.904167602837,382.399438724055,122.591524196655].
[544.982015471396,382.461940321419,122.569718187388].
[545.147229037668,382.474865928384,122.569718187388].
[545.247436131013,382.474865928384,122.569718187388].
[545.269795355799,382.474865928384,122.569718187388].
[545.247671766925,382.444428058778,122.591524196655].
[545.148520720473,382.30801499124,122.692559193205].
[544.984812645264,382.082900711926,122.868507054464].
[544.862480936285,381.9328174188,122.990672213058].
[544.692756807858,381.826047491425,123.026528578878].
[544.296540022085,381.638698310369,123.026377396945].
[543.7518012702,381.392540627326,123.020675417943].
[543.355079389451,381.2047221162,123.017216992857].
[543.230493854856,381.159597344,123.016445313913].
[543.308375624951,381.284032212987,123.016445313913].
[543.54272515521,381.523508024143,123.017216992857].
[543.952499333059,381.718936803674,123.020675417943].
[544.485186183931,381.84527463311,123.026377396945].
[544.794709629804,381.903307945712,123.029835822032].
[544.863773645852,381.916256928047,123.030607500975].
[544.863773645852,381.916256928047,123.030607500975].
[544.91043402864,381.898562294663,123.074916746198].
[545.1195513562,381.81926044962,123.273497006229].
[545.464327542221,381.688513810894,123.600900504882].
[545.673444869782,381.609211965851,123.799480764913].
[545.72010525257,381.591517332467,123.843790010136].
[545.72010525257,381.591517332467,123.843790010136].
[545.72010525257,381.591517332467,123.843790010136].
[545.72010525257,381.591737091159,123.843790010136].
[545.72010525257,381.592721981285,123.843790010136].
[545.72010525257,381.594126031894,123.843790010136].
[545.72010525257,381.594126031894,123.843790010136].
[545.72010525257,381.592721981285,123.843790010136].
[545.72010525257,381.591737091159,123.843790010136].
[545.72010525257,381.591517332467,123.843790010136].
[545.72010525257,381.591517332467,123.843790010136].
[545.72010525257,381.591517332467,123.843790010136].
[545.697753528436,381.578359573933,123.843790010136].
[545.550676373886,381.519390591321,123.817979684571].
[545.175310534706,381.422167175376,123.702305830583].
[544.728563157879,381.363198192764,123.51159188705].
[544.496003738102,381.35004043423,123.395918033062].
[544.402406357115,381.367554102003,123.325942438759].
[544.193139693375,381.446044915444,123.128007436567].
[543.847893563955,381.575454389118,122.7985720466].
[543.637624213433,381.653945202558,122.586762892951].
[543.589277358214,381.671458870331,122.519723015592].
[543.588274671432,381.671458870331,122.505848864135].
[543.58805094177,381.671458870331,122.502753122499].
[543.58805094177,381.671458870331,122.502753122499].
[543.541332860993,381.689191629828,122.458723831926].
[543.331956948989,381.768664344249,122.261398241591].
[542.986754429295,381.899692698957,121.936063343552].
[542.777378517291,381.979165413379,121.738737753217].
[542.730660436514,381.996898172875,121.694708462644].
[542.730660436514,381.996898172875,121.694708462644].
[542.683907923339,382.01464400186,121.650646721379].
[542.474377696031,382.094175289668,121.45317569713].
[542.128920753414,382.225300215562,121.127601019104].
[541.943767621346,382.256417995141,120.996042602558].
[542.006265669473,382.057189533439,121.247380674837].
[542.186389393729,381.699459405189,121.734412630788].
[542.295639955032,381.482485114502,122.029812444333].
[542.320017050272,381.434071606273,122.095725052037].
[542.320017050272,381.434071606273,122.095725052037].
[542.273256146288,381.451806188897,122.051671226308].
[542.063688313984,381.53128707401,121.854235677036].
[541.71816937121,381.662328899911,121.528719487359].
[541.508601538905,381.741809785024,121.331283938086].
[541.461840634921,381.759544367648,121.287230112358].
[541.461840634921,381.759544367648,121.287230112358].
[541.461840634921,381.759544367648,121.287230112358].
[541.461840634921,381.759544367648,121.287230112358].
[541.461840634921,381.759544367648,121.287230112358].
[541.461840634921,381.759544367648,121.287230112358].
[541.461840634921,381.759544367648,121.287230112358].
[541.461840634921,381.759544367648,121.287230112358].
[541.461840634921,381.759544367648,121.287230112358].
[541.461840634921,381.759544367648,121.287230112358].
[541.461840634921,381.759544367648,121.287230112358].
[541.461840634921,381.759544367648,121.287230112358].
[541.461840634921,381.759544367648,121.287230112358].
[541.461840634921,381.759544367648,121.287230112358].
[541.461840634921,381.759544367648,121.287230112358].
[541.461840634921,381.759544367648,121.287230112358].
[541.461840634921,381.759544367648,121.287230112358].
[541.461840634921,381.759544367648,121.287230112358].
[541.461840634921,381.759544367648,121.287230112358].
[541.461840634921,381.759544367648,121.287230112358].
[541.461840634921,381.759544367648,121.287230112358].
[541.461840634921,381.759544367648,121.287230112358].
[541.461840634921,381.759544367648,121.287230112358].
[541.461840634921,381.759544367648,121.287230112358].
[541.461840634921,381.759544367648,121.287230112358].
[541.461840634921,381.759544367648,121.287230112358].
[541.461840634921,381.759544367648,121.287230112358].
[541.461840634921,381.759544367648,121.287230112358].
[541.461840634921,381.759544367648,121.287230112358].
[541.461840634921,381.759544367648,121.287230112358].
[541.461840634921,381.759544367648,121.287230112358].
[541.461840634921,381.759544367648,121.287230112358].
[541.461840634921,381.759544367648,121.287230112358].
[541.462042463732,381.759715423971,121.289959353935].
[541.463149709812,381.760653850168,121.304932152056].
[541.465549526843,381.762687771271,121.337383814403].
[541.467951911935,381.764723868888,121.369870203504].
[541.469062233372,381.765664901547,121.384884588311].
[541.469264945477,381.765664901547,121.387625774287].
[541.515833731447,381.747355188832,121.42910748589].
[541.724753901998,381.66747806764,121.617926602066].
[542.069809448864,381.53692264496,121.937483415378].
[542.326393424766,381.457504826542,122.144900963113].
[542.581423686167,381.439432023621,122.199428793915].
[542.923755440425,381.421877666218,122.240551861252].
[543.131260740978,381.341453824659,122.411806543475].
[543.177561431922,381.207988184718,122.694157780762].
[543.177561431922,381.126925974514,122.865412462985].
[543.177561431922,381.108838550569,122.903624547655].
[543.177561431922,381.108838550569,122.903624547655].
[543.177561431922,381.108838550569,122.903624547655].
[543.177561431922,381.108838550569,122.903624547655].
[543.177561431922,381.108838550569,122.903624547655].
[543.106457871383,381.14429465457,122.815549341163].
[542.76541001251,381.30319788835,122.420823650856].
[542.139704543853,381.565185029867,121.770031009157].
[541.655645275206,381.724088263647,121.375305318851].
[541.484224443666,381.759544367648,121.287230112358].
[541.461840634921,381.759544367648,121.287230112358].
[541.506608113413,381.820902028351,121.243512684143].
[541.707242032473,382.095887985703,121.04758476393].
[542.038031442453,382.549263182732,120.72455423435].
[542.238665361513,382.824249140084,120.528626314137].
[542.283432840004,382.885606800787,120.484908885922].
[542.238665361513,382.824249140084,120.528626314137].
[542.038031442453,382.549263182732,120.72455423435].
[541.707242032473,382.095887985703,121.04758476393].
[541.506608113413,381.820902028351,121.243512684143].
[541.461840634921,381.759544367648,121.287230112358].
[541.462042463732,381.759715423971,121.289959353935].
[541.462946997707,381.760482045225,121.302190966079].
[541.464438322112,381.761745989992,121.322357485197].
[541.465342856087,381.762512611246,121.334589097342].
[541.487929611676,381.79336305239,121.337318338918].
[541.61063666234,381.93085851603,121.337318338918].
[541.923116277213,382.157550211556,121.337897022762].
[542.444875488221,382.290246557961,121.381572007171].
[543.121431144898,382.299417791523,121.569962459115].
[543.696911047851,382.263762109159,121.876109473056].
[543.952042692376,382.241381212193,122.060802681457].
[543.998537904472,382.235143180549,122.101884184807].
[543.998537904472,382.234270434843,122.101884184807].
[543.998537904472,382.234075698954,122.101884184807].
[543.998537904472,382.234075698954,122.101884184807].
[543.998537904472,382.234075698954,122.101884184807].
[543.998537904472,382.234075698954,122.101884184807].
[543.882700415897,382.234075698954,122.057494756036].
[543.363552809419,382.234075698954,121.858555138276].
[542.48523929924,382.208219110933,121.530559158889].
[541.86577442176,382.092337923006,121.331619541129].
[541.584541714667,381.901282143596,121.287230112358].
[541.484224443666,381.785400955669,121.287230112358].
[541.461840634921,381.759544367648,121.287230112358].
[541.461840634921,381.759544367648,121.287230112358].
[541.461840634921,381.759544367648,121.287230112358].
[541.461840634921,381.759544367648,121.287230112358].
[541.461840634921,381.759544367648,121.287230112358].
[541.461840634921,381.759544367648,121.287230112358].
[541.461840634921,381.759544367648,121.287230112358].
[541.461840634921,381.759544367648,121.287230112358].
[541.461840634921,381.759544367648,121.287230112358].
[541.461840634921,381.759544367648,121.287230112358].
[541.461840634921,381.759544367648,121.287230112358].
[541.461840634921,381.759544367648,121.287230112358].
[541.461840634921,381.759544367648,121.287230112358].
[541.461840634921,381.759544367648,121.287230112358].
[541.461840634921,381.759544367648,121.287230112358].
[541.461840634921,381.759544367648,121.287230112358].
[541.461639683644,381.759374055063,121.284512737281].
[541.460739082503,381.75861076701,121.272334307099].
[541.459254242244,381.757352317762,121.252255470215].
[541.458353641102,381.75658902971,121.240077040033].
[541.458152689826,381.756418717125,121.237359664956].
[541.458152689826,381.756418717125,121.237359664956].
[541.458152689826,381.756418717125,121.237359664956].
[541.458152689826,381.756418717125,121.237359664956].
[541.458152689826,381.756418717125,121.237359664956].
[541.458152689826,381.756418717125,121.237359664956].
[541.458152689826,381.756418717125,121.237359664956].
[541.458152689826,381.756418717125,121.237359664956].
[541.458152689826,381.756418717125,121.237359664956].
[541.458152689826,381.756418717125,121.237359664956].
[541.458152689826,381.756418717125,121.237359664956].
[541.458152689826,381.756418717125,121.237359664956].
[541.458152689826,381.756418717125,121.237359664956].
[541.458152689826,381.756418717125,121.237359664956].
[541.411368107096,381.774177739275,121.193442060501].
[541.201694154015,381.853768154749,120.996617012618].
[540.809181399459,382.00276259471,120.628157599445].
[540.389679926117,382.162001718427,120.234363347159].
[539.996948247555,382.311079260044,119.865698425731].
[539.787120727293,382.390727968288,119.668729221327].
[539.787120727293,382.390727968288,119.668729221327].
[539.996948247555,382.311079260044,119.865698425731].
[540.342895343387,382.179760740578,120.190445742704].
[540.552722863649,382.100112032334,120.387414947107].
[540.599541711848,382.082340003308,120.43136471723].
[540.599541711848,382.082498952058,120.43136471723].
[540.599541711848,382.083211310936,120.43136471723].
[540.599731865099,382.084385792169,120.433913390188].
[540.600584072843,382.085098151047,120.445335749928].
[540.601989125879,382.085257099797,120.464168037392].
[540.602841333623,382.085257099797,120.475590397132].
[540.603031486874,382.085257099797,120.47813907009].
[540.603031486874,382.085257099797,120.47813907009].
[540.603031486874,382.085257099797,120.47813907009].
[540.603031486874,382.085257099797,120.47813907009].
[540.603031486874,382.085257099797,120.47813907009].
[540.64982686763,382.067509441481,120.522225376664].
[540.859549214108,381.987969955183,120.719806494989].
[541.205322907687,381.856831512262,121.045562687459].
[541.415045254165,381.777292025964,121.243143805784].
[541.461840634921,381.759544367648,121.287230112358].
[541.461840634921,381.759544367648,121.287230112358].
[541.461840634921,381.759544367648,121.287230112358].
[541.461840634921,381.759544367648,121.287230112358].
[541.461840634921,381.759544367648,121.287230112358].
[541.461840634921,381.759544367648,121.287230112358].
[541.439657379155,381.729035822881,121.309089030072].
[541.340238924245,381.592306011246,121.409754506541].
[541.176325602933,381.366876662466,121.583374542598].
[541.076907148022,381.230146850831,121.701294328637].
[541.054723892256,381.199638306064,121.735256513158].
[541.054723892256,381.199638306064,121.737957117019].
[541.054723892256,381.199638306064,121.737957117019].
[541.05452320028,381.199467734717,121.737957117019].
[541.031439210841,381.16819404096,121.759787550906].
[540.930532029509,381.030200725302,121.85762476786].
[540.765709703034,380.804001747226,122.018931068518].
[540.666084753999,380.667098221474,122.116768285471].
[540.643900203599,380.63658897546,122.138598719359].
[540.643900203599,380.63658897546,122.138598719359].
[540.643900203599,380.63658897546,122.138598719359].
[540.643900203599,380.63658897546,122.138598719359].
[540.643900203599,380.63658897546,122.138598719359].
[540.643900203599,380.63658897546,122.138598719359].
[540.643900203599,380.63658897546,122.138598719359].
[540.643900203599,380.63658897546,122.138598719359].
[540.643900203599,380.63658897546,122.138598719359].
[540.690478353168,380.618706825367,122.17996472942].
[540.89922713701,380.538564588742,122.365354324595].
[541.243395697162,380.406432378536,122.671010093525].
[541.452144481003,380.326290141911,122.8563996887].
[541.498722630573,380.308407991818,122.897765698761].
[541.498722630573,380.308407991818,122.897765698761].
[541.498722630573,380.308407991818,122.897765698761].
[541.498722630573,380.308407991818,122.897765698761].
[541.498722630573,380.308407991818,122.897765698761].
[541.451944944661,380.3261200813,122.853727704405].
[541.242301900976,380.405500159143,122.656363106419].
[540.896658955598,380.536375781952,122.330963895636].
[540.687015911912,380.615755859795,122.13359929765].
[540.640238226001,380.633467949277,122.089561303294].
[540.640238226001,380.633467949277,122.089561303294].
[540.640238226001,380.633467949277,122.089561303294].
[540.640238226001,380.633467949277,122.089561303294].
[540.640238226001,380.633467949277,122.089561303294].
[540.640238226001,380.633467949277,122.089561303294].
[540.640238226001,380.633467949277,122.089561303294].
[540.640238226001,380.633467949277,122.089561303294].
[540.640238226001,380.633467949277,122.089561303294].
[540.640238226001,380.633467949277,122.089561303294].
[540.640238226001,380.633467949277,122.089561303294].
[540.640238226001,380.633467949277,122.089561303294].
[540.640238226001,380.633467949277,122.089561303294].
[540.640238226001,380.633467949277,122.089561303294].
[540.640238226001,380.633467949277,122.089561303294].
[540.640238226001,380.633467949277,122.089561303294].
[540.640238226001,380.633467949277,122.089561303294].
[540.640238226001,380.633467949277,122.089561303294].
[540.593426050729,380.633467949277,122.067357950327].
[540.383628436457,380.633467949277,121.967849426009].
[540.037730647264,380.651193097947,121.781920494585].
[539.827933032991,380.712906554343,121.606277489719].
[539.78112085772,380.764440067165,121.520498419906].
[539.827933032991,380.730631703014,121.584418436266].
[540.037730647264,380.730631703014,121.683955013635].
[540.383628436457,380.764440067165,121.806331653772].
[540.593426050729,380.712906554343,121.969392469377].
[540.662622312743,380.681872404573,122.045843196387].
[540.762940829646,380.80164236909,121.969736768891].
[540.928338102308,381.02833348682,121.808218996655].
[541.02865661921,381.165828600008,121.710253515705].
[541.051040705953,381.196507906633,121.688394462252].
[541.073424653695,381.227187022747,121.666535544538].
[541.173742547644,381.364681282124,121.56857067193].
[541.33913879323,381.591370992157,121.40705390268].
[541.439456687179,381.728865251534,121.309089030072].
[541.439456687179,381.728865251534,121.309089030072].
[541.33913879323,381.591370992157,121.40705390268].
[541.173742547644,381.364681282124,121.56857067193].
[541.073424653695,381.227187022747,121.666535544538].
[541.051040705953,381.196507906633,121.688394462252].
[541.051040705953,381.196507906633,121.688394462252].
[541.051040705953,381.196507906633,121.688394462252].
[541.051040705953,381.196507906633,121.688394462252].
[541.051040705953,381.196507906633,121.688394462252].
[541.051040705953,381.196507906633,121.688394462252].
[541.051040705953,381.196507906633,121.688394462252].
[541.051040705953,381.196507906633,121.688394462252].
[541.051040705953,381.196507906633,121.688394462252].
[541.051040705953,381.196507906633,121.688394462252].
[541.051040705953,381.196507906633,121.688394462252].
[541.051040705953,381.196507906633,121.688394462252].
[541.051040705953,381.196507906633,121.688394462252].
[541.051040705953,381.196507906633,121.688394462252].
[541.051040705953,381.196507906633,121.688394462252].
[541.051040705953,381.196507906633,121.688394462252].
[541.004236927991,381.214244310196,121.64431607705].
[540.794476947847,381.293733356193,121.44677045985].
[540.448641206843,381.424788637114,121.121072798839].
[540.2388812267,381.504277683111,120.923527181639].
[540.192077448737,381.522014086674,120.879448796437].
[540.145239149559,381.522014086674,120.857212802332].
[539.935324456055,381.539763572135,120.735683088445].
[539.589233635844,381.619311247129,120.473343570764].
[539.379318942341,381.750463190926,120.212053879966].
[539.332480643162,381.83001086592,120.091781376039].
[539.332480643162,381.847760351381,120.069906473902].
[539.332480643162,381.847760351381,120.069906473902].
[539.332480643162,381.847760351381,120.069906473902].
[539.332480643162,381.847760351381,120.069906473902].
[539.332480643162,381.847760351381,120.069906473902].
[539.332480643162,381.847760351381,120.069906473902].
[539.332480643162,381.847760351381,120.069906473902].
[539.310079755501,381.817058526709,120.091781376039].
[539.209685942101,381.67946249464,120.18981788586].
[539.044164526503,381.452604989802,120.351452764909].
[538.943770713104,381.315008957733,120.44948927473].
[538.921369825442,381.284307133061,120.471364176867].
[538.921369825442,381.284307133061,120.471364176867].
[538.921369825442,381.284307133061,120.471364176867].
[538.921369825442,381.284307133061,120.471364176867].
[538.968216528231,381.266886612498,120.515467145897].
[539.178168884102,381.188654057629,120.713122940166].
[539.52432179906,381.059060873327,121.039002252455].
[539.734274154931,380.97910082851,121.236658046724].
[539.78112085772,380.959795639711,121.280761015754].
[539.78112085772,380.958926078121,121.280761015754].
[539.827933032991,380.941042425968,121.324831479485].
[540.037730647264,380.861603820901,121.522341595115].
[540.383628436457,380.730631703014,121.847980723933].
[540.638194085214,380.712551520687,122.007243295948].
[540.885642671337,380.969815744581,121.879900161497].
[541.216840730501,381.423539433611,121.597286916084].
[541.419290167954,381.700065403765,121.425873317901].
[541.46704737796,381.763957247635,121.387625774287].
[541.468860404562,381.765493845224,121.387625774287].
[541.469264945477,381.765836706491,121.387625774287].
[541.469264945477,381.765836706491,121.387625774287].
[541.469264945477,381.765836706491,121.387625774287].
[541.469264945477,381.765836706491,121.387625774287].
[541.446878719261,381.735156618446,121.40942729352].
[541.346550613901,381.59765800318,121.507134923984].
[541.158751129643,381.34028078131,121.690029263943].
[540.958094127076,381.065282465561,121.885445296035].
[540.77029351397,380.807903696616,122.068340735357].
[540.669964616763,380.670403996133,122.166049136985].
[540.647578213862,380.639723665944,122.187850828288].
[540.647578213862,380.639723665944,122.187850828288].
[540.647578213862,380.639723665944,122.187850828288].
[540.647578213862,380.639723665944,122.187850828288].
[540.647578213862,380.639723665944,122.187850828288].
[540.647578213862,380.639723665944,122.187850828288].
[540.647578213862,380.639723665944,122.187850828288].
[540.647578213862,380.639723665944,122.187850828288].
[540.741141725816,380.60435935888,122.27657119724].
[541.160464294723,380.445867530434,122.674188305089].
[541.851810333364,380.184558681642,123.329748088394].
[542.271132902271,380.026066853195,123.727365196242].
[542.364696414225,380.008378094232,123.794299806584].
[542.364696414225,380.100576412969,123.674877223536].
[542.387065728939,380.307050283761,123.415492537112].
[542.509463440457,380.574234109299,123.151111399033].
[542.774000351076,380.838036095866,123.01871907368].
[543.03788625435,381.024683608749,122.987142409302].
[543.159504358362,381.099625929999,122.984981627416].
[543.181426989178,381.112596313405,122.970650519774].
[543.156077567439,381.130802559598,122.902158579448].
[543.045297703548,381.240589426401,122.660201672301].
[542.864368074133,381.506976421565,122.236368832877].
[542.755011483878,381.81145507977,121.893255124103].
[542.730660436514,381.966230493631,121.751304954044].
[542.661928655511,381.984307937522,121.694020813506].
[542.353894183803,381.927882417345,121.605912922417].
[541.846031198189,381.83485246202,121.479348310626].
[541.537996726481,381.778426941844,121.404358306024].
[541.469264945477,381.765836706491,121.387625774287].
[541.469264945477,381.765836706491,121.387625774287].
[541.469264945477,381.765836706491,121.387625774287].
[541.469264945477,381.765836706491,121.387625774287].
[541.469062233372,381.765664901547,121.387625774287].
[541.468153740746,381.764894925211,121.387625774287].
[541.444472375518,381.733117165747,121.406714868309].
[541.344144270157,381.595618550481,121.49226625235].
[541.180026327812,381.37001933022,121.633316638956].
[541.102992941295,381.263970779334,121.699778928975].
[541.181137532544,381.370961111499,121.633316638956].
[541.346550613901,381.59765800318,121.49226625235].
[541.446878719261,381.735156618446,121.406714868309].
[541.469264945477,381.765836706491,121.387625774287].
[541.469264945477,381.765836706491,121.387625774287].
[541.469264945477,381.765836706491,121.387625774287].
[541.515833731447,381.748125165168,121.42910748589].
[541.724753901998,381.668747544003,121.617926602066].
[542.116332907242,381.537875971571,121.956948285055].
[542.53511986713,381.471261814092,122.251601326475].
[542.926409271852,381.510752148472,122.449956171277].
[543.133142246739,381.6534512003,122.474082581551].
[543.170773803219,381.927517988395,122.197666042662].
[543.156113535421,382.297831246012,121.709840070755].
[543.147221633522,382.514696158404,121.413958662189].
[543.145237582027,382.563085261037,121.347938596111].
[543.145237582027,382.563085261037,121.347938596111].
[543.145237582027,382.563085261037,121.347938596111].
[543.145237582027,382.563085261037,121.347938596111].
[543.145237582027,382.563085261037,121.347938596111].
[543.145237582027,382.563085261037,121.350907208125].
[543.12307567759,382.532601149711,121.386004810369].
[543.023752912697,382.395980841165,121.505610425224].
[542.859997357554,382.170732032454,121.679946044609].
[542.760674592662,382.034111723908,121.780585030766].
[542.738512688225,382.003627612582,121.80237823699].
[542.738512688225,382.003627612582,121.80237823699].
[542.738512688225,382.003627612582,121.80237823699].
[542.738512688225,382.003627612582,121.80237823699].
[542.738512688225,382.003627612582,121.80237823699].
[542.785251346083,382.003627612582,121.824960496816].
[542.994719478169,382.003627612582,121.926167163862].
[543.362442828541,382.01657474734,122.093028748557].
[543.672160901971,382.074599779675,122.194235415602].
[543.884183770509,382.170266884719,122.216817675428].
[543.984433711853,382.228291917053,122.216817675428].
[544.00680249732,382.241239051811,122.216817675428].
[544.00680249732,382.241239051811,122.216817675428].
[544.00680249732,382.241239051811,122.216817675428].
[544.00680249732,382.241239051811,122.216817675428].
[544.00680249732,382.241239051811,122.216817675428].
[544.029171106375,382.271895640796,122.195032604069].
[544.129420257096,382.409288940586,122.097398687859].
[544.29470316426,382.635812196402,121.936427573461].
[544.394952314981,382.773205496192,121.838793657251].
[544.417320924037,382.803862085177,121.817008585892].
[544.417320924037,382.803862085177,121.817008585892].
[544.439689356682,382.83451843239,121.795223686339].
[544.53993771679,382.97191064863,121.697590540117].
[544.705219320453,383.198432117974,121.536620695216].
[544.805467680562,383.335824334214,121.438987548994].
[544.827836113207,383.366480681427,121.417202649442].
[544.827836113207,383.366480681427,121.417202649442].
[544.827836113207,383.366480681427,121.417202649442].
[544.827836113207,383.366480681427,121.417202649442].
[544.827836113207,383.366480681427,121.417202649442].
[544.827836113207,383.366480681427,121.417202649442].
[544.827836113207,383.366480681427,121.417202649442].
[544.827836113207,383.366480681427,121.417202649442].
[544.827836113207,383.366480681427,121.417202649442].
[544.827836113207,383.366480681427,121.417202649442].
[544.827836113207,383.366480681427,121.417202649442].
[544.827836113207,383.366480681427,121.417202649442].
[544.827836113207,383.366480681427,121.417202649442].
[544.827836113207,383.366480681427,121.417202649442].
[544.827836113207,383.366480681427,121.417202649442].
[544.874514276349,383.366480681427,121.443192930943].
[545.083711289923,383.366480681427,121.563097008511].
[545.451217749248,383.379603377912,121.770484691733].
[545.761936192925,383.438624695792,121.912263089453].
[545.976675424604,383.53652782676,121.950173689108].
[546.102092759406,383.627532197605,121.919958758908].
[546.225983926587,383.778933798512,121.812669958872].
[546.391451892633,384.005578838179,121.66214600897].
[546.538312824772,384.125201729663,121.621412515508].
[546.769723415873,384.076443368972,121.803364191962].
[547.114387685601,383.945529818204,122.133514507193].
[547.323437132498,383.866126735891,122.333760795693].
[547.370082369063,383.848409513419,122.378441782116].
[547.414786647957,383.909675057348,122.335021754138].
[547.615137326069,384.184248175964,122.140426689316].
[547.945459750673,384.636942716989,121.819593666771].
[548.145810428785,384.911515835605,121.624998601949].
[548.168162675245,384.942148754227,121.603288484021].
[548.045635569329,384.77422993357,121.722295668538].
[547.780299329097,384.410596530137,121.980009410033].
[547.514962466613,384.046962273929,122.237723755905].
[547.392434615523,383.879042432041,122.356731664188].
[547.370082369063,383.848409513419,122.378441782116].
[547.393831414031,383.830473100978,122.41551902866].
[547.500267249293,383.74985609654,122.585464449016].
[547.675750274855,383.603819846819,122.876356432216].
[547.782186110118,383.465858025172,123.066654861127].
[547.759833649628,383.354777539445,123.088365186935].
[547.553221036497,383.298680724376,122.995365687915].
[547.212574426432,383.286215505715,122.86489252004].
[547.02831427379,383.316848717657,122.770535703766].
[547.082389546202,383.454137248804,122.65786985314].
[547.247553130705,383.68048777033,122.497451037814].
[547.347729908574,383.817776301477,122.400152107924].
[547.392434615523,383.879042432041,122.356731664188].
[547.514962466613,384.046962273929,122.237723755905].
[547.780299329097,384.410596530137,121.980009410033].
[548.045635569329,384.77422993357,121.722295668538].
[548.168162675245,384.942148754227,121.603288484021].
[548.190514707679,384.972781379534,121.581578573971].
[548.19026280208,384.972560323642,121.57789682869].
[548.189133839513,384.971569619867,121.561396391103].
[548.187021684828,384.969716130938,121.534191768677].
[548.140067158712,384.906473504277,121.557562379254].
[547.937623731287,384.630053112131,121.732570274752].
[547.606197708047,384.176372296631,122.027179686359].
[547.405608625941,383.901579156762,122.205869327139].
[547.360907115222,383.840313629186,122.245740375303].
[547.360907115222,383.840313629186,122.245740375303].
[547.360907115222,383.840313629186,122.245740375303].
[547.360907115222,383.840313629186,122.245740375303].
[547.360907115222,383.840313629186,122.245740375303].
[547.360907115222,383.840313629186,122.245740375303].
[547.360907115222,383.840313629186,122.245740375303].
[547.360907115222,383.840313629186,122.245740375303].
[547.360907115222,383.870946513675,122.223971898566].
[547.360907115222,384.008233577281,122.126412354296].
[547.35899940484,384.252333136893,121.921214858014].
[547.350449640069,384.46917671424,121.624896882995].
[547.313994267125,384.630976115157,121.27543115375].
[547.205237547399,384.710532628898,121.076672723001].
[547.038116498908,384.72828408655,121.032323722517].
[546.937909543952,384.72828408655,121.032323722517].
[546.846529883634,384.715393179508,121.009725985266].
[546.537201613693,384.657620142315,120.908449953214].
[546.027205515413,384.562368507021,120.741474004958].
[545.717877245473,384.504595469828,120.640197972906].
[545.648856779062,384.491704562786,120.617600235655].
[545.648856779062,384.491704562786,120.617600235655].
[545.648856779062,384.491704562786,120.617600235655].
[545.695517875297,384.473951220845,120.661974400442].
[545.904638400302,384.394386262303,120.860845609772].
[546.249419858019,384.263205822752,121.188728802723].
[546.434247190219,384.201394206152,121.343225847266].
[546.372033749773,384.263205822752,121.188728802723].
[546.19252998531,384.425041884215,120.83906122563].
[546.106023175657,384.672651188575,120.520774967646].
[546.181975180601,385.054308522742,120.217804699995].
[546.347251570415,385.418211812078,119.959209096614].
[546.447496768164,385.586255316159,119.839794646112].
[546.469864495192,385.61691069631,119.81801043377].
[546.514599420052,385.61691069631,119.81801043377].
[546.715087443861,385.61691069631,119.81801043377].
[547.045636313234,385.678220731339,119.777826801385].
[547.246124337043,385.952993245233,119.597736255318].
[547.291092831588,386.406016533494,119.300817141364].
[547.292139618295,386.680789047387,119.120726595297].
[547.295541013118,386.663221787971,119.165116673169].
[547.304097028133,386.309509451349,119.544149746066].
[547.316711222257,385.725744794677,120.16906963565].
[547.324220450565,385.37069824295,120.548102708547].
[547.301619506648,385.308661133049,120.588286340932].
[547.192819875008,385.388119202446,120.389343814103].
[546.99107205745,385.51946771109,120.061343038472].
[546.782028018627,385.59913460869,119.862400511642].
[546.592476453004,385.61691069631,119.81801043377].
[546.492232045821,385.61691069631,119.81801043377].
[546.469864495192,385.61691069631,119.81801043377].
[546.492232045821,385.647565834702,119.796226393225].
[546.592476453004,385.784952633386,119.698597096807].
[546.757751539394,386.011465170688,119.53763359916].
[546.857995946577,386.148851969372,119.440004302742].
[546.880363497206,386.179507107764,119.418220262197].
[546.880363497206,386.179507107764,119.418220262197].
[546.880363497206,386.179507107764,119.418220262197].
[546.880363497206,386.179507107764,119.418220262197].
[546.880131739685,386.179310211851,119.414879696084].
[546.879093074538,386.178427785587,119.399908317444].
[546.877380605217,386.176972910635,119.375224687029].
[546.87634194007,386.176090484371,119.360253308389].
[546.87611018255,386.175893588457,119.356912742276].
[546.87611018255,386.175893588457,119.356912742276].
[546.851824568733,386.193705316082,119.312651217589].
[546.742983998723,386.304198062579,119.092464026305].
[546.563536235832,386.573245938661,118.667619097141].
[546.454695665822,386.879666255593,118.308017591444].
[546.430410052005,387.03491400466,118.16596202653].
[546.430410052005,387.065580126134,118.144141226673].
[546.430410052005,387.065580126134,118.144141226673].
[546.430410052005,387.065580126134,118.144141226673].
[546.430410052005,387.065580126134,118.144141226673].
[546.430410052005,387.065580126134,118.144141226673].
[546.430410052005,387.065580126134,118.144141226673].
[546.430410052005,387.065580126134,118.144141226673].
[546.430410052005,387.065580126134,118.144141226673].
[546.430188073645,387.065580126134,118.140955270365].
[546.429193235652,387.065580126134,118.1266768048].
[546.380876024549,387.083241900908,118.059002618272].
[546.170689383385,387.162396483874,117.846933873661].
[545.825568429478,387.292900328484,117.517646877151].
[545.616376626306,387.37205491145,117.319856598104].
[545.569699625762,387.389716686224,117.275723621465].
[545.569911788975,387.389891175622,117.278740238352].
[545.570862638527,387.390673182848,117.292259777284].
[545.572430324409,387.391962494796,117.314549728691].
[545.573381173961,387.392744502022,117.328069267623].
[545.573593337174,387.392918991419,117.33108588451].
[545.551209830506,387.362241552913,117.333225766351].
[545.428721414296,387.212067900366,117.342816051407].
[545.163958181307,386.928531792822,117.378316617729].
[544.899808424988,386.67948477591,117.500947070196].
[544.778054671789,386.512102888597,117.759718609561].
[544.755882172766,386.367772746547,118.031212617639].
[544.755882172766,386.287927091189,118.162051048211].
[544.733497359952,386.239432966331,118.186851869837].
[544.586418345919,386.101943032334,118.185978594409].
[544.211464282901,385.875260453647,118.182064845464].
[543.765650619656,385.737770519651,118.175612164331].
[543.533714381471,385.724896944416,118.171698415387].
[543.533714381471,385.804691516988,118.171698415387].
[543.765650619656,385.936250526075,118.197412307079].
[544.258178047363,386.028918673881,118.302430746966].
[544.864864768135,386.11728246692,118.471300485271].
[545.457397086937,386.270057838721,118.576261563208].
[545.854699695943,386.422991683218,118.601935217589].
[546.024848620104,386.524833475639,118.584221530912].
[546.148378988082,386.675863833155,118.500960783298].
[546.314070947104,386.902753353135,118.363687017692].
[546.415230836288,387.040920854811,118.280426270078].
[546.438387253567,387.072237971273,118.261848286129].
[546.438611175173,387.072424858286,118.261848286129].
[546.485049052329,387.054425841286,118.303073605206].
[546.693169178828,386.973759843521,118.487832667132].
[547.036301258248,386.840764097182,118.792448862485].
[547.244421384747,386.760098099417,118.977207924411].
[547.290859261903,386.742099082417,119.018433243488].
[547.290859261903,386.742099082417,119.018433243488].
[547.290859261903,386.742099082417,119.018433243488].
[547.290626707807,386.741902102655,119.018433243488].
[547.267217895002,386.710364487821,119.036876546124].
[547.165259493119,386.571523653882,119.119533693968].
[546.998949360926,386.344130720437,119.255812291795].
[546.874191146389,386.255026250346,119.272387115095].
[546.742983998723,386.44163408402,118.994669986078].
[546.563536235832,386.799839630572,118.506383982871].
[546.385625343464,387.0042611027,118.187749976353].
[546.051788020846,386.995188801132,118.020948076971].
[545.541423534166,386.900304643596,117.854889571561].
[545.231871825366,386.842754492929,117.754169996723].
[545.162590288645,386.829739056601,117.731696421859].
[545.161643691548,386.828958068531,117.728708624165].
[545.160083016778,386.827670436888,117.715318243894].
[545.15913641968,386.826889448818,117.693241239118].
[545.158925205318,386.826715186825,117.679850858847].
[545.158925205318,386.826715186825,117.676863061153].
[545.158925205318,386.826715186825,117.676863061153].
[545.158925205318,386.826715186825,117.676863061153].
[545.158925205318,386.826715186825,117.676863061153].
[545.158925205318,386.826715186825,117.676863061153].
[545.158925205318,386.826715186825,117.676863061153].
[545.158925205318,386.826715186825,117.676863061153].
[545.158925205318,386.826715186825,117.676863061153].
[545.158925205318,386.826715186825,117.676863061153].
[545.158925205318,386.826715186825,117.676863061153].
[545.158925205318,386.826715186825,117.676863061153].
[545.181307763135,386.857392397927,117.65802211765].
[545.281619427868,386.99487811963,117.570566250193].
[545.447005403213,387.221553753419,117.417829922764].
[545.547317067946,387.359039475122,117.311100720786].
[545.569699625762,387.389716686224,117.278740238352].
[545.547317067946,387.359039475122,117.297581181854].
[545.447005403213,387.221553753419,117.395539971357].
[545.281619427868,386.99487811963,117.557046711261].
[545.181307763135,386.857392397927,117.655005500763].
[545.158925205318,386.826715186825,117.676863061153].
[545.158925205318,386.826715186825,117.676863061153].
[545.158925205318,386.826715186825,117.676863061153].
[545.158925205318,386.826715186825,117.676863061153].
[545.158925205318,386.826715186825,117.676863061153].
[545.136542508515,386.813875476522,117.676863061153].
[544.989502014054,386.756331887191,117.676436835717].
[544.614693717893,386.643620856176,117.674526625837].
[544.146712856409,386.493283126312,117.671377222176].
[543.814558325282,386.291044836028,117.669467012296].
[543.602380047821,386.116143948909,117.66904078686].
[543.502029507333,386.040711379269,117.66904078686].
[543.479638275162,386.027860224839,117.66904078686].
[543.479638275162,386.027860224839,117.66904078686].
[543.432867201138,386.027860224839,117.646740291162].
[543.223253789875,386.027860224839,117.546796403329].
[542.877659700103,386.027860224839,117.382016789583].
[542.66804628884,386.027860224839,117.282072901751].
[542.66804628884,386.027860224839,117.282072901751].
[542.877659700103,386.027860224839,117.382016789583].
[543.176482715851,386.045699810477,117.502622092963].
[543.223253789875,386.107811700812,117.448764767203].
[543.087273111365,386.177517509538,117.298460019065].
[543.013640378613,386.205602762423,117.228915428577].
[542.877659700103,386.257468985511,117.100484495107].
[542.924430774127,386.239629399873,117.144658805473].
[543.223253789875,386.12565128645,117.426890952535].
[543.432867201138,386.045699810477,117.624866476493].
[543.479638275162,386.027860224839,117.66904078686].
[543.479638275162,386.027860224839,117.66904078686].
[543.479638275162,386.027860224839,117.66904078686].
[543.479638275162,386.027860224839,117.66904078686].
[543.479638275162,386.027860224839,117.66904078686].
[543.479638275162,386.027860224839,117.66904078686].
[543.479638275162,386.027860224839,117.66904078686].
[543.479638275162,386.027860224839,117.66904078686].
[543.479638275162,386.027860224839,117.66904078686].
[543.479638275162,386.027860224839,117.66904078686].
[543.479638275162,386.027860224839,117.66904078686].
[543.479638275162,386.027860224839,117.66904078686].
[543.479638275162,386.027860224839,117.66904078686].
[543.479638275162,386.027860224839,117.66904078686].
[543.479638275162,386.027860224839,117.66904078686].
[543.479638275162,386.058549070561,117.647175034438].
[543.479638275162,386.196086935012,117.549179530793].
[543.479638275162,386.42284853766,117.387612259501].
[543.479638275162,386.52969755639,117.311482508278].
[543.479638275162,386.42284853766,117.387612259501].
[543.479638275162,386.196086935012,117.549179530793].
[543.479638275162,386.058549070561,117.647175034438].
[543.479638275162,386.027860224839,117.66904078686].
[543.479638275162,386.027860224839,117.66904078686].
[543.479638275162,386.027860224839,117.66904078686].
[543.479638275162,386.027860224839,117.66904078686].
[543.479638275162,386.027860224839,117.66904078686].
[543.479638275162,386.027860224839,117.66904078686].
[543.479638275162,386.027860224839,117.66904078686].
[543.479638275162,386.027860224839,117.66904078686].
[543.479638275162,386.027860224839,117.66904078686].
[543.479638275162,386.027860224839,117.66904078686].
[543.479440177785,386.027698110284,117.6662921874].
[543.478552366932,386.026971563254,117.653973819243].
[543.477088614295,386.025773689711,117.633664263642].
[543.476200803442,386.025047142681,117.621345895485].
[543.476002706064,386.024885028126,117.618597296025].
[543.476002706064,386.024885028126,117.618597296025].
[543.476002706064,386.024885028126,117.618597296025].
