[327.37057407913,270.789423289666,159.496331488831].
[327.756103404183,270.950375147823,159.554029002327].
[328.100499290572,271.112133247266,159.591258531658].
[328.250842339184,271.190658516682,159.601213048566].
[328.263720980663,271.198355209496,159.563939280385].
[328.220648638931,271.1718225512,159.396889840916].
[328.14963435294,271.128077593099,159.121471876806].
[328.05691595645,271.119018803954,158.920166401277].
[327.824807036944,271.191411016047,158.729367730692].
[327.457969553242,271.320526415466,158.476247958516].
[327.235471372245,271.398838863855,158.322723056112].
[327.185825317486,271.416312733006,158.288467020052].
[327.185825317486,271.416312733006,158.288467020052].
[327.185825317486,271.416312733006,158.288467020052].
[327.185825317486,271.416312733006,158.288467020052].
[327.163308550157,271.385165579554,158.312458214443].
[327.06239540012,271.245573722356,158.419979288129].
[326.89601774316,271.015425658177,158.597251569365].
[326.795104593122,270.875833800979,158.723606379333].
[326.777464390658,270.84768157275,158.83200452377].
[326.799319638113,270.861103896387,158.989918414367].
[326.840207825089,270.88323356687,159.158358632925].
[326.88382156372,270.882139129716,159.339756259941].
[326.974124455928,270.820074446766,159.541373459701].
[327.217962472751,270.712809286908,159.782173994651].
[327.588964686091,270.647749678735,159.963326824252].
[327.811044211738,270.633232917944,160.031934533879].
[327.811044211738,270.633232917944,160.031934533879].
[327.588964686091,270.633232917944,159.987343277745].
[327.200325367236,270.619610291405,159.913824725269].
[326.877443327397,270.558557914937,159.869233469135].
[326.661695437984,270.457899563226,159.859283815013].
[326.560892923791,270.396847186758,159.859283815013].
[326.538400842656,270.383224560219,159.859283815013].
[326.538400842656,270.383224560219,159.859283815013].
[326.538400842656,270.383224560219,159.859283815013].
[326.543246133443,270.386205330777,159.87796440056].
[326.564961220203,270.399564217609,159.961684976634].
[326.60076334564,270.421589298482,160.099716871203].
[326.622478432401,270.434948185314,160.183437447277].
[326.632147654713,270.440896586444,160.220716269652].
[326.65376701591,270.454196583943,160.30406778437].
[326.689411316574,270.47612457272,160.441491199631].
[326.711030677771,270.489424570219,160.52484271435].
[326.715854609297,270.492392200791,160.543440951177].
[326.693685064125,270.509922523416,160.528403634244].
[326.594328055834,270.591458162782,160.442354963258].
[326.430516042872,270.76539347365,160.242227416187].
[326.331159034581,271.005247468971,160.012759658177].
[326.30898948941,271.265824830312,159.874172470878].
[326.30898948941,271.408136697751,159.831292110438].
[326.30898948941,271.470320837029,159.801824547119].
[326.30898948941,271.609669131002,159.693984359065].
[326.286858799145,271.856982801075,159.50129417027].
[326.187675926468,272.078009866658,159.326713668389].
[326.024151014595,272.25212024698,159.19261509494].
[325.924968141918,272.352634984315,159.125874781114].
[325.902837451653,272.383414898806,159.110983004201].
[325.902837451653,272.38636305976,159.110983004201].
[325.902837451653,272.38636305976,159.110983004201].
[325.902837451653,272.38636305976,159.110983004201].
[325.925291927803,272.417452093104,159.086900814807].
[326.025925908141,272.556783474053,158.978971929809].
[326.19184329208,272.786502085498,158.80102728139].
[326.292477272418,272.925833466446,158.693098396392].
[326.337387304166,272.988013027673,158.644932859905].
[326.438026122263,273.127351106672,158.536998786462].
[326.603951482317,273.357080761337,158.359045583743].
[326.704590300413,273.496418840336,158.2511115103].
[326.727045856012,273.527509368218,158.227028163207].
[326.727045856012,273.527509368218,158.227028163207].
[326.727045856012,273.527509368218,158.227028163207].
[326.749502491139,273.558601390745,158.221511181972].
[326.850146147343,273.697946168278,158.196785787468].
[327.02087747756,273.930585746956,158.156020503622].
[327.143024248672,274.08292240329,158.112727585478].
[327.223379640344,274.16651585049,158.018465815434].
[327.345479257287,274.318805069139,157.856481473221].
[327.516132843423,274.551366436298,157.732399319538].
[327.616729345458,274.690663776148,157.689043927475].
[327.639175459067,274.721745213896,157.683513006424].
[327.643940915485,274.724619387345,157.683513006424].
[327.665298209426,274.737500539076,157.683513006424].
[327.722946106566,274.789808912676,157.677874240497].
[327.844853107996,274.941940377893,157.652603044871].
[328.015397005914,275.174399505136,157.610937887107].
[328.138383491986,275.344722295403,157.561553154364].
[328.26137382967,275.51505041973,157.447845012692].
[328.427160445301,275.744646693799,157.269668734191].
[328.52771511065,275.883903873378,157.161599358447].
[328.550151889234,275.946050359086,157.113371095204].
[328.523289969,276.102981930098,156.972078896258].
[328.402903194681,276.411769878219,156.645023350359].
[328.204418959151,276.681580256512,156.291502716017].
[328.084032184832,276.791834618379,156.118517508148].
[328.034729021104,276.778421363781,156.100320180907].
[327.934154345408,276.639126974312,156.17300949913].
[327.696567972441,276.396051288622,156.311803852463].
[327.247053940419,276.162632949669,156.435527285183].
[326.52705555351,275.817891395469,156.546659127101].
[325.802426233073,275.227903568542,156.768134442935].
[325.231591193659,274.540461983629,157.148829989695].
[324.751960336023,273.883913451255,157.593611162294].
[324.129419385646,273.039098755591,158.149766935787].
[323.436747432803,272.108425447786,158.714406536085].
[322.83448535031,271.291750964962,159.252162818282].
[322.19323929054,270.325493106213,159.977980833274].
[321.379461559614,268.910692879012,161.047145691362].
[320.4771258077,267.257319497808,162.245432319714].
[319.535728485925,265.470996295176,163.556907401201].
[318.598511189622,263.271483804738,165.283061877504].
[317.345225269795,260.880317834296,167.076450160371].
[315.862080032566,258.486505237354,168.727951676718].
[314.584693353427,256.003215095454,170.526850608432].
[313.583468097656,253.478757146894,172.461978184776].
[312.486796603933,251.262843004663,173.987375176355].
[311.215144915533,249.355256178333,175.180671263695].
[309.740368793731,247.36071328525,176.386328602619].
[308.286247512308,245.418325875615,177.493101471425].
[307.118308358707,243.872304249532,178.271859407221].
[306.215259588364,242.679158425515,178.825620136117].
[305.535005122893,241.812718539423,179.274256744834].
[305.039097659853,241.313369564898,179.554370346564].
[304.586429529908,241.025343309352,179.560626528918].
[304.157030417184,240.960915887344,179.308988952088].
[303.74621331518,241.228815166152,178.936674584672].
[303.575099459011,241.783168411944,178.588716098072].
[303.848021726319,242.420430051054,178.306115385007].
[304.671424573229,243.207991998769,178.006542935091].
[305.797115649116,244.022435220389,177.750700745265].
[306.943996055783,244.740995367004,177.592453941049].
[308.291421880283,245.386898207083,177.458497885191].
[309.848747837005,246.006392623145,177.275220844468].
[311.605761011172,246.753800624729,177.132510012605].
[313.845287531854,247.731796434663,177.106573870338].
[316.950458811577,248.871672632251,177.154954901542].
[320.789688566206,249.911874561892,177.311841650458].
[325.279518960678,251.007145127393,177.596852833775].
[330.660017766604,252.454837860563,177.925289572603].
[336.96252351145,254.038089620884,178.493429584147].
[343.961892133607,255.337157861573,179.552268412851].
[351.11737731748,256.536688347187,180.968598430934].
[357.980753764616,258.077295087029,182.680623237636].
[364.308868711407,259.841564879628,184.433378304394].
[369.73241900013,261.164147343579,185.359198082545].
[374.105526626852,261.935277256572,185.558497311194].
[377.502154414199,262.313051291647,185.582194322707].
[380.309936001075,262.37013407368,185.7558631285].
[382.52894472048,262.049761226142,186.313288155963].
[384.222290370675,261.28775904545,187.306769155949].
[385.609331092623,260.250151305095,188.505858690043].
[386.778328105182,259.197347113636,189.656466456814].
[387.946645896579,258.55393321828,190.432770193826].
[389.11306111838,258.313671519746,190.91181992502].
[389.942299476168,258.175176526025,191.242853490559].
[390.672212953881,257.996421627617,191.537314503043].
[391.569776729414,257.862453122113,191.795986188314].
[392.560553116021,257.826616217588,191.928162357099].
[393.378954350527,257.885194216023,191.951303232017].
[393.912209460931,258.0223714726,191.922988316701].
[394.255549155733,258.154736487053,191.849131624669].
[394.641398946088,258.178814464024,191.706600164837].
[395.32308862365,257.969083872381,191.128156642295].
[396.180907881447,257.421949239586,189.285697681377].
[396.957159347945,256.765535827849,186.404249614654].
[397.709821575172,256.368979283317,184.665530954222].
[398.650298368089,256.185224556504,184.343217369197].
[399.85582049453,255.947125838527,184.681402248197].
[401.100740451697,255.444149689665,185.441930975107].
[402.175402963067,254.595181613803,186.51827290462].
[403.333321736766,253.549436908792,187.773883341668].
[404.783267558995,252.692355054712,188.866385124143].
[406.571474115641,252.369904459532,189.53753435696].
[408.880231468584,252.881000895658,189.943637754181].
[412.605291931658,254.798688275735,190.578002354008].
[417.983927933579,257.545884058581,192.05410717791].
[422.550588866364,259.084228273465,194.61371209272].
[425.45492559125,259.199784956124,197.256811616272].
[427.350574213077,258.629429692507,199.134807912649].
[428.712554870028,257.910818267862,200.389458846639].
[429.807205806585,257.451720959954,201.220364269622].
[431.064144525902,257.331432251314,201.835427925486].
[432.781698119973,257.48572723504,202.331909871415].
[434.988902565977,257.982575220145,202.674457828459].
[437.692694144318,258.735570689659,203.04088118286].
[440.331510054773,259.360436323589,203.55879588597].
[442.417327376373,259.400570898336,204.335430437347].
[444.435006253897,258.423738336634,205.889728107348].
[446.446890263146,256.649534631126,208.123364158375].
[448.371977367793,255.40099027484,209.761026310168].
[449.907434784593,254.982755715568,210.715799736019].
[451.629538199544,254.955410202383,211.43683225754].
[453.589985994216,255.052012127041,212.114024843255].
[455.073400674338,255.206290803883,212.677394552651].
[456.025133761116,255.386937869551,212.977776471326].
[456.69495462437,255.476600301157,213.146723415147].
[457.186604613345,255.44163917421,213.418167875931].
[457.606762648513,255.345442806499,213.819591512882].
[457.861736762345,255.257175967842,214.149175439468].
[458.10781899158,255.118373125408,214.535718478948].
[458.631360569102,254.917135616589,215.090233751846].
[459.330338575049,254.85823106091,215.537043102199].
[460.004002671961,255.111469448852,215.840641229352].
[460.975925345893,255.585615080047,216.069288064538].
[462.27465344202,255.901159972148,216.396650937948].
[463.472313412586,256.001726052526,216.978945157135].
[464.495221076224,256.036674822053,217.679158838059].
[465.281274732717,256.116251419432,218.09112011355].
[465.909920533983,256.256175217182,218.232932544464].
[466.231386086107,256.395731775129,218.271149413983].
[466.254155722911,256.502924539667,218.273064150753].
[466.012252031781,256.500501778953,218.23780378262].
[465.500827490418,256.385219821774,218.148744960541].
[464.85116161419,256.207232386325,217.983987961805].
[464.08974788809,255.929291226694,217.723175820869].
[463.296955296839,255.605188122301,217.492161294076].
[462.640692135595,255.33157351178,217.5235120043].
[462.130282573896,254.919069616876,217.80998094607].
[461.479964467793,254.13719549338,218.22289350116].
[460.526649775436,252.963187849092,218.852306099148].
[459.163259631005,251.556855529816,219.536061419994].
[457.484425249103,250.224593888458,219.975056829436].
[455.905279182869,249.028853265371,220.369681549469].
[454.542948234631,247.609149690651,221.14845229189].
[453.093437962345,245.704553717535,222.416754832898].
[451.537306715113,243.572293414459,223.829996287433].
[450.039430780205,241.68290726772,224.892455137605].
[448.433627788303,240.3894543739,225.304714346918].
[446.449531602238,239.653464228248,225.227600645831].
[444.544239232082,239.255797567573,224.839861492211].
[442.93362614879,239.049991725856,224.160437966302].
[441.113174636918,238.975887202566,223.248692234386].
[439.194856030165,238.962848214379,222.433494662953].
[437.164872386107,238.930584713569,221.631674905855].
[434.861496928788,238.783165783713,220.782012565372].
[432.174548409388,238.47988478423,219.934151013593].
[429.200060163143,238.107911764944,219.098566303595].
[426.152883074732,237.683226656785,218.412217560896].
[423.078383804549,237.09418457791,217.927775423514].
[420.19523359313,236.161633446907,217.676533302101].
[417.494119245261,234.95576550132,217.624926307903].
[414.606737945897,233.577459902414,217.710426964333].
[411.580104986954,231.934127644752,217.971593211269].
[408.7531415049,230.04114957835,218.501787540519].
[406.168487268556,228.028610156861,219.260168603201].
[403.799127232235,225.941777188757,220.195583409171].
[401.5945684785,223.840224725521,221.231505370434].
[399.396461720109,221.906349595075,222.098825389433].
[397.359639694106,220.195646295617,222.781742279523].
[395.542105780735,218.626842840851,223.429737482186].
[393.763217808276,217.281249555259,223.886416471014].
[392.204506498604,216.27093005403,224.063734180821].
[391.095618594724,215.628590574817,224.087579621033].
[390.387843144317,215.411642769061,223.989095093255].
[389.974046911271,215.604634297969,223.575551452726].
[389.671216846395,216.163665722039,222.758974971104].
[389.386138050477,216.844637283977,221.907091147346].
[389.04698487437,217.338155243476,221.370541817911].
[388.720941691197,217.516246913658,221.090162153864].
[388.479758198417,217.475705656252,220.951101994353].
[388.284353894181,217.351886585911,220.901156300418].
[388.12514057818,217.203880214988,220.954513856586].
[387.827224901957,216.820355844923,221.140908286221].
[387.217828946697,215.989057974858,221.548680558995].
[386.46329549682,214.843590939717,222.142484919848].
[385.818209918851,213.515968430232,222.853510831013].
[385.315345719262,212.114024646874,223.714268854391].
[384.780216817575,210.907965191532,224.482935759067].
[384.249635794286,210.100770684542,224.817965247215].
[383.780481416842,209.71797788123,224.744374332558].
[383.240413942797,209.52643781903,224.374980252987].
[382.598700077365,209.361060564937,223.877271769779].
[382.222348817124,209.260067514397,223.462216087217].
[382.145148634661,209.252740828663,223.118604949057].
[382.22275027353,209.376619925941,222.753718723805].
[382.442445153987,209.704899250464,222.338956205071].
[382.811809606176,210.201393576671,222.001528639917].
[383.378881557326,210.728399416543,221.793329332457].
[384.255122511709,211.121434036922,221.643434691409].
[385.202519465134,211.284637542425,221.573413144843].
[385.618984063359,211.28612664574,221.590639115315].
[385.363351947282,211.15812014849,221.650571306077].
[384.616725119098,210.83081618261,221.703911596903].
[383.646630702943,210.250589124864,221.776838950348].
[382.530299289767,209.448679526628,221.913743931641].
[381.506573217491,208.620560431209,222.077441744014].
[380.647166898733,208.065426657593,222.16529409247].
[380.014786018399,207.925286987951,222.15188332988].
[379.736047689932,208.185344705027,222.00954754343].
[379.706938236925,208.698883252602,221.753102615776].
[379.809461627771,209.131675315978,221.513187510886].
[380.001369695156,209.459564408871,221.29877458213].
[380.206414287692,209.740167726594,221.103618028839].
[380.398319234234,210.00278945205,220.920967477252].
[380.500840435923,210.143089612983,220.8233902424].
[380.526334705969,210.176981849788,220.813251836968].
[380.538070895696,210.188576156114,220.865391891007].
[380.557420601337,210.207691935574,220.951356307156].
[380.569156791064,210.2192862419,221.003496361194].
[380.571775488957,210.221873281327,221.015130379802].
[380.571775488957,210.221873281327,221.015130379802].
[380.571775488957,210.221873281327,221.015130379802].
[380.47158780765,210.252411646704,220.936213958247].
[380.022577771354,210.38927510504,220.582535094295].
[379.282285373754,210.614924799981,219.999417228299].
[378.810401083886,210.720481732847,219.667575437218].
[378.584823410024,210.579406848269,219.708363485855].
[378.313286972699,210.20777232193,219.967587724614].
[378.041749236474,209.836136017872,220.226813203375].
[377.916357688436,209.664520639027,220.346519158521].
[377.85046740942,209.573280787095,220.377570172596].
[377.657684960581,209.304680993289,220.418862280726].
[377.191126746058,208.827170711088,220.518257020195].
[376.328997168492,208.400435472501,220.699895742437].
[375.128522001928,208.009228247986,220.940501705094].
[374.189878636493,207.489765969584,221.124564289086].
[373.435993836639,206.633104076928,221.382917985876].
[372.625257125438,205.529854568928,221.887314609438].
[371.711144795858,204.371983549526,222.502789098875].
[370.648072696141,203.301542839384,223.021920926164].
[369.50141582944,202.403852167489,223.337847868136].
[368.511752175361,201.625412382212,223.59657661138].
[367.656774876167,200.8089719842,224.029201219952].
[366.938367495652,199.894408412479,224.729600318922].
[366.130959118011,198.896960528347,225.385061573526].
[365.049231022764,197.860872117536,225.870014103562].
[364.012194890114,196.787454758158,226.385913710775].
[363.170867448897,195.779772239526,226.891210780305].
[362.386038577799,194.920495378966,227.274809773681].
[361.512954405668,194.08452288135,227.631899044052].
[360.629100982922,193.223548726607,228.028676241794].
[359.729120004679,192.434718870553,228.253995109992].
[358.872683093466,191.85256503478,228.323595575292].
[358.118922580014,191.49817328356,228.412087342235].
[357.632995240215,191.213852736464,228.570202922428].
[357.216777972999,190.811481565419,228.723068116807].
[356.638441695187,190.388445144306,228.876197993759].
[356.005271258568,190.134081507321,228.992409776133].
[355.635249473921,190.097897962547,228.951538210762].
[355.425791974084,190.28840654157,228.652152780578].
[355.220143718423,190.620792400378,228.21676579638].
[355.072255967682,190.867415034861,227.901846930149].
[354.915481207612,191.11416609463,227.546818623724].
[354.699342244749,191.446824505533,227.049004680656].
[354.546278653811,191.693649382519,226.708870277136].
[354.418570618652,191.940602842818,226.448359198741].
[354.256242786044,192.280527023315,226.067710849988].
[354.157785978643,192.545243169786,225.734259941983].
[354.13581729544,192.782889889397,225.597641490086].
[354.129594937842,193.060266034715,225.530491694863].
[354.101708265803,193.301035622912,225.306001140972].
[354.032743234566,193.574688427956,224.87363985194].
[353.872599189263,193.88224263043,224.463550073863].
[353.565503069591,194.098428703583,224.117172934643].
[353.246469751283,194.231299519161,223.76096138748].
[353.092465578308,194.292811013396,223.558233349177].
[353.063231847668,194.306536082956,223.512998609524].
[353.010967084947,194.320272546013,223.467726319467].
[352.724424502174,194.381835102362,223.26351174453].
[352.103808298441,194.483334598493,222.92308427861].
[351.437029898626,194.495655825194,222.710447347085].
[350.944017139358,194.288707959357,222.659267082065].
[350.528527706505,193.893365527048,222.679945272635].
[350.203768082799,193.507321788734,222.831047742195].
[349.873185977331,193.053937166017,223.241153949047].
[349.443235718517,192.444515515385,223.783727556427].
[348.878540559935,191.757227557406,224.167529971847].
[348.013610412506,191.063103287141,224.432201712923].
[346.510741100425,190.035695891552,224.769032507699].
[344.740208244334,188.630768555499,225.229139970834].
[343.40030706169,187.265940077028,225.875209343161].
[342.405564589452,185.992209049938,226.614617142838].
[341.224057116593,184.556922512063,227.282674239835].
[339.466899171987,182.942211126637,227.895407994381].
[337.328855465806,181.304730900335,228.644168913105].
[335.389975329291,179.43023866988,229.518383799427].
[333.721977997073,177.497514529894,230.406364330303].
[331.895163140041,175.786285444701,231.045423743706].
[329.757870117107,174.161364650844,231.555546647379].
[327.975469226482,172.511160944448,232.213431332576].
[326.611654594802,170.826034592666,233.124405980433].
[325.555809854731,169.401075891019,233.849107146168].
[324.742926969412,168.452982477545,234.130121471278].
[324.01054586123,168.063570430276,234.15649796958].
[323.239039736963,168.026308236239,234.083504435736].
[322.851593785342,168.248779290536,233.824721903929].
[323.018921686445,168.867894038662,233.290498428715].
[323.70666773933,169.948014234743,232.644244924954].
[324.820179293251,171.472131350697,231.900550322756].
[326.256672669066,173.405692461784,230.859662211115].
[327.909061100565,175.636276239596,229.594855013645].
[329.740337609161,178.112007713125,228.154617396155].
[331.539224380906,180.542776277552,226.752197305101].
[333.124470654508,182.678914901464,225.578808584639].
[334.482522498366,184.514463256789,224.515194007283].
[335.766183842733,186.248686387283,223.51802439561].
[336.839705645516,187.687872702834,222.801143324392].
[337.565624989119,188.663197873112,222.293875657057].
[338.033910897388,189.300031304163,221.886175165294].
[338.420631937305,189.829279183225,221.51442645652].
[338.581131228174,190.048930819717,221.360141072532].
[338.420631937305,189.829279183225,221.51442645652].
[338.080010405596,189.363120881472,221.841860450339].
[337.827313495048,189.017292001871,222.084773921577].
[337.574611721497,188.671456466995,222.327692067544].
[337.18787896421,188.142192552103,222.699452040037].
[336.774665380022,187.576688246782,223.096667605043].
[336.387923698498,187.047412118607,223.468436156261].
[336.135211474518,186.701562281777,223.711364348056].
[335.882494387092,186.355705789067,223.954297215003].
[335.541841892269,185.88950511268,224.281760973164].
[335.289122011052,185.571102495884,224.480377782434].
[334.931006214347,185.348292394678,224.523937502182].
[334.118013472497,185.057506373711,224.520541812813].
[333.086506566376,184.739042543712,224.514943267522].
[332.361269573323,184.340565809497,224.511547578153].
[331.914917407847,183.953791618028,224.510789897441].
[331.708114038645,183.766381278385,224.510789897441].
[331.638897410551,183.699116323209,224.53296773097].
[331.512420465088,183.52603317336,224.654540054916].
[331.215457167541,183.11964019209,224.939987478373].
[330.8150853307,182.571733074495,225.324833384232].
[330.391634863748,181.992242951957,225.731862959104].
[329.968177975902,181.412744042452,226.138898705877].
[329.521639658691,180.801658297238,226.568120812365].
[328.994754566113,180.080618339342,227.074573944375].
[328.400773965642,179.267758470678,227.645520702404].
[327.84105548367,178.506129198257,228.138838506582].
[327.270488947629,177.744775512253,228.486967931638].
[326.707897578821,177.006969333771,228.697416077462].
[326.307672240108,176.478763705243,228.88143049171].
[325.977499643779,176.031346821688,229.153282235383].
[325.703218357678,175.656073917379,229.416105540655].
[325.576559947585,175.527866106256,229.471052287657].
[325.553454149203,175.729943488235,229.194777942585].
[325.62277036729,176.222955605708,228.696951793451].
[325.961382565823,176.776025261984,228.358679823011].
[326.645044609822,177.321691061064,228.152936481374].
[327.397122658342,178.020370770236,227.878660161348].
[328.080967098683,178.860022629019,227.558012089662].
[328.671423471646,179.649947332537,227.245447445241].
[329.261285764904,180.449650062065,226.774280944097].
[329.942335056329,181.389063971339,226.043476883911].
[330.60961130877,182.315841030294,225.261987429042].
[331.159579609675,183.068460510704,224.733446543804].
[331.636179463107,183.707071002628,224.415437828066].
[332.057624956112,184.274272204894,224.10856717314].
[332.359280990029,184.684958118948,223.840519747123].
[332.485754100068,184.858036020034,223.718951109869].
[332.508825959595,184.889609759464,223.696773948884].
[332.508825959595,184.889609759464,223.696773948884].
[332.504166248762,184.885351964034,223.696773948884].
[332.455499306857,184.830384768935,223.696773948884].
[332.273450828167,184.606491965216,223.706298675932].
[331.943744729099,184.1806049669,223.748985541041].
[331.643878251441,183.781983306166,223.819364283526].
[331.512566294359,183.604450211405,223.862051148635].
[331.489465988054,183.572844267155,223.871575875683].
[331.448004240423,183.513974121589,223.91584760543].
[331.262185579227,183.25013643364,224.114259732762].
[330.955822400019,182.815141625506,224.458887894455].
[330.770003738823,182.551303937556,224.73573794782].
[330.723801949524,182.488090439105,224.909331954646].
[330.661123562019,182.409784604219,224.987769880679].
[330.440400365926,182.113987496506,225.040872684179].
[330.098612423334,181.646553860453,225.200425012194].
[329.797468978067,181.25609284913,225.463482329183].
[329.442453539054,180.816148787652,225.623034657198].
[329.01304529397,180.257776849146,225.680731108342].
[328.664531872839,179.787516860326,225.801852265195].
[328.343676518742,179.316971976337,226.086240698239].
[328.045949480274,178.76789158851,226.469659708723].
[327.812522997011,178.205384512946,226.884921159553].
[327.605240697692,177.697279633481,227.312003293812].
[327.479768351722,177.242311977074,227.681928049438].
[327.443413900712,176.836567301731,227.915941314769].
[327.493649120747,176.581138354809,228.109668175266].
[327.732009580663,176.442093295898,228.339303355068].
[328.201271690126,176.400775196657,228.565913875072].
[328.804591415904,176.501286806832,228.682181458084].
[329.5481536292,176.810212576556,228.713192053878].
[330.240748793152,177.286247149027,228.704889661114].
[330.956157076211,177.793750002235,228.620864125591].
[331.749499262631,178.244071402705,228.47188319946].
[332.284896501206,178.591355103697,228.380530009916].
[332.487814279826,178.782991170445,228.338129588516].
[332.614545836072,178.956330532946,228.239457272894].
[332.808491808588,179.194875163019,228.076774127298].
[333.06869245665,179.362737537588,228.001760438445].
[333.553002854402,179.458557349271,228.131410673509].
[334.289793237402,179.552619254867,228.522130882214].
[334.989111077947,179.670572344746,229.021735507012].
[335.440281938944,179.839216656331,229.369263209968].
[335.816656143409,180.085835699164,229.594977548266].
[336.420112623837,180.361046971096,229.90869114284].
[337.458750604677,180.71772510466,230.351450425126].
[338.60033828837,181.224808762915,230.728020549774].
[339.501323152497,181.952219809284,230.934998796768].
[340.379032806897,182.852808171884,230.997436903072].
[341.620530302172,183.746182101696,230.956900628847].
[343.396082668358,184.805814701705,230.849855396573].
[345.447248640459,186.359623449561,230.653646913904].
[347.881649587331,188.394071154975,230.280102883655].
[350.775718286904,190.83783839999,229.69428099081].
[354.008755377361,193.658834175956,228.870524350283].
[357.394580600776,196.692984558495,227.879909885956].
[361.009828244248,199.962758932236,226.718554193892].
[364.954525405043,203.397487676287,225.499425758265].
[369.158228772815,206.86707418186,224.30629007897].
[373.590066061436,210.607623372492,222.903002277985].
[378.368069268572,214.78808899647,221.230969820168].
[383.394918905685,219.268659227686,219.32335943165].
[388.707338695012,223.824497997492,217.397457467328].
[394.289948604908,228.470466260133,215.428732124993].
[400.039047008635,233.275612516753,213.243465731399].
[406.068271988637,238.482066771106,210.592540180435].
[412.202504577017,243.926535784634,207.640709792472].
[418.108724647612,249.4349505468,204.493967498435].
[423.737151593293,255.095849151691,201.042371357295].
[429.23378809693,260.746442944417,197.496496230796].
[434.550317729883,266.200778740572,194.042593740418].
[439.659710287199,271.479966471749,190.723816931634].
[444.82841528851,276.440194840862,187.824484457175].
[449.820672807092,281.158631320051,185.115321409959].
[454.482684561066,285.823756849039,182.307964991162].
[458.92963871696,290.085261272427,179.832062892604].
[463.009045087901,293.878780083612,177.684877459163].
[466.719669496967,297.372669661848,175.679640406187].
[470.119008745416,300.606395381123,173.787116157769].
[473.076692900446,303.604839323693,171.923486988585].
[475.370250770684,306.300508407902,170.085222870098].
[477.015475981255,308.537458519351,168.45745912823].
[478.063563015079,310.273287715388,167.12828440179].
[478.639185982356,311.628652182104,165.961869866155].
[479.014693057845,312.693554921403,164.868884934896].
[479.243868577817,313.446652656988,164.098212076401].
[479.476183075181,314.019956628981,163.70226805056].
[479.821327809995,314.438094123334,163.480538292578].
[480.202111718119,314.752486974592,163.392332171441].
[480.831134279358,315.066817602543,163.44214213404].
[481.917441694054,315.386557717663,163.605052819797].
[483.24664321343,315.645077231213,163.855781868138].
[484.570546899922,315.920282625624,164.154320463709].
[485.875758110838,316.245689050602,164.351748300131].
[486.878966614106,316.499941110987,164.469950198319].
[487.434159103374,316.670990089971,164.586217217595].
[487.929594644336,316.892292707358,164.63232841096].
[488.632752377659,317.220761691211,164.587386436193].
[489.459022336684,317.603071414709,164.592592956447].
[490.354902131972,317.952669407674,164.750498738963].
[491.414360946433,318.315609721017,164.82682526778].
[492.587831826868,318.78504163566,164.73691902187].
[493.512311514787,319.320362294271,164.551142250791].
[494.091198703127,319.90474447323,164.31192312613].
[494.499920274896,320.572009023389,163.925411237671].
[494.852932442636,321.319134917937,163.346258458993].
[495.14075176889,322.218888180443,162.434737855912].
[495.337778632547,323.408351690151,161.147057770801].
[495.583463402322,324.504770005085,160.096043327037].
[496.002339513562,325.390351537874,159.399695357563].
[496.466723819594,326.091473666758,158.89306258473].
[496.894564069547,326.685637947311,158.463198119382].
[497.28301765772,327.218310001088,158.076940014912].
[497.570780945255,327.613053404064,157.787241081362].
[497.743208597431,327.716368151588,157.765781981004].
[497.989727208824,327.426573618591,158.228284195915].
[498.359397311622,326.811432101806,159.092056781857].
[498.561168773037,326.264348382169,159.722374560644].
[498.510564843505,325.924453129875,159.934931234533].
[498.274653049404,325.666532849489,159.975623644527].
[497.813100007497,325.51468842505,159.99926302439].
[497.016544036686,325.377080010103,160.02238374943].
[496.151685097136,325.075055421384,160.029354623014].
[495.537655652985,324.683635507089,160.027846618452].
[495.24366395012,324.424704449539,160.03425154205].
[494.952335192131,324.162520363513,160.090643641178].
[494.420220391888,323.695801127624,160.335770980972].
[493.888507891772,323.096388126871,160.848274951589].
[493.643014699983,322.522670039171,161.363657046874].
[493.553664705325,322.169449919304,161.650472219289].
[493.353934515569,321.833804421841,161.902297338894].
[493.024635103316,321.381661231903,162.244233651738].
[492.802519755785,321.076726334726,162.47389332499].
[492.635130150495,320.847154292285,162.641247170846].
[492.346615393376,320.45167450641,162.92443087752].
[491.957845097359,319.91869163532,163.307954682898].
[491.569747468985,319.386375544829,163.697122383419].
[491.282039377651,318.991695790295,163.987063768573].
[491.159448109835,318.823545581763,164.110081670481].
[491.13706329968,318.792849868549,164.132346140572].
[491.089733556803,318.792849868549,164.118338426105].
[490.87761636545,318.779486615593,164.055560205276].
[490.527894240186,318.719456013283,163.952056417259].
[490.293677982144,318.607173519775,163.88927819643].
[490.147307093626,318.488384368827,163.875270481962].
[489.915039285485,318.375572750064,163.865261622652].
[489.506704984885,318.302230636888,163.820405027273].
[488.904875520725,318.254231382283,163.746449004341].
[488.261451307229,318.164309870923,163.701592408962].
[487.486973988156,317.909856674117,163.70013599441].
[486.479979604244,317.451586573502,163.738465392611].
[485.035482160846,316.897055886571,163.807578225931].
[483.291913265108,316.233300806722,163.862113732062].
[481.507052002605,315.355443393571,163.874473584501].
[479.808409907559,314.537060255525,163.853075781711].
[478.479852164437,313.895719653059,163.859441444154].
[477.375606554817,313.42316220309,163.877442074192].
[476.436915711619,313.10223076537,163.886572686734].
[475.976432186212,312.963529271241,163.899174574896].
[475.884319427952,312.936714991341,163.919951575959].
[475.790109042504,312.973059760776,163.864036339294].
[475.367887387728,313.131546071369,163.559775751146].
[474.624921730498,313.408029425728,163.021425248205].
[473.945543269633,313.661827110867,162.535734327496].
[473.24631682758,313.924597354488,162.039309880639].
[472.42854001315,314.230340420259,161.448373142756].
[471.562346479226,314.539895472378,160.816116851282].
[470.673627789352,314.799700978777,160.208471871475].
[469.659500033695,315.01038247515,159.648053005323].
[468.41440640513,315.261001446352,159.028942821074].
[467.11838344439,315.614299593753,158.216547044624].
[466.11799950576,316.093146158901,157.362914734753].
[465.396877626849,316.654240440852,156.570467150966].
[464.764851404263,317.137417575562,155.914138495126].
[464.178703332149,317.576090886171,155.335973036465].
[463.505314756805,318.111200861045,154.641628128388].
[462.708306529936,318.794587999026,153.682574514497].
[462.043401170255,319.610059347896,152.623775502287].
[461.492288742886,320.507096387366,151.535414431763].
[460.817248078383,321.475444471921,150.302177223307].
[459.975269836897,322.541841029937,148.885953323927].
[459.138627881877,323.746497840902,147.3515225479].
[458.233074486883,325.097227343433,145.680683916747].
[457.309890697088,326.34179117663,144.115492639496].
[456.610415941717,327.364500998615,142.84057871254].
[456.10724767394,328.248981596281,141.79382488598].
[455.664088089301,328.995816107942,140.945699011891].
[455.227687715523,329.562236547307,140.330967589035].
[454.817906278547,330.062156967475,139.872686341993].
[454.496409668138,330.583621145518,139.382009829561].
[454.268568743227,331.100630508609,138.878682102111].
[454.070540738153,331.537792671257,138.469736331379].
[453.927990452712,332.057822256976,137.995162649473].
[453.760781797673,332.670059192809,137.331193598683].
[453.423932787079,333.262820221914,136.655863037464].
[452.919745970663,333.929264293403,135.942811577673].
[452.354259972104,334.620750559391,135.097565095807].
[451.761477574175,335.143779533586,134.326940440096].
[451.020844201774,335.650066466043,133.535947181676].
[450.299481728883,336.20027727791,132.729578307737].
[449.750481329985,336.671079833338,132.008450323581].
[449.500448571784,337.001613145032,131.562858108155].
[449.449668405235,337.266073195109,131.317847384742].
[449.449668405235,337.404686286319,131.212030941568].
[449.448532476444,337.434862719057,131.180899182584].
[449.44230093779,337.430735555299,131.147192761781].
[449.428795417235,337.421790814993,131.091620268844].
[449.415276144217,337.394885613846,131.07393467271].
[449.409028136435,337.310295162024,131.138214108458].
[449.45579309824,337.163907285779,131.268589948429].
[449.670491195423,337.038231719887,131.394157430598].
[450.024468515027,336.982516972783,131.498825261792].
[450.287049433961,337.003069621826,131.588145590684].
[450.549550973672,336.971159597147,131.759481053186].
[450.904448512881,336.857706330901,132.022185653877].
[451.12500774845,336.783840424435,132.181524048643].
[451.229629082853,336.833129443784,132.18438877151].
[451.438975122358,337.11028572725,132.030686539431].
[451.768823693991,337.562581348162,131.75686956851].
[451.966363723616,337.836470328044,131.557149300715].
[452.010198949369,337.897583219987,131.492180853838].
[452.105827581268,337.892576470666,131.532208300432].
[452.53440537566,337.870137776953,131.743878838549].
[453.263462905466,337.833142625342,132.092864557122].
[453.814102300408,337.840925978497,132.274051072549].
[454.171709095322,337.971365046307,132.184661242305].
[454.430738022458,338.194677446037,131.959413088523].
[454.549267794305,338.330123263168,131.82279317721].
[454.570705597396,338.360345310036,131.79230915452].
[454.593165044654,338.391260517077,131.768756778619].
[454.693821303957,338.529812862579,131.663202352964].
[454.859775419698,338.758247061715,131.48917252617].
[454.98289196386,338.909752437201,131.383618100515].
[455.153799249388,338.998719097147,131.37205253504].
[455.533929727658,339.094429762346,131.425773692315].
[455.98769666134,339.152481215251,131.514344907].
[456.224327119646,339.165434245235,131.568066064275].
[456.319880045938,339.147479457092,131.615576039494].
[456.533948377889,339.067011679309,131.774779818891].
[456.886887390162,338.934342742473,132.037262476357].
[457.100955722113,338.85387496469,132.196466255754].
[457.148720823304,338.835920176547,132.231989420547].
[457.148720823304,338.835920176547,132.231989420547].
[457.148720823304,338.835920176547,132.231989420547].
[457.148720823304,338.835920176547,132.231989420547].
[457.148720823304,338.835920176547,132.231989420547].
[457.148720823304,338.835920176547,132.231989420547].
[457.126269437595,338.805019186961,132.255530150592].
[457.025649307649,338.666530559671,132.361032383145].
[456.859754759145,338.438201414109,132.534976158062].
[456.759134629198,338.299712786819,132.640478390615].
[456.736683243489,338.268811797233,132.66401912066].
[456.736683243489,338.268811797233,132.66401912066].
[456.759134629198,338.299712786819,132.640478390615].
[456.859754759145,338.438201414109,132.534976158062].
[457.025649307649,338.666530559671,132.361032383145].
[457.126269437595,338.805019186961,132.255530150593].
[457.195529143849,338.817973924176,132.261014101085].
[457.406243555374,338.73754440107,132.391093694621].
[457.756299086268,338.604938535534,132.605558687369].
[457.994500386779,338.554765176057,132.712122308356].
[458.141936598611,338.672417641526,132.635755711742].
[458.301876098974,338.895982131909,132.461994871355].
[458.398317765766,339.03158084975,132.356603594203].
[458.419836810322,339.061837013378,132.333087621654].
[458.419836810322,339.061837013378,132.333087621654].
[458.419836810322,339.061837013378,132.333087621654].
[458.444214230561,339.01301146938,132.385865598472].
[458.553466248413,338.794190562495,132.622400080334].
[458.733592374111,338.432781603633,133.012379511833].
[458.842844391962,338.211118072488,133.248913993694].
[458.867221812201,338.157605833411,133.301691970513].
[458.867221812201,338.154763209152,133.301691970513].
[458.867221812201,338.154128933946,133.301691970513].
[458.867221812201,338.154128933946,133.301691970513].
[458.867221812201,338.154128933946,133.301691970513].
[458.868135315708,338.154128933946,133.308059606107].
[458.872229354388,338.154128933946,133.336597368952].
[458.926700438006,338.136845922383,133.419260746238].
[459.144665855307,338.059388838362,133.607402932979].
[459.49819364994,337.93168369637,133.876913777148].
[459.712065028561,337.854226612349,134.036518201045].
[459.759786183524,337.836943600786,134.072130761709].
[459.759786183524,337.836943600786,134.072130761709].
[459.759786183524,337.836943600786,134.072130761709].
[459.759786183524,337.836943600786,134.072130761709].
[459.759786183524,337.836943600786,134.072130761709].
[459.759786183524,337.836943600786,134.072130761709].
[459.759786183524,337.836943600786,134.072130761709].
[459.759786183524,337.836943600786,134.072130761709].
[459.759786183524,337.819034900677,134.089386776093].
[459.807484468657,337.738773675134,134.185062346514].
[460.021253351812,337.606445285369,134.39475984904].
[460.373698656483,337.526184059825,134.607607381911].
[460.587467539638,337.508275359716,134.713116766769].
[460.613593904716,337.478012829164,134.758622122184].
[460.516915266377,337.342385576748,134.803411079875].
[460.364333776961,337.128334070287,134.830227637432].
[460.270028046204,336.996035691148,134.836638482206].
