[431.911868410364,228.864928724961,223.948064275465].
[431.911868410364,228.864928724961,223.948064275465].
[431.911868410364,228.864928724961,223.948064275465].
[431.911868410364,228.864928724961,223.948064275465].
[431.911868410364,228.864928724961,223.948064275465].
[431.911868410364,228.864928724961,223.948064275465].
[431.911868410364,228.864928724961,223.948064275465].
[431.911868410364,228.864928724961,223.948064275465].
[431.911868410364,228.864928724961,223.948064275465].
[431.934808708594,228.896281010123,223.928316357614].
[432.037619992445,229.036792203864,223.839812330019].
[432.207127142997,229.268455997756,223.69389385718].
[432.309938426848,229.408967191497,223.605389829585].
[432.332878725078,229.440319476659,223.585641911734].
[432.332878725078,229.440319476659,223.585641911734].
[432.332878725078,229.440319476659,223.585641911734].
[432.332878725078,229.440319476659,223.585641911734].
[432.309938426848,229.408967191497,223.605389829585].
[432.207127142997,229.268455997756,223.69389385718].
[432.037619992445,229.036792203864,223.839812330019].
[431.934808708594,228.896281010123,223.928316357614].
[431.911868410364,228.864928724961,223.948064275465].
[431.911868410364,228.864928724961,223.948064275465].
[431.911868410364,228.864928724961,223.948064275465].
[431.911868410364,228.864928724961,223.948064275465].
[431.911868410364,228.864928724961,223.948064275465].
[431.911868410364,228.864928724961,223.948064275465].
[431.911868410364,228.864928724961,223.948064275465].
[431.911868410364,228.864928724961,223.948064275465].
[431.911868410364,228.864928724961,223.948064275465].
[431.911868410364,228.864928724961,223.948064275465].
[431.911868410364,228.864928724961,223.948064275465].
[431.911868410364,228.864928724961,223.948064275465].
[431.911868410364,228.864928724961,223.948064275465].
[431.911868410364,228.864928724961,223.948064275465].
[431.911868410364,228.864928724961,223.948064275465].
[431.911868410364,228.864928724961,223.948064275465].
[431.911868410364,228.864928724961,223.948064275465].
[431.911868410364,228.864928724961,223.948064275465].
[431.911868410364,228.864928724961,223.948064275465].
[431.911868410364,228.864928724961,223.948064275465].
[431.911868410364,228.864928724961,223.948064275465].
[431.962632426631,228.853063690094,223.998767604733].
[432.190140963502,228.799888293007,224.226004161346].
[432.565239127507,228.712216884753,224.600653905715].
[432.740950451985,228.669719491543,224.771429487837].
[432.559575467596,228.705709949941,224.569092284832].
[432.176842959456,228.784610319609,224.151898976922].
[431.9447039588,228.832465812875,223.898858444648].
[431.893939942533,228.844330847743,223.84815511538].
[431.898570406318,228.849650751563,223.873959091041].
[431.906204750453,228.85842179015,223.916502654582].
[431.910835214238,228.86374169397,223.942306630243].
[431.911868410364,228.864928724961,223.948064275465].
[431.911868410364,228.864928724961,223.948064275465].
[431.911868410364,228.864928724961,223.948064275465].
[431.911868410364,228.864928724961,223.948064275465].
[431.911868410364,228.864928724961,223.948064275465].
[431.911868410364,228.864928724961,223.948064275465].
[431.911868410364,228.864928724961,223.948064275465].
[431.911868410364,228.864928724961,223.948064275465].
[431.911868410364,228.864928724961,223.948064275465].
[431.911868410364,228.864928724961,223.948064275465].
[431.911868410364,228.864928724961,223.948064275465].
[431.888926256482,228.833573903698,223.967813790734].
[431.786106656178,228.693051343941,224.056324977462].
[431.616585794112,228.461368810655,224.202255253715].
[431.513766193808,228.320846250897,224.290766440442].
[431.490824039926,228.289491429634,224.310515955712].
[431.490824039926,228.289491429634,224.310515955712].
[431.490824039926,228.289491429634,224.310515955712].
[431.490824039926,228.289491429634,224.310515955712].
[431.490824039926,228.289491429634,224.310515955712].
[431.513766193808,228.320846250897,224.290766440442].
[431.616585794112,228.461368810655,224.202255253715].
[431.786106656178,228.693051343941,224.056324977462].
[431.888926256482,228.833573903698,223.967813790734].
[431.911868410364,228.864928724961,223.948064275465].
[431.911868410364,228.864928724961,223.948064275465].
[431.911868410364,228.864928724961,223.948064275465].
[431.911868410364,228.864928724961,223.948064275465].
[431.911868410364,228.864928724961,223.948064275465].
[431.911868410364,228.864928724961,223.948064275465].
[431.911868410364,228.864928724961,223.948064275465].
[431.911868410364,228.864928724961,223.948064275465].
[431.911868410364,228.864928724961,223.948064275465].
[431.911868410364,228.864928724961,223.948064275465].
[431.911868410364,228.864928724961,223.948064275465].
[431.911868410364,228.864928724961,223.948064275465].
[431.911868410364,228.864928724961,223.948064275465].
[431.911868410364,228.864928724961,223.948064275465].
[431.911868410364,228.864928724961,223.948064275465].
[431.911868410364,228.864928724961,223.948064275465].
[431.911868410364,228.864928724961,223.948064275465].
[431.911868410364,228.864928724961,223.948064275465].
[431.911868410364,228.864928724961,223.948064275465].
[431.911868410364,228.864928724961,223.948064275465].
[431.911868410364,228.864928724961,223.948064275465].
[431.911868410364,228.864928724961,223.948064275465].
[431.911868410364,228.864928724961,223.948064275465].
[431.911868410364,228.864928724961,223.948064275465].
[431.911868410364,228.864928724961,223.948064275465].
[431.911868410364,228.864928724961,223.948064275465].
[431.911868410364,228.864928724961,223.948064275465].
[431.911868410364,228.864928724961,223.948064275465].
[431.911868410364,228.864928724961,223.948064275465].
[431.911868410364,228.864928724961,223.948064275465].
[431.911868410364,228.864928724961,223.948064275465].
[431.910835214238,228.86374169397,223.942306630243].
[431.906204750453,228.85842179015,223.916502654582].
[431.898570406318,228.849650751563,223.873959091041].
[431.893939942533,228.844330847743,223.84815511538].
[431.892906746407,228.843143816752,223.842397470158].
[431.892906746407,228.843143816752,223.842397470158].
[431.892906746407,228.843143816752,223.842397470158].
[431.892906746407,228.843143816752,223.842397470158].
[431.892906746407,228.843143816752,223.842397470158].
[431.892906746407,228.843143816752,223.842397470158].
[431.892906746407,228.843143816752,223.842397470158].
[431.892906746407,228.843143816752,223.842397470158].
[431.892906746407,228.843143816752,223.842397470158].
[431.892906746407,228.843143816752,223.842397470158].
[431.892906746407,228.843143816752,223.842397470158].
[431.892906746407,228.843143816752,223.842397470158].
[431.892906746407,228.843143816752,223.842397470158].
[431.892906746407,228.843143816752,223.842397470158].
[431.892906746407,228.843143816752,223.842397470158].
[431.892906746407,228.843143816752,223.842397470158].
[431.892906746407,228.843143816752,223.842397470158].
[431.892906746407,228.843143816752,223.842397470158].
[431.892906746407,228.843143816752,223.842397470158].
[431.892906746407,228.843143816752,223.842397470158].
[431.893939942533,228.844330847743,223.84815511538].
[431.898570406318,228.849650751563,223.873959091041].
[431.906204750453,228.85842179015,223.916502654582].
[431.910835214238,228.86374169397,223.942306630243].
[431.910835214238,228.86374169397,223.948064275465].
[431.906204750453,228.85842179015,223.948064275465].
[431.87561944263,228.818285330234,223.962021187274].
[431.768129895732,228.672395360454,224.024571726384].
[431.597510741392,228.439447471692,224.127700130708].
[431.49569366421,228.30007503679,224.196043273278].
[431.477412647117,228.274077025482,224.235960832705].
[431.4851120874,228.282926388554,224.278762704634].
[431.489782033995,228.288293798576,224.304723352251].
[431.490824039926,228.289491429634,224.310515955712].
[431.490824039926,228.289491429634,224.310515955712].
[431.490824039926,228.289491429634,224.310515955712].
[431.490824039926,228.289491429634,224.310515955712].
[431.490824039926,228.289491429634,224.310515955712].
[431.490824039926,228.289491429634,224.310515955712].
[431.490824039926,228.289491429634,224.310515955712].
[431.490824039926,228.289491429634,224.310515955712].
[431.513766193808,228.320846250897,224.290766440442].
[431.616585794112,228.461368810655,224.202255253715].
[431.786106656178,228.693051343941,224.056324977462].
[431.888926256482,228.833573903698,223.967813790734].
[431.888926256482,228.833573903698,223.967813790734].
[431.786106656178,228.693051343941,224.056324977462].
[431.616585794112,228.461368810655,224.202255253715].
[431.513766193808,228.320846250897,224.290766440442].
[431.490824039926,228.289491429634,224.310515955712].
[431.490824039926,228.289491429634,224.310515955712].
[431.490824039926,228.289491429634,224.310515955712].
[431.490824039926,228.289491429634,224.310515955712].
[431.490824039926,228.289491429634,224.310515955712].
[431.490824039926,228.289491429634,224.310515955712].
[431.490824039926,228.289491429634,224.310515955712].
[431.490824039926,228.289491429634,224.310515955712].
[431.542591086114,228.277644783532,224.36673182961].
[431.774594891214,228.224551799175,224.618673897241].
[432.105337453381,228.148862912644,224.977840269228].
[432.105337453381,228.148862912644,224.977840269228].
[431.774594891214,228.224551799175,224.618673897241].
[431.542591086114,228.277644783532,224.36673182961].
[431.490824039926,228.289491429634,224.310515955712].
[431.490824039926,228.289491429634,224.310515955712].
[431.490824039926,228.289491429634,224.310515955712].
[431.490824039926,228.289491429634,224.310515955712].
[431.490824039926,228.289491429634,224.310515955712].
[431.541595270108,228.289491429634,224.346991926303].
[431.793058209681,228.30898121603,224.510465885033].
[432.275420967141,228.396328378701,224.779988877995].
[432.679723367888,228.540339503732,224.943462836725].
[432.837705887508,228.627686666403,224.979938807316].
[432.86162795969,228.647176452799,224.979938807316].
[432.86162795969,228.635325688788,224.999678710623].
[432.912375346296,228.581120065958,225.119277395684].
[433.139809354198,228.48865031659,225.404654211539].
[433.514784640705,228.427453895361,225.723147894081].
[433.742218648606,228.410699342074,225.882405360319].
[433.792966035213,228.409605158787,225.913535936479].
[433.792966035213,228.409605158787,225.913535936479].
[433.792966035213,228.409605158787,225.913535936479].
[433.792966035213,228.409605158787,225.913535936479].
[433.770047096998,228.378276733998,225.93323125822].
[433.667331542099,228.237872475028,226.021499566401].
[433.497982221905,228.006384986767,226.167029403628].
[433.395266667006,227.865980727797,226.25529771181].
[433.372347728792,227.834652303007,226.27499303355].
[433.372347728792,227.834652303007,226.27499303355].
[433.372347728792,227.834652303007,226.27499303355].
[433.372347728792,227.834652303007,226.27499303355].
[433.372347728792,227.834652303007,226.27499303355].
[433.372347728792,227.834652303007,226.27499303355].
[433.372347728792,227.834652303007,226.27499303355].
[433.372347728792,227.834652303007,226.27499303355].
[433.372347728792,227.834652303007,226.27499303355].
[433.372347728792,227.834652303007,226.27499303355].
[433.372347728792,227.834652303007,226.27499303355].
[433.372347728792,227.834652303007,226.27499303355].
[433.372347728792,227.834652303007,226.27499303355].
[433.372347728792,227.834652303007,226.27499303355].
[433.372347728792,227.834652303007,226.27499303355].
[433.372347728792,227.834652303007,226.27499303355].
[433.372347728792,227.834652303007,226.27499303355].
[433.349426910938,227.803321308896,226.294689970553].
[433.24670293208,227.662905535022,226.382965517838].
[433.077339723127,227.431399061896,226.52850729033].
[432.974615744269,227.290983288023,226.616782837615].
[432.951694926415,227.259652293911,226.636479774618].
[432.951694926415,227.259652293911,226.636479774618].
[432.951694926415,227.259652293911,226.636479774618].
[432.951694926415,227.259652293911,226.636479774618].
[432.951694926415,227.259652293911,226.636479774618].
[432.951694926415,227.259652293911,226.636479774618].
[432.951694926415,227.259652293911,226.636479774618].
[432.951694926415,227.259652293911,226.636479774618].
[432.951694926415,227.259652293911,226.636479774618].
[432.951694926415,227.259652293911,226.636479774618].
[432.952653588562,227.260767235163,226.641837090669].
[432.956950014226,227.265764055185,226.665846915462].
[432.964033622608,227.274002418642,226.705432424303].
[432.968330048272,227.278999238665,226.729442249095].
[432.968330048272,227.280114179917,226.729442249095].
[432.964033622608,227.280114179917,226.705432424303].
[432.956950014226,227.280114179917,226.665846915462].
[432.953612250708,227.280114179917,226.64719440672].
[432.956950014226,227.280114179917,226.665846915462].
[432.964033622608,227.280114179917,226.705432424303].
[432.968330048272,227.280114179917,226.729442249095].
[432.969288710419,227.280114179917,226.734799565146].
[432.968330048272,227.278999238665,226.729442249095].
[432.964033622608,227.274002418642,226.705432424303].
[432.956950014226,227.265764055185,226.665846915462].
[432.952653588562,227.260767235163,226.641837090669].
[432.952653588562,227.260767235163,226.641837090669].
[432.956950014226,227.265764055185,226.665846915462].
[432.964033622608,227.274002418642,226.705432424303].
[432.968330048272,227.310319834327,226.709710354783].
[432.969288710419,227.451803946834,226.626635455758].
[432.992200941603,227.683233585232,226.480835381747].
[433.094886437677,227.823602756487,226.392403166671].
[433.264186199246,227.854923352149,226.372671272358].
[433.36687169532,227.854923352149,226.372671272358].
[433.389783926503,227.854923352149,226.372671272358].
[433.389783926503,227.854923352149,226.372671272358].
[433.389783926503,227.854923352149,226.372671272358].
[433.389783926503,227.854923352149,226.372671272358].
[433.389783926503,227.854923352149,226.372671272358].
[433.389783926503,227.854923352149,226.372671272358].
[433.389783926503,227.854923352149,226.372671272358].
[433.389783926503,227.854923352149,226.372671272358].
[433.389783926503,227.854923352149,226.372671272358].
[433.315151036808,227.835416783043,226.336264514896].
[432.98066963077,227.747994405479,226.173100747893].
[432.429203021983,227.603859272055,225.904089174627].
[432.094721615946,227.516436894492,225.740925407624].
[432.02008872625,227.496930325386,225.704518650162].
[432.02008872625,227.496930325386,225.704518650162].
[432.043016835901,227.528269291279,225.684777150981].
[432.145773494327,227.668720792199,225.596301889871].
[432.315190582779,227.900286169269,225.450430844947].
[432.46965202125,228.028905273402,225.418103840479].
[432.724304878512,228.007215115938,225.650001369412].
[433.106354398847,227.919784872293,226.064883987602].
[433.338079146458,227.866755748936,226.316523015716].
[433.389783926503,227.854923352149,226.372671272358].
[433.389783926503,227.854923352149,226.372671272358].
[433.389783926503,227.854923352149,226.372671272358].
[433.389783926503,227.854923352149,226.372671272358].
[433.389783926503,227.854923352149,226.372671272358].
[433.389783926503,227.854923352149,226.372671272358].
[433.389783926503,227.854923352149,226.372671272358].
[433.389783926503,227.854923352149,226.372671272358].
[433.389783926503,227.854923352149,226.372671272358].
[433.389783926503,227.854923352149,226.372671272358].
[433.389783926503,227.854923352149,226.372671272358].
[433.389783926503,227.854923352149,226.372671272358].
[433.389783926503,227.854923352149,226.372671272358].
[433.389783926503,227.854923352149,226.372671272358].
[433.389783926503,227.854923352149,226.372671272358].
[433.389783926503,227.854923352149,226.372671272358].
[433.389783926503,227.854923352149,226.372671272358].
[433.411752789241,227.885147234136,226.352940972184].
[433.510210401259,228.020601275702,226.264515901539].
[433.673481077826,228.245021418521,226.118727606703].
[433.776158277947,228.385379249362,226.030302536057].
[433.805084065344,228.423688113036,226.010572235883].
[433.757614749472,228.440442666323,225.954414376108].
[433.52103026339,228.50651332402,225.646506823877].
[433.112779747954,228.678606966361,224.959820184292].
[432.837734603892,228.991250757268,224.195716500243].
[432.759727395648,229.42844054136,223.703720567845].
[432.755869646877,229.814774590372,223.496447712647].
[432.764898720646,229.996991792126,223.438765340469].
[432.779785146623,230.045430681709,223.4303010196].
[432.788814220392,230.055795769198,223.4303010196].
[432.790828879068,230.058108532829,223.4303010196].
[432.790828879068,230.058108532829,223.4303010196].
[432.790828879068,230.058108532829,223.4303010196].
[432.790828879068,230.058108532829,223.4303010196].
[432.739138946021,230.07011615454,223.374456985573].
[432.50748073804,230.123930581522,223.124181388628].
[432.125540923008,230.212655571958,222.711546688409].
[431.893882715027,230.26646999894,222.461271091464].
[431.865127730935,230.297796423148,222.405427057437].
[432.019589311796,230.384377289151,222.441456919385].
[432.420644950919,230.527125004566,222.602931557885].
[432.905256346807,230.613705870569,222.869158229058].
[433.159779310433,230.633024673066,223.030632867557].
[433.211453581236,230.633024673066,223.066662729506].
[433.211453581236,230.633024673066,223.066662729506].
[433.211453581236,230.633024673066,223.066662729506].
[433.211453581236,230.633024673066,223.066662729506].
[433.211453581236,230.633024673066,223.066662729506].
[433.211453581236,230.633024673066,223.066662729506].
[433.211453581236,230.633024673066,223.066662729506].
[433.211453581236,230.633024673066,223.066662729506].
[433.188534294525,230.601698248858,223.086476901585].
[433.085817177776,230.461302955873,223.17527786003].
[432.916465282527,230.229830250022,223.321685889076].
[432.813748165778,230.089434957037,223.410486847521].
[432.790828879068,230.058108532829,223.4303010196].
[432.790828879068,230.058108532829,223.4303010196].
[432.790828879068,230.058108532829,223.4303010196].
[432.790828879068,230.058108532829,223.4303010196].
[432.790828879068,230.058108532829,223.4303010196].
[432.790828879068,230.058108532829,223.4303010196].
[432.790828879068,230.058108532829,223.4303010196].
[432.790828879068,230.058108532829,223.4303010196].
[432.790828879068,230.058108532829,223.4303010196].
[432.790828879068,230.058108532829,223.4303010196].
[432.790828879068,230.058108532829,223.4303010196].
[432.790828879068,230.058108532829,223.4303010196].
[432.790828879068,230.058108532829,223.4303010196].
[432.790828879068,230.058108532829,223.4303010196].
[432.790828879068,230.058108532829,223.4303010196].
[432.790828879068,230.058108532829,223.4303010196].
[432.790828879068,230.058108532829,223.4303010196].
[432.790828879068,230.058108532829,223.4303010196].
[432.688477975714,230.082138070416,223.324606483082].
[432.229773050812,230.189830986386,222.850916433975].
[431.473496484151,230.368624174192,222.063873564657].
[431.015876106407,230.483094403883,221.563024436598].
[430.964250120167,230.58446585583,221.384836650806].
[431.177813494606,230.88002422738,221.23346532688].
[431.521568086634,231.349932166326,221.022613946874].
[431.728202228444,231.632080181842,220.8984017019].
[431.774066542417,231.694761277177,220.870686203786].
[431.774066542417,231.694761277177,220.870686203786].
[431.774066542417,231.694761277177,220.870686203786].
[431.774066542417,231.694761277177,220.870686203786].
[431.774066542417,231.694761277177,220.870686203786].
[431.774066542417,231.694761277177,220.870686203786].
[431.774066542417,231.694761277177,220.870686203786].
[431.774066542417,231.694761277177,220.870686203786].
[431.774066542417,231.694761277177,220.870686203786].
[431.774066542417,231.694761277177,220.870686203786].
[431.774066542417,231.694761277177,220.870686203786].
[431.774066542417,231.694761277177,220.870686203786].
[431.774066542417,231.694761277177,220.870686203786].
[431.774066542417,231.694761277177,220.870686203786].
[431.774066542417,231.694761277177,220.870686203786].
[431.774066542417,231.694761277177,220.870686203786].
[431.774066542417,231.693551373855,220.870686203786].
[431.774066542417,231.686912426858,220.870686203786].
[431.82364674898,231.661633422697,220.914666238074].
[432.045849818838,231.598430603259,221.111771077054].
[432.412200746529,231.510153762736,221.436742017638].
[432.634403816388,231.45489576235,221.633846856618].
[432.683984022951,231.435352969708,221.677826890906].
[432.683984022951,231.430102858301,221.677826890906].
[432.683984022951,231.428931400102,221.677826890906].
[432.683984022951,231.428931400102,221.677826890906].
[432.683984022951,231.428931400102,221.677826890906].
[432.683984022951,231.428931400102,221.677826890906].
[432.683984022951,231.428931400102,221.677826890906].
[432.683984022951,231.428931400102,221.677826890906].
[432.683984022951,231.428931400102,221.677826890906].
[432.683984022951,231.428931400102,221.677826890906].
[432.683984022951,231.428931400102,221.677826890906].
[432.683984022951,231.428931400102,221.677826890906].
[432.735642633808,231.416887455889,221.733690111328].
[432.967160465474,231.36291024275,221.984051695725].
[433.348868839089,231.273916863313,222.396828165286].
[433.580386670755,231.219939650173,222.647189749683].
[433.632045281612,231.207895705961,222.703052970105].
[433.632045281612,231.207895705961,222.703052970105].
[433.580386670755,231.219939650173,222.647189749683].
[433.348868839089,231.273916863313,222.396828165286].
[432.967160465474,231.36291024275,221.984051695725].
[432.735642633808,231.416887455889,221.733690111328].
[432.683984022951,231.428931400102,221.677826890906].
[432.683984022951,231.428931400102,221.677826890906].
[432.683984022951,231.428931400102,221.677826890906].
[432.683984022951,231.428931400102,221.677826890906].
[432.683984022951,231.428931400102,221.677826890906].
[432.683984022951,231.428931400102,221.677826890906].
[432.683984022951,231.428931400102,221.677826890906].
[432.683984022951,231.428931400102,221.677826890906].
[432.683984022951,231.428931400102,221.677826890906].
[432.683984022951,231.428931400102,221.677826890906].
[432.683984022951,231.428931400102,221.677826890906].
[432.683984022951,231.428931400102,221.677826890906].
[432.683984022951,231.428931400102,221.677826890906].
[432.683984022951,231.428931400102,221.677826890906].
[432.683984022951,231.428931400102,221.677826890906].
[432.683984022951,231.428931400102,221.677826890906].
[432.683984022951,231.428931400102,221.677826890906].
[432.683984022951,231.428931400102,221.677826890906].
[432.683984022951,231.428931400102,221.677826890906].
[432.683984022951,231.428931400102,221.677826890906].
[432.683984022951,231.428931400102,221.677826890906].
[432.683984022951,231.428931400102,221.677826890906].
[432.683984022951,231.428931400102,221.677826890906].
[432.683984022951,231.428931400102,221.677826890906].
[432.683984022951,231.428931400102,221.677826890906].
[432.683984022951,231.428931400102,221.677826890906].
[432.683984022951,231.428931400102,221.677826890906].
[432.683984022951,231.428931400102,221.677826890906].
[432.735642633808,231.416887455889,221.733690111328].
[432.967160465474,231.36291024275,221.984051695725].
[433.348868839089,231.273916863313,222.396828165286].
[433.580386670755,231.219939650173,222.647189749683].
[433.632045281612,231.207895705961,222.703052970105].
[433.632045281612,231.207895705961,222.703052970105].
[433.632045281612,231.207895705961,222.703052970105].
[433.632045281612,231.207895705961,222.703052970105].
[433.580386670755,231.219939650173,222.647189749683].
[433.348868839089,231.273916863313,222.396828165286].
[432.967160465474,231.36291024275,221.984051695725].
[432.735642633808,231.416887455889,221.733690111328].
[432.683984022951,231.428931400102,221.677826890906].
[432.683984022951,231.428931400102,221.677826890906].
[432.683984022951,231.428931400102,221.677826890906].
[432.683984022951,231.428931400102,221.677826890906].
[432.735642633808,231.416887455889,221.733690111328].
[432.967160465474,231.36291024275,221.984051695725].
[433.348868839089,231.273916863313,222.396828165286].
[433.580386670755,231.219939650173,222.647189749683].
[433.632045281612,231.207895705961,222.703052970105].
[433.632045281612,231.207895705961,222.703052970105].
[433.632045281612,231.207895705961,222.703052970105].
[433.632045281612,231.207895705961,222.703052970105].
[433.632045281612,231.207895705961,222.703052970105].
[433.632045281612,231.207895705961,222.703052970105].
[433.632045281612,231.207895705961,222.703052970105].
[433.632045281612,231.207895705961,222.703052970105].
[433.632045281612,231.207895705961,222.703052970105].
[433.632045281612,231.207895705961,222.703052970105].
[433.632045281612,231.207895705961,222.703052970105].
[433.632045281612,231.207895705961,222.703052970105].
[433.632045281612,231.207895705961,222.703052970105].
[433.632045281612,231.207895705961,222.703052970105].
[433.632045281612,231.207895705961,222.703052970105].
[433.632045281612,231.207895705961,222.703052970105].
[433.632045281612,231.207895705961,222.703052970105].
[433.632045281612,231.207895705961,222.703052970105].
[433.632045281612,231.207895705961,222.703052970105].
[433.632045281612,231.207895705961,222.703052970105].
[433.632045281612,231.207895705961,222.703052970105].
[433.632045281612,231.207895705961,222.703052970105].
[433.632045281612,231.207895705961,222.703052970105].
[433.580386670755,231.219939650173,222.647189749683].
[433.348868839089,231.273916863313,222.396828165286].
[432.967160465474,231.36291024275,221.984051695725].
[432.735642633808,231.416887455889,221.733690111328].
[432.685011218247,231.430102858301,221.683585112262].
[432.689614788178,231.435352969708,221.709391669976].
[432.697204791844,231.444008940058,221.751939490602].
[432.701808361775,231.449259051465,221.777746048316].
[432.703857159216,231.45159558919,221.789231137102].
[432.708435662381,231.456817113367,221.814897176272].
[432.715984337937,231.465425951343,221.857213320986].
[432.719541238958,231.469482395994,221.877152492725].
[432.714957142641,231.464254493144,221.85145509963].
[432.702804897154,231.450395543761,221.783332397202].
[432.690636390322,231.436518049234,221.715118537406].
[432.736669829104,231.418058914088,221.739448332683].
[432.967160465474,231.36291024275,221.984051695725].
[433.348868839089,231.273916863313,222.396828165286].
[433.580386670755,231.219939650173,222.647189749683].
[433.632045281612,231.207895705961,222.703052970105].
[433.632045281612,231.207895705961,222.703052970105].
[433.632045281612,231.207895705961,222.703052970105].
[433.632045281612,231.207895705961,222.703052970105].
[433.632045281612,231.207895705961,222.703052970105].
[433.632045281612,231.207895705961,222.703052970105].
[433.632045281612,231.207895705961,222.703052970105].
[433.632045281612,231.207895705961,222.703052970105].
[433.632045281612,231.207895705961,222.703052970105].
[433.632045281612,231.207895705961,222.703052970105].
[433.632045281612,231.207895705961,222.703052970105].
[433.632045281612,231.207895705961,222.703052970105].
[433.632045281612,231.207895705961,222.703052970105].
[433.632045281612,231.207895705961,222.703052970105].
[433.632045281612,231.207895705961,222.703052970105].
[433.632045281612,231.207895705961,222.703052970105].
[433.632045281612,231.207895705961,222.703052970105].
[433.632045281612,231.207895705961,222.703052970105].
[433.632045281612,231.207895705961,222.703052970105].
[433.632045281612,231.207895705961,222.703052970105].
[433.632045281612,231.207895705961,222.703052970105].
[433.632045281612,231.207895705961,222.703052970105].
[433.632045281612,231.207895705961,222.703052970105].
[433.632045281612,231.207895705961,222.703052970105].
[433.632045281612,231.207895705961,222.703052970105].
[433.632045281612,231.207895705961,222.703052970105].
[433.632045281612,231.207895705961,222.703052970105].
[433.632045281612,231.207895705961,222.703052970105].
[433.632045281612,231.207895705961,222.703052970105].
[433.632045281612,231.207895705961,222.703052970105].
[433.632045281612,231.207895705961,222.703052970105].
[433.632045281612,231.207895705961,222.703052970105].
[433.632045281612,231.207895705961,222.703052970105].
[433.632045281612,231.207895705961,222.703052970105].
[433.632045281612,231.207895705961,222.703052970105].
[433.632045281612,231.207895705961,222.703052970105].
[433.632045281612,231.207895705961,222.703052970105].
[433.632045281612,231.207895705961,222.703052970105].
[433.632045281612,231.207895705961,222.703052970105].
[433.632045281612,231.207895705961,222.703052970105].
[433.632045281612,231.207895705961,222.703052970105].
[433.632045281612,231.207895705961,222.703052970105].
[433.586208506416,231.145245315385,222.742679759663].
[433.380782332,230.864465744688,222.920274709319].
[433.042091828681,230.401538494102,223.213079280386].
[432.836665654264,230.120758923405,223.390674230042].
[432.790828879068,230.058108532829,223.4303010196].
[432.790828879068,230.058108532829,223.4303010196].
[432.836665654264,230.120758923405,223.390674230042].
[433.042091828681,230.401538494102,223.213079280386].
[433.380782332,230.864465744688,222.920274709319].
[433.586208506416,231.145245315385,222.742679759663].
[433.632045281612,231.207895705961,222.703052970105].
[433.632045281612,231.207895705961,222.703052970105].
[433.632045281612,231.207895705961,222.703052970105].
[433.632045281612,231.207895705961,222.703052970105].
[433.632045281612,231.207895705961,222.703052970105].
[433.632045281612,231.207895705961,222.703052970105].
[433.632045281612,231.207895705961,222.703052970105].
[433.632045281612,231.207895705961,222.703052970105].
[433.632045281612,231.207895705961,222.703052970105].
[433.632045281612,231.207895705961,222.703052970105].
[433.609127793126,231.176571739593,222.722865587584].
[433.506418735459,231.036187461881,222.811659578795].
[433.337080127389,230.804732917146,222.958056120815].
[433.234371069722,230.664348639434,223.046850112026].
[433.211453581236,230.633024673066,223.066662729506].
[433.211453581236,230.633024673066,223.066662729506].
[433.211453581236,230.633024673066,223.066662729506].
[433.211453581236,230.633024673066,223.066662729506].
[433.211453581236,230.633024673066,223.066662729506].
[433.211453581236,230.633024673066,223.066662729506].
[433.211453581236,230.633024673066,223.066662729506].
[433.211453581236,230.633024673066,223.066662729506].
[433.211453581236,230.633024673066,223.066662729506].
[433.26306644978,230.62101317837,223.122449989166].
[433.494379278627,230.567181393872,223.372471141049].
[433.875749659731,230.47842778573,223.784686332284].
[434.107062488578,230.424596001232,224.034707484167].
[434.158675357123,230.412584506536,224.090494743827].
[434.158675357123,230.412584506536,224.090494743827].
[434.158675357123,230.412584506536,224.090494743827].
[434.158675357123,230.412584506536,224.090494743827].
[434.158675357123,230.412584506536,224.090494743827].
[434.084143201868,230.393269577024,224.054521656246].
[433.750113256272,230.306706068537,223.893301462808].
[433.199390979918,230.163986970828,223.62749430062].
[432.865361034323,230.077423462341,223.466274107181].
[432.813748165778,230.089434957037,223.410486847521].
[432.916465282527,230.229830250022,223.321685889076].
[433.085817177776,230.461302955873,223.17527786003].
[433.188534294525,230.601698248858,223.086476901585].
[433.211453581236,230.633024673066,223.066662729506].
[433.211453581236,230.633024673066,223.066662729506].
[433.211453581236,230.633024673066,223.066662729506].
[433.211453581236,230.633024673066,223.066662729506].
[433.211453581236,230.633024673066,223.066662729506].
[433.211453581236,230.633024673066,223.066662729506].
[433.211453581236,230.633024673066,223.066662729506].
[433.211453581236,230.633024673066,223.066662729506].
[433.211453581236,230.633024673066,223.066662729506].
[433.211453581236,230.633024673066,223.066662729506].
[433.211453581236,230.633024673066,223.066662729506].
[433.211453581236,230.633024673066,223.066662729506].
[433.211453581236,230.633024673066,223.066662729506].
[433.211453581236,230.633024673066,223.066662729506].
[433.211453581236,230.633024673066,223.066662729506].
[433.211453581236,230.633024673066,223.066662729506].
[433.211453581236,230.633024673066,223.066662729506].
[433.211453581236,230.633024673066,223.066662729506].
[433.211453581236,230.633024673066,223.066662729506].
[433.211453581236,230.633024673066,223.066662729506].
[433.211453581236,230.633024673066,223.066662729506].
[433.211453581236,230.633024673066,223.066662729506].
[433.211453581236,230.633024673066,223.066662729506].
[433.211453581236,230.633024673066,223.066662729506].
[433.211453581236,230.633024673066,223.066662729506].
[433.211453581236,230.633024673066,223.066662729506].
[433.26306644978,230.62101317837,223.122449989166].
[433.494379278627,230.567181393872,223.372471141049].
[433.875749659731,230.47842778573,223.784686332284].
[434.107062488578,230.424596001232,224.034707484167].
[434.158675357123,230.412584506536,224.090494743827].
[434.158675357123,230.412584506536,224.090494743827].
[434.158675357123,230.412584506536,224.090494743827].
[434.158675357123,230.412584506536,224.090494743827].
[434.158675357123,230.412584506536,224.090494743827].
[434.158675357123,230.412584506536,224.090494743827].
[434.158675357123,230.412584506536,224.090494743827].
[434.158675357123,230.412584506536,224.090494743827].
[434.158675357123,230.412584506536,224.090494743827].
[434.158675357123,230.412584506536,224.090494743827].
[434.158675357123,230.412584506536,224.090494743827].
[434.158675357123,230.412584506536,224.090494743827].
[434.158675357123,230.412584506536,224.090494743827].
[434.158675357123,230.412584506536,224.090494743827].
[434.158675357123,230.412584506536,224.090494743827].
[434.158675357123,230.412584506536,224.090494743827].
[434.158675357123,230.412584506536,224.090494743827].
[434.158675357123,230.412584506536,224.090494743827].
[434.158675357123,230.412584506536,224.090494743827].
[434.158675357123,230.412584506536,224.090494743827].
[434.158675357123,230.412584506536,224.090494743827].
[434.158675357123,230.412584506536,224.090494743827].
[434.158675357123,230.412584506536,224.090494743827].
[434.158675357123,230.412584506536,224.090494743827].
[434.158675357123,230.412584506536,224.090494743827].
[434.158675357123,230.412584506536,224.090494743827].
[434.158675357123,230.412584506536,224.090494743827].
[434.158675357123,230.412584506536,224.090494743827].
[434.158675357123,230.412584506536,224.090494743827].
[434.158675357123,230.412584506536,224.090494743827].
[434.158675357123,230.412584506536,224.090494743827].
[434.158675357123,230.412584506536,224.090494743827].
[434.158675357123,230.412584506536,224.090494743827].
[434.158675357123,230.412584506536,224.090494743827].
